Acquisition date and time: 00-00-   0 (00:00:00)
Live Time:,        0
Real Time:,        0
 
Photopeaks:,    22
  11,      1.041,        865,         78,       1.82
  12,      1.254,        337,         74,       0.94
  13,      1.487,       3083,        100,       2.38
  14,      1.740,      14752,        153,       3.20
  16,      2.307,      28275,        197,       2.81
  17,      2.622,      92656,        362,       5.59
  19,      3.313,      76124,        293,       3.57
  20,      3.691,      83612,        309,       4.54
  22,      4.509,       9554,        158,       0.84
  23,      4.950,        656,        162,       1.52
  24,      5.412,       1245,        167,       1.92
  25,      5.895,       2283,        204,       1.79
  26,      6.399,     169269,        552,       7.59
  28,      7.472,       1890,        394,       1.81
  29,      8.041,       7682,        433,       2.17
  30,      8.631,      11858,        409,       1.12
  35,     11.908,       5709,        394,       2.77
  37,     13.375,       1186,        378,       2.68
  38,     14.142,       2743,        367,       1.35
  40,     15.746,        982,        350,       0.76
  45,      2.696,        778,        159,       3.85
  82,     10.542,       1810,        383,       2.52
Incoherent scattering peaks:,     3
  26,      6.320,       6540,        522,       6.56
  26,      6.963,       8967,        383,       2.38
  29,      7.917,       8045,        453,       2.35
