Acquisition date and time: 00-00-   0 (00:00:00)
Live Time:,        0
Real Time:,        0
 
Photopeaks:,    22
  11,      1.041,        762,         96,       1.68
  12,      1.254,        217,         96,       1.38
  13,      1.487,       7527,        151,       3.69
  14,      1.740,      26622,        210,       8.78
  16,      2.307,      95907,        343,       6.96
  17,      2.622,      86996,        333,       7.57
  19,      3.313,     560629,        747,      24.79
  20,      3.691,      63364,        333,       7.55
  22,      4.509,      11161,        244,       1.86
  23,      4.950,        931,        199,       1.92
  24,      5.412,       1602,        214,       1.59
  25,      5.895,       4528,        260,       2.10
  26,      6.399,     218134,        642,       8.67
  28,      7.472,       4541,        500,       4.59
  29,      8.041,      16825,        539,       2.43
  30,      8.631,      56790,        565,       2.44
  35,     11.908,      70861,        584,       3.96
  37,     13.375,       2100,        612,       2.37
  38,     14.142,       2185,        486,       2.04
  56,      4.464,       1012,        296,       2.60
  72,      7.893,       2296,        516,       7.05
  82,     10.542,      19481,        525,       4.17
Incoherent scattering peaks:,     2
  26,      6.320,       7760,        629,       8.44
  26,      6.963,      14254,        478,       1.92
