Acquisition date and time: 00-00-   0 (00:00:00)
Live Time:,        0
Real Time:,        0
 
Photopeaks:,    23
  11,      1.041,        869,         87,       1.90
  12,      1.254,        489,         89,       3.17
  13,      1.487,      14271,        162,       4.31
  14,      1.740,      73774,        298,      13.03
  16,      2.307,      48991,        254,       3.70
  17,      2.622,      91894,        322,       7.47
  19,      3.313,     139845,        393,       8.21
  20,      3.691,     175958,        437,       7.44
  22,      4.509,      38619,        295,       2.23
  23,      4.950,       1161,        196,       1.54
  24,      5.412,       1580,        196,       1.03
  25,      5.895,       8523,        247,       3.35
  26,      6.399,     796851,        988,      21.66
  28,      7.472,       2302,        432,       2.29
  29,      8.041,      10835,        458,       2.44
  30,      8.631,      13879,        446,       2.59
  34,     11.208,       1601,        430,       1.41
  35,     11.908,       5865,        428,       1.14
  38,     14.142,       3062,        410,       1.11
  40,     15.746,       2505,        385,       0.94
  56,      4.464,       2230,        273,       2.48
  72,      7.893,       1364,        441,       3.77
  82,     10.542,       2493,        420,       1.23
Incoherent scattering peaks:,     2
  26,      6.320,      10862,        661,      18.51
  26,      6.963,      11919,        486,       9.69
