Acquisition date and time: 00-00-   0 (00:00:00)
Live Time:,        0
Real Time:,        0
 
Photopeaks:,    22
  11,      1.041,        112,         71,       1.08
  12,      1.254,        199,         75,       0.67
  13,      1.487,       6654,        117,       1.77
  14,      1.740,      24863,        181,       4.51
  16,      2.307,       4387,        105,       1.16
  17,      2.622,       5834,        113,       2.76
  19,      3.313,      24015,        184,       3.97
  20,      3.691,      74016,        289,       3.49
  22,      4.509,      13668,        223,       2.43
  23,      4.950,        372,        177,       0.59
  24,      5.412,        787,        188,       1.15
  25,      5.895,       3290,        232,       2.13
  26,      6.399,     250329,        653,      11.30
  28,      7.472,       3967,        442,       3.74
  29,      8.041,       9458,        457,       2.33
  30,      8.631,       6119,        450,       1.83
  35,     11.908,       1914,        438,       2.10
  38,     14.142,       2028,        417,       1.61
  40,     15.746,       1029,        397,       1.32
  56,      4.464,        805,        251,       1.96
  72,      7.893,       2384,        441,       4.94
  82,     10.542,       1282,        435,       1.40
Incoherent scattering peaks:,     2
  26,      6.320,       7779,        596,      11.26
  26,      6.963,      13330,        439,       2.88
