Acquisition date and time: 00-00-   0 (00:00:00)
Live Time:,        0
Real Time:,        0
 
Photopeaks:,    22
  11,      1.041,        430,         75,       1.59
  12,      1.254,        250,         80,       2.87
  13,      1.487,      11679,        143,       2.70
  14,      1.740,      74611,        293,      14.63
  16,      2.307,      28747,        199,       1.69
  17,      2.622,      64678,        308,       4.81
  19,      3.313,      83192,        310,       6.52
  20,      3.691,     166480,        417,       7.19
  22,      4.509,      31936,        222,       2.72
  23,      4.950,        801,        180,       1.05
  24,      5.412,       2438,        180,       2.12
  25,      5.895,       6825,        221,       2.18
  26,      6.399,     891323,       1008,      24.23
  28,      7.472,        648,        380,       1.42
  29,      8.041,       8753,        424,       1.94
  30,      8.631,      15146,        392,       2.76
  35,     11.908,       3265,        369,       1.33
  37,     13.375,       1143,        356,       1.93
  38,     14.142,       2600,        347,       1.69
  40,     15.746,       2806,        333,       1.60
  45,      2.696,        509,        144,       3.14
  82,     10.542,       2250,        363,       1.53
Incoherent scattering peaks:,     3
  26,      6.320,       9447,        603,      21.15
  26,      6.963,       9845,        446,      11.62
  29,      7.917,       5133,        434,       1.64
