Acquisition date and time: 00-00-   0 (00:00:00)
Live Time:,        0
Real Time:,        0
 
Photopeaks:,    22
  11,      1.041,        122,         60,       1.43
  12,      1.254,         91,         60,       0.89
  13,      1.487,       1039,         73,       0.51
  14,      1.740,       4058,         93,       1.07
  16,      2.307,       5398,        102,       1.36
  17,      2.622,      16507,        171,       1.74
  19,      3.313,      42914,        221,       4.68
  20,      3.691,      27799,        194,       2.19
  22,      4.509,       1477,        117,       1.26
  23,      4.950,        176,        141,       1.26
  24,      5.412,        800,        153,       0.98
  25,      5.895,        892,        183,       1.54
  26,      6.399,      27347,        338,       2.74
  28,      7.472,       1690,        364,       1.85
  29,      8.041,       5586,        402,       2.04
  30,      8.631,       3864,        371,       1.81
  35,     11.908,       2080,        363,       1.70
  37,     13.375,        987,        354,       1.68
  38,     14.142,        918,        344,       1.23
  40,     15.746,        182,        327,       1.30
  45,      2.696,        553,         96,       1.88
  82,     10.542,       1127,        357,       1.39
Incoherent scattering peaks:,     3
  26,      6.320,       5564,        425,       2.63
  26,      6.963,       8400,        327,       1.68
  29,      7.917,       8348,        423,       1.43
