Acquisition date and time: 00-00-   0 (00:00:00)
Live Time:,        0
Real Time:,        0
 
Photopeaks:,    25
  11,      1.041,        329,         89,       2.15
  12,      1.254,       2104,        114,       3.37
  13,      1.487,      54341,        275,       9.13
  14,      1.740,     237077,        512,      39.75
  16,      2.307,      56201,        279,       3.59
  17,      2.622,      60092,        293,      11.99
  19,      3.313,     581409,        776,      36.40
  20,      3.691,     473307,        709,      14.22
  22,      4.509,     113788,        428,       4.16
  23,      4.950,       2907,        240,       3.65
  24,      5.412,       3062,        205,       1.68
  25,      5.895,      26989,        290,       2.42
  26,      6.399,    1874434,       1407,      42.20
  28,      7.472,       1143,        416,       2.98
  29,      8.041,      19227,        440,       2.66
  30,      8.631,      41641,        462,       2.62
  35,     11.908,      52283,        471,       3.31
  37,     13.375,       3359,        500,       1.13
  38,     14.142,      10632,        391,       1.51
  39,     14.932,        728,        377,       1.55
  40,     15.746,       4706,        369,       1.34
  41,     16.583,        879,        351,       1.15
  56,      4.464,       3863,        304,       4.39
  72,      7.893,        845,        413,       2.77
  82,     10.542,       7631,        414,       2.35
Incoherent scattering peaks:,     2
  26,      6.320,      19138,        727,      34.42
  26,      6.963,      13679,        530,      29.46
