Acquisition date and time: 00-00-   0 (00:00:00)
Live Time:,        0
Real Time:,        0
 
Photopeaks:,    22
  11,      1.041,        448,         72,       0.61
  12,      1.254,        318,         75,       1.58
  13,      1.487,       7247,        125,       2.53
  14,      1.740,      34174,        212,      10.34
  16,      2.307,      61774,        270,       5.08
  17,      2.622,      36291,        218,       4.79
  19,      3.313,     144614,        391,       9.40
  20,      3.691,      75376,        303,       5.91
  22,      4.509,      17158,        220,       1.32
  23,      4.950,        798,        161,       1.47
  24,      5.412,       1406,        166,       1.47
  25,      5.895,       4795,        204,       2.03
  26,      6.399,     324390,        674,       8.71
  28,      7.472,       2003,        373,       1.98
  29,      8.041,      10463,        401,       1.54
  30,      8.631,      19297,        400,       1.63
  35,     11.908,      10226,        383,       2.78
  38,     14.142,       2125,        357,       2.06
  40,     15.746,       1240,        335,       1.23
  56,      4.464,        894,        229,       1.87
  72,      7.893,       1303,        378,       3.72
  82,     10.542,       4695,        369,       1.31
Incoherent scattering peaks:,     2
  26,      6.320,       5171,        528,       7.29
  26,      6.963,       8918,        390,       4.81
