Acquisition date and time: 00-00-   0 (00:00:00)
Live Time:,        0
Real Time:,        0
 
Photopeaks:,    22
  11,      1.041,         87,         61,       0.97
  12,      1.254,         79,         61,       1.23
  13,      1.487,        346,         66,       0.52
  14,      1.740,        573,         68,       1.22
  16,      2.307,       4694,         98,       2.14
  17,      2.622,      13931,        139,       2.46
  19,      3.313,      46691,        228,       3.31
  20,      3.691,       6058,        124,       2.11
  22,      4.509,        154,        148,       3.49
  23,      4.950,        395,        144,       1.05
  24,      5.412,       1132,        163,       1.66
  25,      5.895,        696,        189,       1.19
  26,      6.399,       6281,        282,       1.60
  28,      7.472,       3478,        386,       2.92
  29,      8.041,       8550,        408,       1.16
  30,      8.631,      10605,        407,       1.46
  35,     11.908,       3036,        392,       1.38
  38,     14.142,        487,        375,       1.65
  40,     15.746,        418,        355,       1.48
  56,      4.464,        513,        203,       2.79
  72,      7.893,       1878,        390,       5.91
  82,     10.542,       1027,        387,       1.06
Incoherent scattering peaks:,     2
  26,      6.320,       4404,        402,       1.73
  26,      6.963,       9980,        330,       2.18
