Acquisition date and time: 00-00-   0 (00:00:00)
Live Time:,        0
Real Time:,        0
 
Photopeaks:,    24
  11,      1.041,        414,         77,       1.46
  12,      1.254,        724,         89,       2.60
  13,      1.487,      18917,        177,       4.61
  14,      1.740,     111844,        357,      21.45
  16,      2.307,      50159,        251,       4.23
  17,      2.622,       8626,        150,       7.95
  19,      3.313,     234542,        496,      11.62
  20,      3.691,     120420,        381,       6.84
  22,      4.509,      36782,        285,       3.13
  23,      4.950,       1473,        190,       1.62
  24,      5.412,       1785,        183,       1.33
  25,      5.895,      11098,        242,       2.00
  26,      6.399,     658003,        905,      15.90
  28,      7.472,       2549,        409,       1.55
  29,      8.041,      11548,        423,       2.62
  30,      8.631,      27558,        440,       2.54
  34,     11.208,       1542,        408,       2.61
  35,     11.908,      15031,        420,       2.20
  38,     14.142,       2968,        383,       2.05
  40,     15.746,       2492,        366,       1.89
  41,     16.583,        781,        357,       0.90
  56,      4.464,       1457,        263,       3.43
  72,      7.893,       1465,        406,       3.74
  82,     10.542,       4760,        400,       2.28
Incoherent scattering peaks:,     2
  26,      6.320,      10074,        622,      13.04
  26,      6.963,      10217,        456,       7.05
