Acquisition date and time: 00-00-   0 (00:00:00)
Live Time:,        0
Real Time:,        0
 
Photopeaks:,    22
  11,      1.041,       1094,         97,       2.14
  12,      1.254,        399,         95,       1.56
  13,      1.487,       6751,        137,       3.37
  14,      1.740,      34958,        224,       4.83
  16,      2.307,      44313,        250,       7.05
  17,      2.622,     169615,        487,      13.46
  19,      3.313,     123646,        376,       7.57
  20,      3.691,     185987,        450,       7.16
  22,      4.509,      23033,        218,       2.43
  23,      4.950,        828,        206,       2.56
  24,      5.412,       1624,        210,       1.55
  25,      5.895,       5485,        260,       2.25
  26,      6.399,     444735,        818,      13.76
  28,      7.472,       2748,        493,       2.41
  29,      8.041,      16149,        560,       2.32
  30,      8.631,      25003,        519,       2.48
  35,     11.908,      12381,        502,       1.94
  37,     13.375,       1532,        476,       2.21
  38,     14.142,       3721,        462,       1.99
  40,     15.746,       1153,        441,       1.30
  45,      2.696,       1268,        211,       9.32
  82,     10.542,       5092,        485,       1.92
Incoherent scattering peaks:,     3
  26,      6.320,      10402,        684,      12.78
  26,      6.963,      15417,        502,       4.01
  29,      7.917,      10051,        569,       1.67
