Acquisition date and time: 00-00-   0 (00:00:00)
Live Time:,        0
Real Time:,        0
 
Photopeaks:,    15
  11,      1.041,        458,         67,       1.41
  12,      1.254,        256,         66,       1.70
  13,      1.487,       2386,         87,       1.45
  14,      1.740,      11908,        133,       2.10
  15,      2.013,        168,         79,       1.33
  16,      2.307,      27704,        241,       1.10
  17,      2.622,      19467,        185,       2.49
  19,      3.313,      59841,        258,       4.45
  20,      3.691,      29156,        203,       2.74
  22,      4.509,       4315,        173,       1.48
  23,      4.950,        397,        148,       1.04
  24,      5.412,        888,        161,       1.29
  25,      5.895,       2295,        192,       1.22
  45,      2.696,        402,        102,       2.07
  56,      4.464,        927,        211,       1.84
Incoherent scattering peaks:,     1
  16,      2.297,       1769,        252,       1.36
