Acquisition date and time: 00-00-   0 (00:00:00)
Live Time:,        0
Real Time:,        0
 
Photopeaks:,    14
  11,      1.041,       1271,        102,       3.52
  12,      1.254,       1173,        108,       3.67
  13,      1.487,      31940,        216,       4.42
  14,      1.740,     183251,        449,      13.71
  15,      2.013,       1756,        148,       4.43
  16,      2.307,      51416,        350,       5.01
  17,      2.622,     206053,        623,      11.80
  19,      3.313,     155185,        488,      10.25
  20,      3.691,     647134,        971,      19.53
  22,      4.509,      86257,        400,       4.42
  23,      4.950,       1543,        234,       2.96
  24,      5.412,       3726,        214,       2.79
  25,      5.895,      20023,        288,      17.09
  56,      4.464,       5431,        311,       4.14
Incoherent scattering peaks:,     4
  16,      2.297,       4655,        417,       5.28
  17,      2.609,       5894,        631,      10.46
  19,      3.292,       4100,        407,      10.17
  20,      3.665,      14384,        822,      19.54
