Acquisition date and time: 00-00-   0 (00:00:00)
Live Time:,        0
Real Time:,        0
 
Photopeaks:,    15
  11,      1.041,        718,         75,       1.22
  12,      1.254,        221,         73,       2.26
  13,      1.487,       4597,        107,       1.71
  14,      1.740,      17871,        159,       2.87
  15,      2.013,        485,         95,       1.28
  16,      2.307,      42829,        300,       2.79
  17,      2.622,      52046,        283,       3.57
  19,      3.313,     138983,        441,       4.98
  20,      3.691,      55318,        267,       2.01
  22,      4.509,       8881,        190,       0.90
  23,      4.950,        395,        148,       0.87
  24,      5.412,        913,        155,       2.20
  25,      5.895,       3590,        192,       2.24
  45,      2.696,        672,        137,       2.73
  56,      4.464,        953,        214,       0.94
Incoherent scattering peaks:,     2
  16,      2.297,       3401,        316,       2.76
  19,      3.292,        505,        336,       4.86
