Acquisition date and time: 00-00-   0 (00:00:00)
Live Time:,        0
Real Time:,        0
 
Photopeaks:,    15
  11,      1.041,        346,         67,       1.26
  12,      1.254,        285,         70,       2.64
  13,      1.487,       7704,        119,       1.74
  14,      1.740,      27877,        187,       2.70
  15,      2.013,        529,         89,       0.83
  16,      2.307,      19599,        217,       1.39
  17,      2.622,      32619,        282,       4.75
  19,      3.313,     103025,        392,       5.42
  20,      3.691,      95025,        436,       3.95
  22,      4.509,      17829,        224,       1.63
  23,      4.950,        806,        157,       1.03
  24,      5.412,       1018,        158,       1.63
  25,      5.895,       4271,        197,       3.48
  45,      2.696,        313,        135,       4.06
  56,      4.464,       1186,        220,       1.33
Incoherent scattering peaks:,     4
  16,      2.297,        486,        260,       1.27
  17,      2.609,        756,        380,       4.69
  19,      3.292,         80,        298,       5.32
  20,      3.665,       2987,        462,       3.84
