Acquisition date and time: 00-00-   0 (00:00:00)
Live Time:,        0
Real Time:,        0
 
Photopeaks:,    15
  11,      1.041,        768,         72,       1.28
  12,      1.254,        316,         71,       1.28
  13,      1.487,       3106,         94,       1.64
  14,      1.740,      13321,        140,       3.61
  15,      2.013,        433,         84,       1.83
  16,      2.307,      40167,        284,       2.97
  17,      2.622,      19621,        188,       2.73
  19,      3.313,      81330,        347,       5.41
  20,      3.691,      26540,        199,       2.25
  22,      4.509,       5855,        178,       1.46
  23,      4.950,        463,        148,       1.70
  24,      5.412,        868,        158,       0.74
  25,      5.895,       2526,        193,       1.86
  45,      2.696,        484,        105,       1.22
  56,      4.464,        973,        209,       2.03
Incoherent scattering peaks:,     2
  16,      2.297,       2704,        288,       3.00
  19,      3.292,        119,        280,       5.70
