Acquisition date and time: 00-00-   0 (00:00:00)
Live Time:,        0
Real Time:,        0
 
Photopeaks:,    15
  11,      1.041,        247,         65,       2.04
  12,      1.254,        315,         65,       1.01
  13,      1.487,       1137,         73,       1.46
  14,      1.740,       3678,         90,       1.56
  15,      2.013,        109,         65,       1.40
  16,      2.307,       1143,         99,       1.64
  17,      2.622,       5753,        119,       1.59
  19,      3.313,       4809,        103,       1.30
  20,      3.691,      12542,        144,       1.41
  22,      4.509,       1170,        161,       1.43
  23,      4.950,        318,        149,       1.04
  24,      5.412,       1215,        170,       1.57
  25,      5.895,       1357,        196,       2.04
  45,      2.696,        843,         82,       1.91
  56,      4.464,        973,        214,       1.39
Incoherent scattering peaks:,     1
  16,      2.297,         67,        146,       1.77
