Acquisition date and time: 00-00-   0 (00:00:00)
Live Time:,        0
Real Time:,        0
 
Photopeaks:,    15
  11,      1.041,        189,         58,       1.04
  12,      1.254,         52,         57,       1.27
  13,      1.487,       1507,         71,       0.51
  14,      1.740,       6173,        101,       1.21
  15,      2.013,         68,         61,       0.84
  16,      2.307,       8013,        109,       2.05
  17,      2.622,       4025,        102,       2.42
  19,      3.313,      26214,        210,       2.46
  20,      3.691,      15554,        152,       2.10
  22,      4.509,       2660,        147,       1.19
  23,      4.950,        134,        127,       1.13
  24,      5.412,       1097,        143,       1.95
  25,      5.895,       1928,        170,       2.72
  45,      2.696,        465,         72,       1.46
  56,      4.464,        730,        184,       1.52
Incoherent scattering peaks:,     1
  19,      3.292,        213,        192,       2.44
