Acquisition date and time: 00-00-   0 (00:00:00)
Live Time:,        0
Real Time:,        0
 
Photopeaks:,    15
  11,      1.041,       2375,         98,       2.45
  12,      1.254,        898,         91,       2.08
  13,      1.487,       4407,        117,       3.04
  14,      1.740,      22622,        182,       2.06
  15,      2.013,       1651,        118,       1.20
  16,      2.307,      65611,        380,       4.26
  17,      2.622,     199563,        651,      14.50
  19,      3.313,     148332,        396,       5.93
  20,      3.691,     101647,        342,       6.35
  22,      4.509,      12709,        210,       1.40
  23,      4.950,        571,        156,       1.32
  24,      5.412,       1381,        164,       1.62
  25,      5.895,       3323,        202,       2.63
  45,      2.696,        498,        225,      10.01
  56,      4.464,       1314,        226,       1.66
Incoherent scattering peaks:,     2
  16,      2.297,      10138,        422,       4.32
  17,      2.609,       6625,        752,      14.14
