Acquisition date and time: 00-00-   0 (00:00:00)
Live Time:,        0
Real Time:,        0
 
Photopeaks:,    15
  11,      1.041,       1626,         89,       1.62
  12,      1.254,        430,         84,       2.05
  13,      1.487,       7238,        127,       3.52
  14,      1.740,      31534,        204,       3.32
  15,      2.013,        809,        111,       2.09
  16,      2.307,      52596,        340,       2.38
  17,      2.622,     151411,        567,       9.54
  19,      3.313,     177727,        494,       8.95
  20,      3.691,     159319,        416,       4.64
  22,      4.509,      19614,        232,       2.52
  23,      4.950,        752,        162,       1.24
  24,      5.412,       1590,        162,       2.24
  25,      5.895,       4721,        203,       3.28
  45,      2.696,        488,        217,       7.07
  56,      4.464,       1333,        233,       2.92
Incoherent scattering peaks:,     3
  16,      2.297,       5922,        381,       2.65
  17,      2.609,       5049,        676,       8.87
  19,      3.292,        793,        372,       8.39
