Acquisition date and time: 00-00-   0 (00:00:00)
Live Time:,        0
Real Time:,        0
 
Photopeaks:,    15
  11,      1.041,       2984,         92,       1.89
  12,      1.254,        941,         79,       2.86
  13,      1.487,       3070,        100,       2.81
  14,      1.740,      14227,        148,       1.88
  15,      2.013,        271,         96,       2.17
  16,      2.307,      37327,        302,       3.51
  17,      2.622,     273612,        734,      17.85
  19,      3.313,      90790,        361,       5.13
  20,      3.691,      83582,        390,       4.60
  22,      4.509,       7540,        174,       1.66
  23,      4.950,        251,        135,       1.21
  24,      5.412,       1267,        145,       0.60
  25,      5.895,       2399,        177,       1.58
  45,      2.696,       1073,        244,      13.34
  56,      4.464,       1325,        193,       1.80
Incoherent scattering peaks:,     4
  16,      2.297,      10978,        361,       3.52
  17,      2.609,      13576,        778,      16.83
  19,      3.292,        476,        280,       4.81
  20,      3.665,        831,        399,       5.19
