Acquisition date and time: 00-00-   0 (00:00:00)
Live Time:,        0
Real Time:,        0
 
Photopeaks:,    15
  11,      1.041,        435,         87,       1.44
  12,      1.254,        554,         90,       2.08
  13,      1.487,      11815,        145,       2.15
  14,      1.740,      46429,        238,       5.15
  15,      2.013,        738,        104,       2.26
  16,      2.307,      34244,        275,       1.37
  17,      2.622,      20194,        199,       1.99
  19,      3.313,      93929,        323,       6.27
  20,      3.691,      69926,        296,       3.39
  22,      4.509,      24894,        276,       2.56
  23,      4.950,        997,        198,       1.95
  24,      5.412,       1911,        203,       2.72
  25,      5.895,       7883,        255,       5.44
  45,      2.696,        746,        118,       2.29
  56,      4.464,       1875,        286,       2.01
Incoherent scattering peaks:,     1
  16,      2.297,        995,        294,       1.34
