Acquisition date and time: 00-00-   0 (00:00:00)
Live Time:,        0
Real Time:,        0
 
Photopeaks:,    15
  11,      1.041,        262,         69,       0.86
  12,      1.254,        223,         71,       1.31
  13,      1.487,       2058,         89,       2.54
  14,      1.740,       7520,        117,       2.15
  15,      2.013,        116,         81,       1.45
  16,      2.307,      17152,        206,       2.51
  17,      2.622,      18434,        230,       3.17
  19,      3.313,      96647,        380,       4.90
  20,      3.691,      25147,        200,       1.99
  22,      4.509,       3377,        172,       1.76
  23,      4.950,        475,        151,       1.06
  24,      5.412,       1304,        166,       0.98
  25,      5.895,       2881,        201,       3.12
  45,      2.696,        642,        121,       2.82
  56,      4.464,        786,        215,       1.87
Incoherent scattering peaks:,     3
  16,      2.297,        405,        249,       2.51
  17,      2.609,        170,        336,       3.51
  19,      3.292,        816,        307,       5.17
