Acquisition date and time: 00-00-   0 (00:00:00)
Live Time:,        0
Real Time:,        0
 
Photopeaks:,    15
  11,      1.041,        291,         66,       1.38
  12,      1.254,        231,         66,       1.31
  13,      1.487,       3574,         96,       1.71
  14,      1.740,      16810,        152,       3.18
  15,      2.013,        319,         79,       1.88
  16,      2.307,      16162,        150,       1.43
  17,      2.622,      21861,        192,       2.57
  19,      3.313,      96547,        369,       6.25
  20,      3.691,      52893,        257,       2.77
  22,      4.509,       8087,        184,       1.26
  23,      4.950,        389,        145,       1.53
  24,      5.412,       1535,        158,       1.72
  25,      5.895,       3970,        193,       2.06
  45,      2.696,        308,        107,       1.84
  56,      4.464,       1082,        207,       1.67
Incoherent scattering peaks:,     1
  19,      3.292,       1043,        288,       6.16
