Acquisition date and time: 00-00-   0 (00:00:00)
Live Time:,        0
Real Time:,        0
 
Photopeaks:,    15
  11,      1.041,        360,         65,       0.41
  12,      1.254,        216,         68,       1.42
  13,      1.487,       2869,         91,       1.39
  14,      1.740,      13503,        140,       2.26
  15,      2.013,        925,         88,       2.16
  16,      2.307,      39120,        279,       2.81
  17,      2.622,       4390,        122,       3.67
  19,      3.313,      83428,        351,       4.27
  20,      3.691,      58095,        266,       2.35
  22,      4.509,       5943,        181,       1.72
  23,      4.950,        574,        149,       2.42
  24,      5.412,        974,        159,       1.48
  25,      5.895,       2438,        193,       2.82
  45,      2.696,        324,         89,       2.08
  56,      4.464,        803,        217,       1.58
Incoherent scattering peaks:,     2
  16,      2.297,       1699,        277,       2.60
  19,      3.292,        220,        284,       4.03
