Acquisition date and time: 00-00-   0 (00:00:00)
Live Time:,        0
Real Time:,        0
 
Photopeaks:,    15
  11,      1.041,        258,         73,       0.96
  12,      1.254,        311,         75,       0.95
  13,      1.487,      10033,        132,       2.26
  14,      1.740,      39660,        219,       3.21
  15,      2.013,        307,         91,       1.24
  16,      2.307,      24803,        237,       1.77
  17,      2.622,      29123,        223,       3.07
  19,      3.313,     144778,        448,       7.23
  20,      3.691,      66765,        289,       5.41
  22,      4.509,      22054,        240,       2.08
  23,      4.950,        868,        167,       1.36
  24,      5.412,       1483,        168,       0.86
  25,      5.895,       6206,        210,       4.68
  45,      2.696,        598,        122,       2.49
  56,      4.464,       1183,        233,       2.15
Incoherent scattering peaks:,     2
  16,      2.297,        210,        258,       1.75
  19,      3.292,       1306,        339,       6.46
