Acquisition date and time: 00-00-   0 (00:00:00)
Live Time:,        0
Real Time:,        0
 
Photopeaks:,    15
  11,      1.041,        592,         74,       1.82
  12,      1.254,        255,         74,       1.11
  13,      1.487,       6328,        116,       2.73
  14,      1.740,      29217,        192,       3.91
  15,      2.013,       1661,         99,       4.81
  16,      2.307,      82985,        389,       4.56
  17,      2.622,       1913,        116,       6.80
  19,      3.313,     156444,        463,       9.72
  20,      3.691,      51648,        263,       3.19
  22,      4.509,      13170,        207,       1.26
  23,      4.950,        595,        154,       1.77
  24,      5.412,       1432,        161,       1.47
  25,      5.895,       5992,        204,       5.79
  45,      2.696,        137,         93,       1.87
  56,      4.464,       1091,        218,       0.90
Incoherent scattering peaks:,     2
  16,      2.297,       3679,        360,       4.55
  19,      3.292,       1970,        345,       9.62
