Acquisition date and time: 00-00-   0 (00:00:00)
Live Time:,        0
Real Time:,        0
 
Photopeaks:,    15
  11,      1.041,        524,         88,       1.79
  12,      1.254,        588,         91,       2.35
  13,      1.487,      21180,        179,       4.10
  14,      1.740,      94382,        327,       6.77
  15,      2.013,       1209,        118,       2.16
  16,      2.307,      31684,        272,       2.04
  17,      2.622,      90070,        428,       5.05
  19,      3.313,     112504,        413,       7.05
  20,      3.691,     259753,        648,       9.85
  22,      4.509,      49006,        329,       2.00
  23,      4.950,        703,        211,       1.68
  24,      5.412,       2017,        207,       1.49
  25,      5.895,       9918,        261,       6.46
  45,      2.696,        817,        188,       3.99
  56,      4.464,       2886,        292,       2.13
Incoherent scattering peaks:,     4
  16,      2.297,       1419,        331,       2.01
  17,      2.609,       2291,        522,       4.87
  19,      3.292,       1461,        342,       6.96
  20,      3.665,       3289,        595,       9.60
