Acquisition date and time: 00-00-   0 (00:00:00)
Live Time:,        0
Real Time:,        0
 
Photopeaks:,    15
  11,      1.041,       1268,         88,       1.44
  12,      1.254,        454,         85,       2.05
  13,      1.487,       7109,        127,       2.45
  14,      1.740,      35623,        214,       3.76
  15,      2.013,        639,        107,       2.38
  16,      2.307,      25858,        259,       2.52
  17,      2.622,     157923,        552,      10.56
  19,      3.313,     125009,        419,       6.45
  20,      3.691,     135930,        386,       3.66
  22,      4.509,      19364,        242,       1.97
  23,      4.950,        297,        175,       1.31
  24,      5.412,       1460,        183,       1.42
  25,      5.895,       5109,        224,       3.38
  45,      2.696,        808,        215,       8.50
  56,      4.464,       1588,        248,       2.23
Incoherent scattering peaks:,     3
  16,      2.297,       4184,        326,       2.24
  17,      2.609,       9006,        608,       9.22
  19,      3.292,        538,        326,       6.27
