Acquisition date and time: 00-00-   0 (00:00:00)
Live Time:,        0
Real Time:,        0
 
Photopeaks:,    15
  11,      1.041,       2393,        112,       1.88
  12,      1.254,        942,        106,       3.91
  13,      1.487,       7079,        144,       3.20
  14,      1.740,      38215,        232,       5.62
  15,      2.013,        593,        135,       3.63
  16,      2.307,      49908,        364,       4.82
  17,      2.622,     361210,        852,      20.73
  19,      3.313,     292130,        632,      12.10
  20,      3.691,     217015,        491,       7.61
  22,      4.509,      18614,        254,       1.81
  23,      4.950,        915,        187,       0.85
  24,      5.412,       1864,        193,       1.86
  25,      5.895,       5788,        242,       4.75
  45,      2.696,         36,        309,      13.50
  56,      4.464,       2176,        273,       1.52
Incoherent scattering peaks:,     3
  16,      2.297,       9428,        448,       4.87
  17,      2.609,      21350,        927,      21.13
  19,      3.292,       3577,        477,      11.78
