Acquisition date and time: 00-00-   0 (00:00:00)
Live Time:,        0
Real Time:,        0
 
Photopeaks:,    15
  11,      1.041,        586,         84,       1.63
  12,      1.254,        260,         84,       2.43
  13,      1.487,       7546,        127,       1.87
  14,      1.740,      33102,        206,       3.97
  15,      2.013,        540,        100,       1.35
  16,      2.307,      38718,        288,       3.36
  17,      2.622,      35148,        243,       2.29
  19,      3.313,     104708,        393,       7.61
  20,      3.691,      75105,        303,       3.94
  22,      4.509,      15684,        238,       2.42
  23,      4.950,        619,        180,       1.29
  24,      5.412,       1329,        189,       1.22
  25,      5.895,       5158,        236,       2.95
  45,      2.696,        723,        130,       3.30
  56,      4.464,       1176,        255,       2.17
Incoherent scattering peaks:,     2
  16,      2.297,       2120,        305,       3.32
  19,      3.292,        356,        317,       7.18
