Acquisition date and time: 00-00-   0 (00:00:00)
Live Time:,        0
Real Time:,        0
 
Photopeaks:,    24
  11,      1.041,        721,         84,       2.78
  12,      1.254,        681,         89,       1.50
  13,      1.487,      18237,        171,       3.45
  14,      1.740,      91042,        325,      16.84
  16,      2.307,      42902,        239,       2.46
  17,      2.622,     120241,        360,       6.51
  19,      3.313,     128907,        380,      10.22
  20,      3.691,     245117,        502,       9.18
  22,      4.509,      47389,        302,       2.42
  23,      4.950,       1653,        189,       2.51
  24,      5.412,       2129,        180,       1.33
  25,      5.895,      10800,        236,       2.16
  26,      6.399,     872539,       1001,      23.02
  28,      7.472,       1574,        397,       1.42
  29,      8.041,      10868,        415,       1.94
  30,      8.631,      20767,        424,       1.96
  35,     11.908,       7045,        394,       2.08
  37,     13.375,       1325,        449,       1.19
  38,     14.142,       4634,        369,       1.60
  39,     14.932,        373,        361,       1.07
  40,     15.746,       3073,        352,       0.80
  56,      4.464,       1910,        253,       2.80
  72,      7.893,       1133,        397,       2.56
  82,     10.542,       2734,        389,       1.31
Incoherent scattering peaks:,     2
  26,      6.320,      13009,        612,      19.71
  26,      6.963,      11772,        459,      11.00
