Acquisition date and time: 00-00-   0 (00:00:00)
Live Time:,        0
Real Time:,        0
 
Photopeaks:,    24
  11,      1.041,       2958,        115,       3.44
  12,      1.254,        843,        109,       4.67
  13,      1.487,      15206,        179,       4.99
  14,      1.740,      69638,        304,      11.19
  16,      2.307,      75770,        322,      11.12
  17,      2.622,     418826,        648,      26.74
  19,      3.313,     208187,        481,      12.73
  20,      3.691,     376968,        621,      15.60
  22,      4.509,      46372,        312,       1.88
  23,      4.950,       1271,        199,       1.94
  24,      5.412,       1895,        194,       1.31
  25,      5.895,      10619,        249,       2.23
  26,      6.399,     775556,        971,      18.67
  28,      7.472,       1683,        427,       1.86
  29,      8.041,      15755,        463,       2.84
  30,      8.631,      36600,        473,       2.47
  35,     11.908,      33579,        463,       2.68
  37,     13.375,        345,        506,       1.20
  38,     14.142,       6108,        401,       2.39
  39,     14.932,        691,        391,       1.20
  40,     15.746,       2980,        380,       1.76
  56,      4.464,       2275,        280,       2.42
  72,      7.893,       1245,        428,       4.10
  82,     10.542,       6087,        421,       2.40
Incoherent scattering peaks:,     2
  26,      6.320,      12984,        649,      15.81
  26,      6.963,      11550,        478,      10.35
