Acquisition date and time: 00-00-   0 (00:00:00)
Live Time:,        0
Real Time:,        0
 
Photopeaks:,    24
  11,      1.041,        562,         78,       0.73
  12,      1.254,        219,         77,       1.34
  13,      1.487,       6019,        117,       1.54
  14,      1.740,      23571,        181,       6.39
  16,      2.307,      22273,        179,       3.51
  17,      2.622,      41404,        226,       3.45
  19,      3.313,     116684,        357,       6.12
  20,      3.691,      75514,        305,       4.28
  22,      4.509,      13155,        223,       3.45
  23,      4.950,        910,        175,       1.59
  24,      5.412,       2058,        189,       1.92
  25,      5.895,       5298,        232,       2.37
  26,      6.399,     255476,        654,       9.02
  28,      7.472,       3645,        433,       2.84
  29,      8.041,      13245,        465,       1.87
  30,      8.631,      17409,        456,       2.30
  35,     11.908,      15061,        451,       1.62
  37,     13.375,        598,        512,       0.95
  38,     14.142,       1917,        418,       1.87
  39,     14.932,        107,        405,       1.07
  40,     15.746,        812,        398,       1.28
  56,      4.464,       1475,        251,       3.19
  72,      7.893,       1905,        438,       5.11
  82,     10.542,       3423,        430,       2.13
Incoherent scattering peaks:,     2
  26,      6.320,       6845,        589,       7.49
  26,      6.963,      11404,        431,       3.18
