Acquisition date and time: 00-00-   0 (00:00:00)
Live Time:,        0
Real Time:,        0
 
Photopeaks:,    24
  11,      1.041,        699,         83,       1.89
  12,      1.254,        473,         86,       2.28
  13,      1.487,      15794,        161,       3.03
  14,      1.740,      70533,        289,      12.32
  16,      2.307,      19246,        177,       2.17
  17,      2.622,      92258,        319,       7.50
  19,      3.313,     112358,        356,       8.10
  20,      3.691,     186424,        445,       8.82
  22,      4.509,      40106,        295,       4.38
  23,      4.950,       1110,        195,       1.98
  24,      5.412,       1596,        193,       1.79
  25,      5.895,       9278,        249,       1.81
  26,      6.399,     681975,        923,      19.68
  28,      7.472,       2808,        438,       1.80
  29,      8.041,      12832,        456,       2.22
  30,      8.631,      18842,        459,       1.55
  35,     11.908,       7210,        437,       1.49
  37,     13.375,       1245,        421,       1.27
  38,     14.142,       3692,        409,       2.21
  39,     14.932,        958,        398,       1.91
  40,     15.746,       2534,        389,       1.85
  56,      4.464,       1707,        268,       4.92
  72,      7.893,       1606,        436,       4.17
  82,     10.542,       2507,        428,       2.26
Incoherent scattering peaks:,     2
  26,      6.320,      11432,        640,      16.23
  26,      6.963,      11772,        476,       9.29
