Acquisition date and time: 00-00-   0 (00:00:00)
Live Time:,        0
Real Time:,        0
 
Photopeaks:,    24
  11,      1.041,        910,         88,       1.74
  12,      1.254,        649,         93,       3.30
  13,      1.487,      20463,        182,       3.82
  14,      1.740,      96702,        335,      17.62
  16,      2.307,      32804,        219,       3.60
  17,      2.622,     134932,        379,       7.42
  19,      3.313,     124960,        375,       8.39
  20,      3.691,     195859,        456,       7.59
  22,      4.509,      55236,        324,       2.51
  23,      4.950,       1261,        198,       2.60
  24,      5.412,       2307,        190,       2.08
  25,      5.895,      14755,        252,       1.90
  26,      6.399,     959742,       1052,      28.51
  28,      7.472,       1465,        407,       1.91
  29,      8.041,      19304,        444,       2.19
  30,      8.631,      27952,        439,       2.86
  35,     11.908,      12960,        413,       1.65
  37,     13.375,       1273,        463,       1.14
  38,     14.142,       3978,        375,       1.06
  39,     14.932,        384,        370,       1.39
  40,     15.746,       2220,        359,       0.91
  56,      4.464,       2150,        270,       3.60
  72,      7.893,       1091,        406,       3.63
  82,     10.542,       5650,        401,       1.61
Incoherent scattering peaks:,     2
  26,      6.320,      11233,        644,      22.19
  26,      6.963,      11156,        476,      14.70
