Acquisition date and time: 00-00-   0 (00:00:00)
Live Time:,        0
Real Time:,        0
 
Photopeaks:,    24
  11,      1.041,       1034,         96,       1.64
  12,      1.254,        528,         94,       1.46
  13,      1.487,       2360,        112,       3.50
  14,      1.740,      11950,        153,       3.34
  16,      2.307,      24426,        193,       4.58
  17,      2.622,     125039,        365,       7.64
  19,      3.313,     108218,        348,       5.83
  20,      3.691,      61245,        288,       5.77
  22,      4.509,       6040,        223,       2.63
  23,      4.950,        210,        195,       2.91
  24,      5.412,       1522,        215,       1.41
  25,      5.895,       3388,        264,       2.74
  26,      6.399,     144577,        599,       6.90
  28,      7.472,       5272,        513,       4.07
  29,      8.041,      15018,        535,       2.10
  30,      8.631,      15608,        533,       1.79
  35,     11.908,       6714,        521,       2.50
  37,     13.375,        254,        597,       1.69
  38,     14.142,       2665,        487,       2.74
  39,     14.932,        424,        482,       1.47
  40,     15.746,        481,        464,       1.01
  56,      4.464,       1733,        283,       2.22
  72,      7.893,       2904,        514,      10.18
  82,     10.542,       3176,        508,       3.08
Incoherent scattering peaks:,     2
  26,      6.320,      10840,        650,       5.52
  26,      6.963,      16221,        481,       2.55
