Acquisition date and time: 00-00-   0 (00:00:00)
Live Time:,        0
Real Time:,        0
 
Photopeaks:,    24
  11,      1.041,        800,         86,       2.21
  12,      1.254,        462,         91,       2.77
  13,      1.487,      25406,        196,       4.32
  14,      1.740,     109522,        355,      21.88
  16,      2.307,      30893,        217,       2.95
  17,      2.622,     108961,        350,       6.01
  19,      3.313,     180299,        448,       8.51
  20,      3.691,     378235,        618,      10.66
  22,      4.509,      69813,        354,       2.19
  23,      4.950,       1744,        211,       4.03
  24,      5.412,       2966,        195,       2.36
  25,      5.895,      14101,        256,       2.64
  26,      6.399,    1222899,       1168,      24.77
  28,      7.472,       1271,        416,       1.33
  29,      8.041,      13518,        435,       1.39
  30,      8.631,      29773,        449,       1.93
  35,     11.908,       8260,        415,       1.40
  37,     13.375,       1174,        472,       1.73
  38,     14.142,       5950,        384,       1.52
  39,     14.932,       1027,        376,       0.84
  40,     15.746,       4135,        369,       1.21
  56,      4.464,       2212,        278,       1.93
  72,      7.893,        975,        414,       2.72
  82,     10.542,       4374,        408,       1.99
Incoherent scattering peaks:,     2
  26,      6.320,      14417,        675,      19.79
  26,      6.963,      13343,        501,      18.38
