Acquisition date and time: 00-00-   0 (00:00:00)
Live Time:,        0
Real Time:,        0
 
Photopeaks:,    24
  11,      1.041,        662,         79,       1.42
  12,      1.254,        251,         77,       1.77
  13,      1.487,       1320,         92,       1.53
  14,      1.740,       6488,        121,       2.67
  16,      2.307,      44275,        231,       4.49
  17,      2.622,      17300,        163,       3.58
  19,      3.313,      78587,        294,       3.21
  20,      3.691,      22376,        195,       2.32
  22,      4.509,       3078,        187,       1.65
  23,      4.950,        876,        169,       1.55
  24,      5.412,       1350,        187,       1.71
  25,      5.895,       2159,        224,       2.57
  26,      6.399,      84928,        499,       4.37
  28,      7.472,       4338,        438,       2.60
  29,      8.041,      11510,        469,       2.26
  30,      8.631,      11313,        454,       1.62
  35,     11.908,       9084,        459,       1.51
  37,     13.375,        403,        521,       2.76
  38,     14.142,        965,        422,       1.62
  39,     14.932,        632,        411,       1.07
  40,     15.746,        770,        402,       1.45
  56,      4.464,        835,        243,       1.58
  72,      7.893,       2048,        450,       5.41
  82,     10.542,       2039,        443,       2.05
Incoherent scattering peaks:,     2
  26,      6.320,       7035,        561,       3.56
  26,      6.963,      12032,        405,       2.30
