Acquisition date and time: 00-00-   0 (00:00:00)
Live Time:,        0
Real Time:,        0
 
Photopeaks:,    24
  11,      1.041,        -82,         83,       2.81
  12,      1.254,       1783,        102,       2.75
  13,      1.487,       8237,        149,       4.64
  14,      1.740,      37291,        234,       6.80
  16,      2.307,      14006,        180,       2.47
  17,      2.622,     114347,        363,       9.36
  19,      3.313,     355245,        610,      20.81
  20,      3.691,     306260,        575,      11.72
  22,      4.509,      22191,        254,       1.08
  23,      4.950,        794,        186,       1.44
  24,      5.412,       1471,        192,       1.60
  25,      5.895,       9152,        249,       2.14
  26,      6.399,     257544,        657,       8.90
  28,      7.472,       3956,        449,       2.73
  29,      8.041,      10427,        478,       2.08
  30,      8.631,       9884,        463,       0.85
  35,     11.908,       4938,        458,       1.94
  37,     13.375,       4276,        542,       1.43
  38,     14.142,       5270,        442,       1.37
  39,     14.932,        441,        427,       1.36
  40,     15.746,        780,        420,       1.38
  56,      4.464,       1452,        265,       0.96
  72,      7.893,       1941,        449,       5.36
  82,     10.542,       1132,        452,       1.22
Incoherent scattering peaks:,     2
  26,      6.320,       7107,        597,       7.05
  26,      6.963,      10737,        441,       3.98
