Acquisition date and time: 00-00-   0 (00:00:00)
Live Time:,        0
Real Time:,        0
 
Photopeaks:,    24
  11,      1.041,       2407,        104,       3.86
  12,      1.254,        940,        102,       5.60
  13,      1.487,      14956,        172,       5.31
  14,      1.740,      74430,        307,       9.05
  16,      2.307,      58084,        286,       7.66
  17,      2.622,     323118,        572,      19.31
  19,      3.313,     182480,        453,      10.74
  20,      3.691,     367429,        611,      13.40
  22,      4.509,      46705,        307,       2.05
  23,      4.950,       1351,        192,       1.22
  24,      5.412,       1865,        182,       1.03
  25,      5.895,      10172,        235,       1.76
  26,      6.399,     787218,        968,      19.22
  28,      7.472,       1138,        396,       1.97
  29,      8.041,      14228,        430,       1.37
  30,      8.631,      33811,        440,       1.97
  35,     11.908,      12250,        403,       1.46
  37,     13.375,       1465,        456,       0.76
  38,     14.142,       5803,        369,       1.42
  39,     14.932,        127,        361,       0.62
  40,     15.746,       2760,        351,       0.93
  56,      4.464,       2277,        265,       3.61
  72,      7.893,       1021,        401,       2.71
  82,     10.542,       5179,        390,       1.41
Incoherent scattering peaks:,     2
  26,      6.320,      12179,        623,      16.37
  26,      6.963,      10625,        456,       8.69
