Acquisition date and time: 00-00-   0 (00:00:00)
Live Time:,        0
Real Time:,        0
 
Photopeaks:,    24
  11,      1.041,        396,         79,       2.82
  12,      1.254,        386,         86,       1.61
  13,      1.487,      17788,        170,       3.59
  14,      1.740,      83724,        312,      15.22
  16,      2.307,      31780,        210,       1.81
  17,      2.622,      59117,        264,       4.40
  19,      3.313,      89959,        324,       7.15
  20,      3.691,     182576,        438,       6.06
  22,      4.509,      46053,        310,       2.09
  23,      4.950,       1197,        198,       1.82
  24,      5.412,       2705,        195,       1.25
  25,      5.895,      13528,        258,       2.26
  26,      6.399,    1414869,       1245,      41.01
  28,      7.472,       1238,        417,       2.31
  29,      8.041,      15075,        437,       2.39
  30,      8.631,      38144,        458,       2.11
  35,     11.908,       8383,        417,       1.63
  37,     13.375,       1486,        397,       1.76
  38,     14.142,       3221,        385,       1.46
  39,     14.932,        361,        376,       0.77
  40,     15.746,       2714,        366,       1.08
  56,      4.464,       2228,        273,       2.31
  72,      7.893,       1236,        415,       2.62
  82,     10.542,       5656,        411,       2.11
Incoherent scattering peaks:,     2
  26,      6.320,      13677,        689,      32.56
  26,      6.963,      15762,        515,      18.70
