Acquisition date and time: 00-00-   0 (00:00:00)
Live Time:,        0
Real Time:,        0
 
Photopeaks:,    23
  11,      1.041,        236,         74,       1.00
  12,      1.254,        236,         74,       1.20
  13,      1.487,       2060,         89,       1.43
  14,      1.740,       7630,        120,       2.56
  16,      2.307,       8699,        126,       1.69
  17,      2.622,      29202,        191,       4.44
  19,      3.313,      50664,        242,       3.89
  20,      3.691,      25127,        197,       3.00
  22,      4.509,       4086,        190,       3.85
  23,      4.950,        710,        172,       1.44
  24,      5.412,       1327,        187,       1.33
  25,      5.895,       2769,        229,       1.42
  26,      6.399,      83606,        495,       4.76
  28,      7.472,       4136,        444,       3.58
  29,      8.041,      11748,        465,       2.19
  30,      8.631,      10057,        459,       1.87
  35,     11.908,       3288,        445,       1.38
  38,     14.142,       1361,        420,       1.39
  39,     14.932,        631,        412,       1.68
  40,     15.746,        582,        400,       1.52
  56,      4.464,        904,        241,       3.61
  72,      7.893,       2695,        445,       6.61
  82,     10.542,       1679,        442,       1.90
Incoherent scattering peaks:,     2
  26,      6.320,       5665,        562,       4.34
  26,      6.963,      13085,        412,       2.47
