Acquisition date and time: 00-00-   0 (00:00:00)
Live Time:,        0
Real Time:,        0
 
Photopeaks:,    24
  11,      1.041,        469,         64,       0.93
  12,      1.254,        291,         63,       1.19
  13,      1.487,       1866,         82,       1.22
  14,      1.740,       7073,        111,       1.50
  16,      2.307,      15176,        145,       1.64
  17,      2.622,      46441,        226,       3.88
  19,      3.313,      50805,        238,       5.39
  20,      3.691,      22616,        182,       2.11
  22,      4.509,       3654,        158,       1.89
  23,      4.950,        252,        135,       1.64
  24,      5.412,       1247,        151,       1.54
  25,      5.895,       1896,        182,       1.51
  26,      6.399,      71868,        413,       5.12
  28,      7.472,       2598,        352,       2.67
  29,      8.041,      11348,        383,       2.69
  30,      8.631,      13069,        372,       1.43
  35,     11.908,       8981,        364,       1.73
  37,     13.375,        302,        412,       1.76
  38,     14.142,        797,        336,       1.89
  39,     14.932,        223,        328,       1.28
  40,     15.746,        292,        318,       0.65
  56,      4.464,        667,        197,       1.82
  72,      7.893,       1221,        353,       3.89
  82,     10.542,       2304,        349,       2.63
Incoherent scattering peaks:,     2
  26,      6.320,       4155,        443,       4.42
  26,      6.963,       7369,        330,       1.50
