Acquisition date and time: 00-00-   0 (00:00:00)
Live Time:,        0
Real Time:,        0
 
Photopeaks:,    24
  11,      1.041,        605,         76,       1.16
  12,      1.254,        261,         76,       0.96
  13,      1.487,       8441,        128,       2.59
  14,      1.740,      33896,        208,      11.81
  16,      2.307,      28987,        198,       1.70
  17,      2.622,      52398,        248,       4.62
  19,      3.313,     137897,        382,       9.88
  20,      3.691,      92969,        330,       3.80
  22,      4.509,      20816,        234,       2.24
  23,      4.950,       1020,        170,       1.90
  24,      5.412,       2089,        177,       1.67
  25,      5.895,       7149,        225,       1.52
  26,      6.399,     435092,        764,      14.19
  28,      7.472,       2374,        406,       1.51
  29,      8.041,      11140,        424,       1.72
  30,      8.631,      20162,        432,       1.89
  35,     11.908,       8511,        414,       1.84
  37,     13.375,        886,        470,       1.35
  38,     14.142,       2224,        380,       1.53
  39,     14.932,        981,        376,       1.41
  40,     15.746,       1119,        364,       1.07
  56,      4.464,       1179,        236,       3.02
  72,      7.893,       1452,        405,       3.94
  82,     10.542,       3045,        403,       1.62
Incoherent scattering peaks:,     2
  26,      6.320,       7960,        577,      12.48
  26,      6.963,      11232,        428,       4.74
