Acquisition date and time: 00-00-   0 (00:00:00)
Live Time:,        0
Real Time:,        0
 
Photopeaks:,    24
  11,      1.041,        465,         84,       1.62
  12,      1.254,        246,         87,       1.49
  13,      1.487,      11253,        148,       6.11
  14,      1.740,      48485,        248,      10.50
  16,      2.307,      36317,        222,       2.94
  17,      2.622,      51512,        255,       3.43
  19,      3.313,     176228,        436,       8.55
  20,      3.691,     157445,        422,       8.16
  22,      4.509,      29396,        277,       2.89
  23,      4.950,       1511,        199,       1.31
  24,      5.412,       1692,        201,       1.94
  25,      5.895,       7643,        254,       1.74
  26,      6.399,     563447,        875,      15.74
  28,      7.472,       3467,        463,       2.96
  29,      8.041,      12496,        480,       2.33
  30,      8.631,      18882,        483,       1.63
  35,     11.908,       8668,        468,       2.16
  37,     13.375,       1135,        536,       1.66
  38,     14.142,       2270,        434,       1.89
  39,     14.932,        519,        429,       1.35
  40,     15.746,       1801,        413,       1.68
  56,      4.464,       1593,        279,       3.03
  72,      7.893,       1938,        462,       5.06
  82,     10.542,       3665,        458,       2.20
Incoherent scattering peaks:,     2
  26,      6.320,      11178,        667,      13.07
  26,      6.963,      13069,        490,       5.29
