Acquisition date and time: 00-00-   0 (00:00:00)
Live Time:,        0
Real Time:,        0
 
Photopeaks:,    24
  11,      1.041,       2025,         95,       2.78
  12,      1.254,        625,         88,       1.78
  13,      1.487,       5722,        127,       4.34
  14,      1.740,      33241,        217,       7.18
  16,      2.307,      77926,        306,       7.78
  17,      2.622,     148423,        396,       9.79
  19,      3.313,     141542,        391,       9.75
  20,      3.691,     107461,        353,       5.64
  22,      4.509,      15943,        227,       2.21
  23,      4.950,        887,        170,       2.16
  24,      5.412,       1779,        181,       1.10
  25,      5.895,       5204,        222,       2.21
  26,      6.399,     403682,        751,      13.28
  28,      7.472,       2385,        407,       2.12
  29,      8.041,      10706,        437,       2.75
  30,      8.631,      12746,        426,       2.30
  35,     11.908,       8532,        413,       1.82
  37,     13.375,       1849,        397,       1.36
  38,     14.142,       2392,        388,       1.14
  39,     14.932,        714,        371,       1.36
  40,     15.746,       1723,        362,       1.35
  56,      4.464,       1087,        245,       2.61
  72,      7.893,       1494,        413,       4.64
  82,     10.542,       2316,        400,       1.59
Incoherent scattering peaks:,     2
  26,      6.320,       7529,        584,      11.55
  26,      6.963,      10321,        429,       4.30
