Acquisition date and time: 00-00-   0 (00:00:00)
Live Time:,        0
Real Time:,        0
 
Photopeaks:,    24
  11,      1.041,        773,         79,       1.00
  12,      1.254,        282,         76,       2.72
  13,      1.487,       2519,        103,       4.09
  14,      1.740,      11957,        149,       3.70
  16,      2.307,      86684,        313,       9.29
  17,      2.622,      37141,        223,       6.20
  19,      3.313,     175406,        424,      10.13
  20,      3.691,      31170,        225,       4.21
  22,      4.509,       6017,        186,       1.28
  23,      4.950,        844,        158,       1.94
  24,      5.412,       1786,        174,       2.37
  25,      5.895,       3911,        211,       1.52
  26,      6.399,     127503,        509,       5.55
  28,      7.472,       3202,        400,       3.45
  29,      8.041,      11366,        430,       1.82
  30,      8.631,      17197,        424,       1.51
  35,     11.908,      10993,        413,       1.62
  37,     13.375,       2192,        471,       1.60
  38,     14.142,       1878,        382,       2.22
  39,     14.932,        548,        371,       1.64
  40,     15.746,        461,        359,       1.50
  56,      4.464,        538,        229,       1.40
  72,      7.893,       1775,        401,       5.11
  82,     10.542,       2229,        398,       1.33
Incoherent scattering peaks:,     2
  26,      6.320,       4551,        513,       4.15
  26,      6.963,       9758,        382,       2.59
