Acquisition date and time: 00-00-   0 (00:00:00)
Live Time:,        0
Real Time:,        0
 
Photopeaks:,    24
  11,      1.041,        448,         98,       2.76
  12,      1.254,       1244,        109,       3.02
  13,      1.487,      17355,        185,       6.11
  14,      1.740,      79762,        317,      18.28
  16,      2.307,      31016,        230,       2.51
  17,      2.622,     125224,        382,      10.62
  19,      3.313,     309059,        583,      19.92
  20,      3.691,     600151,        779,      19.77
  22,      4.509,      49328,        338,       3.14
  23,      4.950,        937,        225,       2.30
  24,      5.412,       2019,        221,       1.94
  25,      5.895,      17239,        296,       3.02
  26,      6.399,     763431,        996,      25.44
  28,      7.472,       3694,        504,       2.63
  29,      8.041,      15022,        523,       2.16
  30,      8.631,      35443,        539,       2.55
  35,     11.908,      11484,        511,       2.25
  37,     13.375,       1785,        586,       1.83
  38,     14.142,      12029,        482,       2.45
  39,     14.932,       1231,        465,       1.11
  40,     15.746,       2385,        452,       1.84
  56,      4.464,       3014,        320,       4.10
  72,      7.893,       2217,        502,       6.16
  82,     10.542,       2943,        499,       1.79
Incoherent scattering peaks:,     2
  26,      6.320,      11771,        723,      23.03
  26,      6.963,      15745,        541,      10.12
