Acquisition date and time: 00-00-   0 (00:00:00)
Live Time:,        0
Real Time:,        0
 
Photopeaks:,    24
  11,      1.041,        358,         66,       1.54
  12,      1.254,        235,         68,       1.35
  13,      1.487,       9370,        128,       3.58
  14,      1.740,      37935,        215,       8.71
  16,      2.307,      22012,        174,       2.23
  17,      2.622,      45952,        230,       4.80
  19,      3.313,      85670,        306,       7.13
  20,      3.691,     102777,        335,       3.83
  22,      4.509,      22302,        228,       3.32
  23,      4.950,        771,        155,       1.56
  24,      5.412,       1146,        154,       1.22
  25,      5.895,       5767,        199,       1.46
  26,      6.399,     368471,        694,      11.04
  28,      7.472,       1683,        353,       1.94
  29,      8.041,      15376,        381,       2.22
  30,      8.631,      17479,        380,       1.43
  35,     11.908,       8106,        360,       2.02
  37,     13.375,        444,        406,       1.05
  38,     14.142,       2037,        330,       1.37
  39,     14.932,        260,        324,       1.41
  40,     15.746,       1496,        313,       1.03
  56,      4.464,        965,        219,       3.07
  72,      7.893,        890,        355,       3.06
  82,     10.542,       3711,        349,       1.64
Incoherent scattering peaks:,     2
  26,      6.320,       7071,        509,       9.84
  26,      6.963,       8014,        378,       4.12
