$Informacoes da Fluorescencia de Raios-X:
"Sample    : ACC-020-MS",                                                                 
"Operator  : thiago",                                                                     
"Comment  : ",                                                                            
"Group     : thiago_acra2010ma",                                                          
"Date       : 2010-05-24 06:35:36",                                                       
"",                                                                                       
"Mesurement Condition",                                                                   
"------------------------------------------------------------------------------------",   
"Instrument : 700HS2   Atmosphere : Vac.   Collimator : 10(mm)   Spin : No",              
"------------------------------------------------------------------------------------",   
"Analyte               TG kV   uA      FI Acq.(keV)  Anal.(keV)  Time(sec)     DT(%)",    
"------------------------------------------------------------------------------------",   
"Na                    Rh 50 1000-Auto Al  0 - 20    0.8 - 1.2   Live -  960   11",       
"Channel_info_start",                                                                     
"Channel : Na",                                                                           
"Points : 2048
"Range : 0.000000 - 20.480000",                                                           
"Step : 0.010000",                                                                        
"Channel_info_end",                                                                       
$DATA:
       0    2047
       0       0       0       0       0       0       0       0       0    2048
       0       0       0       0       0       0       0       0       0       0
       0       0       0       0       0       0       0       0       0       0
       0       0       0       0       0       0       0       2       0       7
      74     198     144     145     160     169     179     174     179     195
     182     151     165     150     183     170     161     195     148     177
     174     212     199     213     195     228     201     220     230     223
     221     257     248     313     285     336     320     348     306     339
     273     272     264     218     222     201     179     169     161     169
     158     179     155     194     165     190     174     187     193     216
     183     187     170     192     171     165     168     175     149     198
     194     252     188     217     241     231     213     188     192     229
     178     207     177     166     147     153     158     171     161     177
     170     213     166     201     202     207     195     238     177     208
     201     178     188     176     194     181     188     206     189     210
     237     287     333     446     447     595     589     699     644     683
     667     697     616     599     537     529     395     362     318     311
     281     305     273     336     413     490     663     907    1079    1423
    1627    1989    2085    2333    2273    2438    2080    2075    1790    1619
    1214    1067     871     633     507     398     348     326     301     267
     254     294     254     228     242     243     276     236     235     246
     236     246     243     261     265     234     244     230     189     220
     201     200     202     242     224     227     230     251     270     318
     373     495     577     852     978    1227    1440    1708    1890    2099
    2170    2362    2303    2235    1974    1780    1527    1383    1051     923
     687     601     511     438     380     398     393     411     391     443
     451     483     525     674     774    1069    1101    1521    1634    2041
    2106    2365    2339    2571    2371    2208    1892    1714    1488    1303
     961     859     641     584     435     435     404     362     378     429
     396     414     416     432     421     434     382     375     303     326
     267     279     241     205     226     191     223     228     187     185
     194     210     186     205     189     193     194     184     229     187
     245     229     237     248     242     272     301     384     419     623
     722     984    1315    1767    2128    2789    3293    3930    4476    5120
    5146    5589    5624    5643    5090    5063    4226    3873    3028    2534
    1941    1583    1138     846     673     520     432     397     340     399
     410     525     511     619     716     892    1018    1250    1392    1711
    1960    2467    2669    3192    3457    3967    4309    4790    4730    5084
    4849    4833    4253    4236    3532    3186    2611    2266    1652    1414
    1105     819     667     548     423     400     332     333     343     376
     347     406     429     492     507     614     599     635     717     850
     777     823     787     850     753     762     658     644     581     536
     467     467     417     380     344     338     335     310     299     311
     304     329     315     360     353     370     332     356     351     354
     330     359     353     330     354     324     395     370     429     448
     498     569     657     728     757     890     939    1128    1148    1235
    1246    1277    1230    1185    1185    1173    1057    1015     811     845
     727     703     647     671     564     634     547     559     544     518
     544     571     542     532     488     490     502     561     537     583
     556     591     559     607     598     582     571     697     589     684
     652     629     638     708     607     678     651     708     639     647
     661     641     593     585     596     622     563     574     572     541
     568     640     533     586     555     635     551     655     560     627
     619     608     619     621     601     612     595     669     620     689
     599     705     707     685     693     690     774     756     732     808
     757     796     792     862     800     813     747     784     786     814
     782     861     814     850     774     837     725     816     788     870
     755     868     794     814     837     880     864     841     855     913
     837     890     860     908     839     942     942    1021     880     989
     989    1090    1039    1082    1069    1172    1203    1259    1172    1241
    1171    1362    1252    1285    1065    1224    1239    1223    1195    1104
    1127    1060    1025    1073    1083    1060    1099    1148    1056    1107
    1043    1130    1173    1166    1118    1124    1110    1223    1147    1247
    1297    1434    1513    1885    2054    2471    2774    3592    4101    5008
    5721    6893    8118    9556   10447   11803   12697   14121   14191   16047
   14756   15292   14143   14393   13085   12304   10633    9894    8304    7534
    6101    5392    4395    3758    3060    2780    2278    2036    1767    1688
    1538    1548    1411    1416    1345    1375    1334    1371    1429    1409
    1292    1456    1424    1457    1335    1423    1388    1408    1282    1431
    1420    1489    1395    1443    1442    1561    1344    1547    1531    1596
    1555    1709    1762    1860    1892    2060    2243    2450    2380    2683
    2707    2954    2899    3036    3274    3271    3169    3276    3155    3178
    2801    2902    2702    2523    2222    2186    1982    2029    1876    1869
    1637    1669    1619    1531    1495    1546    1438    1465    1453    1405
    1423    1455    1401    1431    1456    1492    1498    1514    1450    1407
    1419    1531    1435    1538    1445    1503    1416    1589    1620    1458
    1425    1498    1505    1506    1438    1500    1414    1505    1450    1477
    1448    1461    1389    1504    1473    1462    1469    1453    1628    1515
    1429    1480    1428    1495    1407    1484    1477    1635    1481    1539
    1462    1517    1445    1561    1476    1572    1521    1521    1558    1619
    1623    1718    1718    1766    1610    1764    1854    1901    1881    2063
    2006    2071    2102    2057    2062    2054    1979    2012    1952    1940
    1808    1851    1768    1691    1659    1729    1517    1516    1442    1416
    1451    1475    1267    1364    1318    1308    1304    1373    1325    1371
    1258    1377    1383    1408    1286    1365    1333    1281    1254    1345
    1320    1296    1288    1369    1326    1322    1313    1368    1386    1526
    1476    1584    1630    1774    1654    1755    1888    1979    1951    2150
    2143    2330    2000    2215    2235    2182    2042    2091    1987    1978
    1907    1825    1789    1733    1582    1568    1477    1416    1471    1367
    1375    1366    1297    1362    1291    1360    1220    1305    1319    1307
    1241    1376    1313    1371    1299    1351    1287    1279    1225    1309
    1227    1317    1186    1284    1273    1248    1195    1208    1183    1224
    1167    1306    1223    1264    1240    1256    1190    1277    1242    1254
    1252    1221    1196    1236    1216    1245    1198    1270    1233    1248
    1137    1245    1239    1181    1205    1242    1313    1225    1204    1211
    1223    1190    1238    1308    1245    1304    1203    1280    1270    1300
    1208    1338    1349    1308    1272    1273    1388    1299    1275    1213
    1308    1374    1242    1284    1281    1265    1232    1264    1170    1219
    1222    1244    1163    1273    1126    1214    1202    1219    1129    1133
    1212    1169    1133    1160    1154    1176    1100    1121    1168    1185
    1177    1136    1218    1224    1103    1186    1145    1172    1168    1187
    1181    1200    1120    1164    1206    1228    1142    1126    1190    1194
    1128    1182    1206    1164    1112    1181    1189    1189    1180    1161
    1201    1257    1095    1307    1146    1250    1128    1240    1215    1187
    1159    1296    1236    1194    1200    1239    1150    1231    1167    1273
    1179    1222    1288    1282    1241    1247    1213    1303    1310    1402
    1301    1397    1288    1371    1293    1405    1279    1324    1365    1388
    1347    1340    1233    1264    1330    1372    1210    1302    1258    1199
    1222    1247    1201    1307    1159    1239    1141    1216    1145    1170
    1230    1179    1124    1161    1181    1214    1084    1257    1196    1200
    1186    1233    1172    1220    1203    1265    1242    1279    1194    1104
    1178    1273    1194    1189    1213    1237    1220    1222    1215    1201
    1151    1222    1219    1229    1228    1206    1099    1196    1178    1222
    1223    1272    1198    1268    1227    1249    1147    1211    1217    1246
    1174    1170    1236    1266    1167    1319    1146    1273    1146    1208
    1148    1205    1134    1201    1240    1229    1167    1198    1211    1255
    1114    1205    1170    1249    1153    1181    1147    1219    1164    1187
    1166    1157    1168    1205    1195    1181    1126    1217    1190    1191
    1094    1165    1237    1238    1195    1211    1294    1216    1231    1280
    1327    1334    1288    1375    1424    1540    1401    1416    1418    1471
    1411    1515    1465    1459    1430    1358    1396    1421    1282    1392
    1317    1277    1298    1256    1234    1288    1170    1161    1184    1199
    1127    1129    1152    1126    1069    1129    1142    1152    1066    1148
    1083    1097    1124    1138    1105    1115    1008    1069    1105    1075
    1076    1114    1110    1108    1099    1078    1126    1063    1048    1095
    1053    1085    1042    1061    1096    1080    1057    1074    1117    1136
    1060    1109    1090    1183    1128    1122    1133    1184    1141    1199
    1139    1196    1114    1176    1151    1186    1121    1194    1165    1125
    1108    1141    1165    1167     983    1132    1091    1130     976    1034
    1102    1082    1021    1057    1052    1099    1010    1046    1010    1076
     981    1001    1061    1044     931    1054    1013    1062     992    1054
    1031    1080    1041    1075    1076    1060    1034    1007     993    1060
    1018    1111    1036    1047     980    1013    1052    1080    1019    1063
    1065    1091    1041    1102    1015    1114    1080    1107    1037    1114
    1049    1068    1079    1093    1058    1046    1067    1109     990    1011
    1050    1108     984    1100    1005    1073     996     985    1056    1028
     981     959    1031    1011     953     990    1037     987     982    1024
    1008     957     970     960    1005     920     933     967    1045     917
     959     981     960    1013     921     988     970    1030     920     962
     923     961     939     922    1016    1005     953     996     974    1060
     939     974     994     989     921     967     939     975     996     910
    1005     998     945    1005     973     978     994     939    1027    1019
     964    1014     984    1022    1002     950    1008    1019     911     949
     978     971     922     993     934    1026     874     885     955     970
     956     942     953    1011     904     943     894     898     848     965
     891     951     890     911     895     940     838     910     926     864
     892     882     926     978     843     962     894     902     924     890
     941     895     864     869     922     924     848     888     874     880
     848     889     944     948     858     880     831     880     906     893
     937     956     870     871     823     922     890     884     809     931
     845     855     861     880     919     804     853     873     847     874
     804     862     800     857     970     878     844     907     835     826
     826     844     894     896     809     853     803     833     840     884
     840     874     835     830     844     841     802     852     835     834
     833     803     826     873     816     788     921     844     850     811
     826     829     753     855     808     854     776     828     786     837
     794     850     782     764     773     857     803     773     813     824
     838     851     837     841     857     874     804     855     777     799
     859     790     805     803     775     778     880     798     760     806
     831     825     821     855     775     857     765     799     843     801
     830     836     751     807     754     793     757     841     708     814
     831     788     798     806     773     774     804     783     782     773
     740     748     778     802     767     793     735     737     741     733
     811     767     776     773     785     793     767     779     760     736
     825     724     830     786     721     782     783     789     732     759
     833     806     732     787     808     800     700     789     741     773
     741     754     778     736     803     710     788     755     773     749
     766     836     758     807     771     693     731     771     735     755
     750     792     800     772     735     785     764     774     792     813
     762     803     724     753     765     823     717     737     733     730
     692     738     813     781     709     732     769     778     713     766
     715     803     767     698     740     756     720     776     733     755
     728     762     734     804     711     792     691     749     680     711
     767     739     755     698     756     742     690     779     792     759
     723     760     711     799     698     740     750     753     735     748
     771     793     753     776     777     769     771     794     748     741
     736     757     756     786     699     775     744     784     740     737
     840     771     720     710     741     768     776     776     826     762
     749     755     852     802     794     755     814     799     752     760
     754     811     772     715     790     761     814     787     819     757
     781     730     858     789     806     844     840     868     769     811
     838     831     747     912     838     836     860     798     801     860
     734     821     853     865     842     870     880     862     795     908
     885     870     909     893     908     928     902     988     876     928
     843     912     939     990     944     962    1021    1017     939    1017
     981    1037    1018     968    1054    1052    1086    1016    1083    1097
    1132    1101    1163    1221    1159    1156    1297    1326    1218    1359
    1311    1349    1323    1294    1405    1489    1428    1541    1531    1619
    1606    1705    1768    1892    1800    1932    1993    2053    2087    2185
    2252    2378    2326    2442    2624    2757    2567    2673    3048    3043
    3029    3277    3263    3322    3433    3417    3725    3710    3759    3822
    3935    4202    3971    4251    4391    4387    4291    4555    4608    4736
    4462    4621    4911    4882    4663    4782    4910    4794    4864    4695
    5164    5084    4787    4900    4810    4944    4670    4586    4762    4655
    4394    4546    4334    4325    4081    4214    3910    4017    3761    3722
    3530    3698    3351    3411    3433    3172    3125    3021    2914    2788
    2620    2540    2562    2435    2339    2259    2064    2038    1907    2055
    1851    1835    1662    1687    1678    1582    1462    1408    1504    1419
    1311    1323    1310    1309    1259    1169    1218    1198    1151    1141
    1193    1272    1208    1255    1304    1299    1359    1353    1439    1515
    1521    1581    1734    1754    1804    1928    1977    1989    2024    2242
    2274    2287    2244    2506    2506    2531    2445    2523    2689    2491
    2465    2422    2417    2480    2327    2191    2399    2207    2053    2002
    1905    1847    1686    1583    1513    1459    1387    1283    1249    1166
    1073    1029     983     928     850     845     775     823     726     722
     760     740     654     690     703     723     749  362003
