$Informacoes da Fluorescencia de Raios-X:
"Sample    : ACC-016-MS",                                                                 
"Operator  : Thiago",                                                                     
"Comment  : ",                                                                            
"Group     : thiago_acra2010ma",                                                          
"Date       : 2010-05-24 05:26:59",                                                       
"",                                                                                       
"Mesurement Condition",                                                                   
"------------------------------------------------------------------------------------",   
"Instrument : 700HS2   Atmosphere : Vac.   Collimator : 10(mm)   Spin : No",              
"------------------------------------------------------------------------------------",   
"Analyte               TG kV   uA      FI Acq.(keV)  Anal.(keV)  Time(sec)     DT(%)",    
"------------------------------------------------------------------------------------",   
"Na                    Rh 50 1000-Auto Al  0 - 20    0.8 - 1.2   Live -  959   10",       
"Channel_info_start",                                                                     
"Channel : Na",                                                                           
"Points : 2048
"Range : 0.000000 - 20.480000",                                                           
"Step : 0.010000",                                                                        
"Channel_info_end",                                                                       
$DATA:
       0    2047
       0       0       0       0       0       0       0       0       0    2048
       0       0       0       0       0       0       0       0       0       0
       0       0       0       0       0       0       0       0       0       0
       0       0       0       0       0       0       0       2       0       8
      62     160     142     166     144     164     149     163     150     154
     137     158     140     170     151     153     144     140     137     159
     163     135     157     212     162     199     144     198     192     224
     223     246     254     269     297     319     369     329     330     323
     290     274     252     200     176     213     125     151     146     166
     161     163     155     166     162     187     158     181     182     182
     172     181     183     181     168     166     154     159     159     162
     182     195     207     210     219     190     195     184     189     201
     163     165     158     160     149     145     170     165     173     165
     178     166     151     177     182     182     185     231     181     188
     147     175     172     167     146     184     176     170     196     212
     224     260     335     459     439     590     602     666     663     664
     608     677     623     661     477     487     414     424     333     318
     267     280     271     326     378     527     634     813     995    1312
    1580    1854    2037    2197    2158    2300    1962    1927    1600    1420
    1140    1035     738     583     448     400     329     318     246     249
     212     261     243     247     252     253     232     255     239     258
     244     241     223     232     215     221     179     219     206     212
     175     203     196     207     199     203     214     207     258     299
     329     411     492     645     776    1014    1126    1308    1368    1718
    1647    1877    1757    1769    1515    1441    1273    1065     767     722
     580     520     400     346     349     367     319     296     347     375
     388     434     507     690     802    1072    1213    1552    1718    2075
    2252    2509    2432    2555    2452    2358    2014    1902    1612    1380
    1026     904     675     574     520     423     374     395     414     392
     405     460     392     414     378     428     377     361     314     328
     240     285     208     246     201     242     209     224     187     214
     188     196     203     197     214     194     196     210     205     199
     203     237     209     254     256     287     315     414     498     714
     827    1231    1527    2078    2633    3469    4059    4933    5517    6285
    6397    7095    6811    7031    6169    6375    5185    4747    3733    3200
    2427    1956    1334    1145     776     569     515     423     378     397
     444     510     615     704     797     989    1136    1424    1563    1888
    2170    2729    2894    3458    4040    4580    4655    5284    5316    5855
    5338    5377    4840    4559    3886    3479    2963    2475    1845    1490
    1094     841     623     552     419     357     307     294     281     320
     361     360     440     473     481     607     643     670     708     876
     861     905     846     857     794     829     702     701     597     572
     446     440     396     373     366     318     306     309     285     289
     301     338     268     307     334     301     302     324     316     291
     322     351     355     304     292     380     348     370     399     390
     482     581     620     674     799     936     913    1072    1100    1245
    1144    1352    1219    1248    1217    1191    1033     990     825     820
     789     701     574     561     535     552     490     518     479     505
     427     489     496     512     487     474     497     485     500     516
     476     513     509     553     564     589     533     605     593     598
     594     595     652     658     613     636     628     677     605     572
     634     619     513     534     497     542     517     548     517     547
     517     553     471     514     530     585     519     553     526     543
     551     544     546     574     576     563     585     624     547     598
     562     574     581     685     627     695     662     673     691     660
     756     765     678     744     707     771     749     715     707     749
     715     786     753     765     703     762     720     686     733     796
     685     756     734     762     693     757     742     740     716     789
     767     795     745     877     807     863     844     893     814     954
     884     990     884    1037    1025    1047    1053    1159    1090    1164
    1076    1156    1062    1192    1098    1158    1041    1061     958    1061
     978     978     921     967     953     988     917     988     964     978
     977    1001    1017    1046     995    1069    1037    1133    1107    1202
    1218    1367    1433    1717    1882    2361    2640    3303    3893    4891
    5588    6768    7848    9516    9974   11666   12324   13740   13809   15610
   14171   14963   13926   13883   12551   11962   10233    9587    8245    7293
    5871    5087    4219    3611    2827    2609    2076    1879    1558    1494
    1393    1393    1315    1244    1326    1222    1206    1221    1325    1322
    1175    1297    1184    1235    1203    1345    1253    1270    1265    1315
    1307    1262    1300    1328    1289    1373    1318    1438    1350    1558
    1468    1575    1594    1761    1803    1888    1967    2319    2326    2439
    2579    2772    2737    2975    3056    3085    2894    3078    2932    2932
    2638    2572    2492    2318    2097    2011    1951    1817    1713    1734
    1502    1504    1388    1448    1301    1413    1357    1345    1377    1367
    1314    1358    1296    1406    1283    1299    1288    1383    1269    1384
    1383    1411    1313    1359    1304    1443    1301    1410    1259    1402
    1295    1390    1399    1394    1270    1443    1283    1357    1265    1333
    1334    1428    1276    1300    1321    1333    1289    1310    1397    1361
    1327    1351    1334    1392    1282    1353    1322    1379    1289    1327
    1397    1469    1310    1408    1333    1459    1439    1400    1420    1506
    1400    1469    1479    1524    1434    1576    1617    1703    1622    1747
    1719    1822    1622    1850    1761    1848    1723    1777    1683    1709
    1571    1654    1562    1491    1431    1483    1396    1358    1276    1368
    1228    1253    1274    1222    1285    1214    1215    1180    1188    1230
    1185    1235    1225    1284    1184    1226    1209    1227    1139    1266
    1169    1221    1187    1211    1167    1248    1177    1338    1334    1294
    1253    1399    1402    1599    1480    1636    1783    1777    1799    1895
    1894    2011    1864    2051    1949    1901    1887    1912    1827    1831
    1658    1659    1606    1502    1399    1424    1359    1333    1276    1325
    1226    1232    1157    1178    1211    1179    1193    1232    1254    1140
    1153    1191    1194    1228    1154    1213    1214    1148    1087    1181
    1116    1217    1137    1196    1140    1173    1069    1144    1122    1159
    1096    1134    1059    1154    1044    1116    1096    1164    1063    1089
    1131    1117    1064    1172    1161    1159    1085    1081    1127    1132
    1053    1101    1152    1151    1005    1148    1082    1121    1119    1147
    1098    1137    1075    1173    1101    1164    1095    1197    1109    1182
    1148    1118    1205    1169    1145    1210    1193    1237    1095    1171
    1207    1289    1186    1133    1162    1169    1076    1117    1144    1188
    1082    1114    1122    1148    1027    1167    1069    1072    1026    1029
    1079    1029     977    1034    1065    1102    1046    1099    1041    1099
    1005    1084    1123    1101    1030    1104    1068    1063    1054    1062
    1029    1096    1035    1099    1015    1064    1103    1068    1007    1102
    1071    1078    1065    1105    1057    1087    1132    1106    1050    1028
    1057    1063    1028    1115     977    1081    1023    1098    1057    1132
    1032    1130    1050    1077    1037    1121    1058    1099    1080    1120
    1031    1126    1084    1144    1067    1147    1122    1173    1174    1171
    1190    1213    1153    1203    1125    1250    1147    1210    1111    1208
    1176    1195    1143    1166    1186    1070    1089    1089    1138    1180
    1062    1125    1108    1143    1093    1124    1063    1123    1121    1116
    1105    1111    1094    1087    1039    1120    1093    1137    1077    1098
    1067    1105    1105    1141    1097    1059    1115    1058    1045    1162
    1032    1064    1041    1093    1056    1119    1038    1134    1134    1068
    1046    1040    1149    1116    1101    1148    1102    1156    1022    1135
    1154    1105    1046    1050    1113    1155    1063    1079    1118    1092
    1053    1141    1096    1098    1027    1154    1124    1119    1148    1092
    1071    1119    1029    1090    1102    1060    1030    1090    1043    1074
    1070    1116    1011    1054    1030    1130    1003    1164    1024    1137
    1067    1109    1050    1078    1077    1061    1003    1092    1099    1061
    1104    1109    1107    1104    1108    1102    1109    1100    1109    1120
    1103    1118    1152    1164    1178    1195    1170    1131    1193    1176
    1098    1122    1138    1158    1143    1145    1136    1150    1134    1138
    1097    1163    1132    1118    1071    1135    1067    1053    1043    1022
    1002    1048    1075     993    1007    1006    1063    1061     982    1092
     991    1049     989     979    1039     993     952    1007    1017    1048
     996     984     973    1033     894    1008     973     940     949     943
    1021     990     935     971    1008     979     941     982    1022    1048
     983    1007    1042    1038     987     929    1027    1007     975    1035
    1006    1059     965    1077     959    1063     984    1010     991    1027
     971    1005     968    1003     955    1029     947     961     943     928
    1023     972     939     949     955     948     911    1007     906     955
     875     914     862    1007     927    1014     959     987     903     947
     912     952     888     898     941     898     891     982     917     948
     856     937    1017     985     889     992     918     941     884     960
     937     956     898     955     921    1031     948     921     953     966
     947    1040    1023     998     995     929     910     958     915     896
     964     923     942     939     881     950     885     979     924     867
     912     917     898     898     912     916     902     910     825     917
     918     885     848     887     885     915     852     931     906     921
     878     863     829     921     888     872     937     895     888     870
     889     882     861     882     872     906     877     936     885     888
     809     943     869     884     860     873     917     874     869     839
     898     899     902     896     909     914     879     892     887     918
     846     920     924    1001     914     952     892     888     883     895
     959     941     856     922     808     922     860     846     836     850
     840     864     850     845     843     854     840     844     833     792
     841     845     801     877     820     851     794     834     768     868
     809     895     814     805     780     821     767     820     809     810
     813     826     782     810     829     799     807     808     823     817
     764     811     876     834     784     828     797     831     746     854
     807     838     784     838     842     827     858     822     770     787
     807     780     772     814     766     769     801     833     768     765
     757     767     749     802     781     722     726     770     774     822
     712     767     821     822     757     747     811     803     734     717
     765     728     725     751     784     767     720     749     845     797
     804     778     717     726     729     714     814     783     739     788
     747     775     714     749     772     736     781     767     703     760
     747     765     731     781     700     755     703     826     701     702
     777     794     707     740     793     797     711     737     773     729
     740     773     737     764     705     733     745     795     717     738
     745     745     710     793     763     767     701     775     778     747
     719     739     769     730     707     759     764     758     722     693
     765     701     691     693     727     758     700     727     703     729
     719     695     713     695     677     754     690     691     678     720
     680     740     686     655     757     753     686     729     711     718
     690     723     684     645     680     638     704     744     692     667
     730     698     638     631     702     710     682     729     696     726
     653     705     712     709     697     691     703     738     641     725
     715     697     646     715     718     715     668     700     686     728
     673     678     678     713     722     718     662     667     679     692
     685     703     642     717     664     672     663     660     716     701
     667     625     697     700     735     655     694     690     665     714
     657     690     663     643     693     697     680     672     687     730
     659     698     703     723     679     679     687     717     659     656
     663     715     687     686     656     659     634     685     719     722
     660     710     673     671     652     679     683     710     673     726
     675     689     649     725     684     693     643     664     759     657
     738     687     705     754     663     745     654     676     711     708
     795     675     704     674     719     758     697     730     768     733
     694     718     682     736     673     730     735     726     696     745
     719     717     726     716     728     715     717     730     709     814
     723     679     804     726     713     754     748     771     734     694
     744     733     700     723     793     788     795     788     710     754
     690     773     747     855     781     862     767     828     821     806
     800     786     810     809     823     865     844     870     840     836
     809     831     874     911     825     899     922     844     909     855
     915     946     954     950     912     984     933    1040    1009     986
    1008    1047    1057    1007    1007    1077    1133    1124    1014    1212
    1170    1225    1166    1271    1338    1355    1332    1365    1364    1467
    1450    1560    1650    1680    1676    1732    1766    1863    1829    1957
    2046    2141    2116    2201    2377    2389    2408    2436    2704    2680
    2788    2801    2872    3134    2974    3195    3327    3400    3388    3503
    3644    3784    3719    3701    3935    4016    3991    3937    4123    4200
    4097    4150    4373    4330    4216    4360    4383    4450    4351    4336
    4750    4588    4158    4420    4375    4415    4292    4232    4419    4231
    4042    4035    4065    3821    3723    3687    3654    3681    3524    3471
    3326    3430    3148    3089    2989    2932    2786    2716    2676    2544
    2454    2452    2404    2273    2124    2030    1952    2007    1816    1772
    1742    1658    1509    1549    1486    1370    1395    1395    1389    1273
    1178    1184    1195    1140    1141    1145    1139    1069    1084    1118
    1125    1136    1130    1126    1230    1188    1206    1292    1333    1399
    1388    1456    1565    1650    1675    1754    1821    1929    1912    2069
    2230    2152    2053    2203    2163    2391    2208    2325    2425    2352
    2346    2124    2201    2249    2069    2017    2131    2067    1853    1779
    1711    1650    1548    1461    1381    1261    1222    1156    1100    1058
    1019     936     895     833     783     768     731     725     666     671
     657     641     621     677     680     615     624  329652
