$Informacoes da Fluorescencia de Raios-X:
"Sample    : ACC-012-MS",                                                                 
"Operator  : Thiago",                                                                     
"Comment  : ",                                                                            
"Group     : thiago_acra2010ma",                                                          
"Date       : 2010-05-24 04:08:37",                                                       
"",                                                                                       
"Mesurement Condition",                                                                   
"------------------------------------------------------------------------------------",   
"Instrument : 700HS2   Atmosphere : Vac.   Collimator : 10(mm)   Spin : No",              
"------------------------------------------------------------------------------------",   
"Analyte               TG kV   uA      FI Acq.(keV)  Anal.(keV)  Time(sec)     DT(%)",    
"------------------------------------------------------------------------------------",   
"Na                    Rh 50 1000-Auto Al  0 - 20    0.8 - 1.2   Live -  959   19",       
"Channel_info_start",                                                                     
"Channel : Na",                                                                           
"Points : 2048
"Range : 0.000000 - 20.480000",                                                           
"Step : 0.010000",                                                                        
"Channel_info_end",                                                                       
$DATA:
       0    2047
       0       0       0       0       0       0       0       0       0    2048
       0       0       0       0       0       0       0       0       0       0
       0       0       0       0       0       0       0       0       0       0
       0       0       0       0       0       0       0       1       2       8
      85     253     229     217     239     246     224     243     206     259
     220     239     237     216     250     268     227     240     217     250
     248     287     237     298     280     300     285     320     304     312
     325     290     337     394     333     403     404     407     365     397
     379     377     345     306     294     264     265     278     250     251
     268     330     299     328     320     379     360     384     396     423
     381     371     314     328     292     277     273     275     276     303
     295     327     287     355     352     343     358     281     324     328
     271     292     258     265     246     255     261     300     323     326
     356     369     393     450     416     481     445     490     372     375
     353     364     359     338     303     313     309     355     354     455
     508     727     862    1175    1241    1545    1691    1869    1920    2021
    1841    1975    1819    1759    1431    1291    1101    1010     862     849
     689     786     715     916    1165    1565    1939    2756    3452    4483
    4995    6046    6487    7226    6878    7136    6587    6191    5121    4783
    3596    3042    2261    1808    1336    1186     946     817     786     789
     741     861     819     919     861     956     917    1001     927     883
     907     808     765     718     703     638     590     530     476     522
     445     467     395     432     406     481     452     504     480     570
     693     830     985    1270    1505    1897    2068    2420    2622    2886
    2884    3160    3045    2981    2587    2506    2057    1829    1517    1320
    1058     961     844     792     718     697     669     786     843     939
    1035    1458    1815    2463    3012    4491    4967    6359    7033    8489
    9027   10158    9655   10451    9792    9471    8113    7548    6107    5105
    3890    3234    2263    2043    1514    1383    1203    1201    1178    1331
    1285    1394    1381    1371    1303    1294    1160    1089     970     886
     750     739     592     551     552     510     517     462     502     498
     544     507     502     488     514     559     551     586     565     648
     645     671     640     761     728     878     994    1283    1520    2377
    2908    4175    5217    7344    9102   11882   13584   16812   18448   21412
   21233   23523   22992   23251   20694   20600   16534   15372   12407   10479
    7946    6290    4430    3476    2641    1984    1489    1385    1322    1439
    1594    1913    2296    2868    3343    4426    5346    7143    8794   11590
   13928   17964   20762   25971   29361   34885   36468   42499   41879   44551
   41973   42888   38499   36551   30567   27371   22541   18482   13734   10798
    7876    5926    4062    3073    2067    1559    1154    1049    1016    1235
    1332    1683    1929    2381    2708    3398    3843    4570    4615    5463
    5243    5896    5341    5550    5133    5013    4277    3967    3365    2902
    2250    1987    1529    1243    1010     819     702     604     531     494
     446     491     435     435     446     467     426     464     510     497
     470     500     475     544     500     564     626     718     773    1031
    1176    1384    1639    2012    2316    2746    2916    3371    3602    4050
    3803    4033    3784    3859    3525    3434    3014    2867    2437    2103
    1779    1583    1331    1253    1036     967     838     905     837     853
     786     791     787     786     737     789     744     803     809     800
     919     871     926     976    1033    1137    1053    1134    1143    1280
    1243    1347    1291    1316    1197    1271    1199    1164    1046    1085
    1027    1001     959     889     862     832     811     859     789     789
     761     838     760     807     829     765     813     859     761     860
     812     856     794     830     779     850     848     907     836     933
     842     922     920     994     946     971    1126    1064     977    1080
    1040    1087    1051    1127    1098    1135    1041    1108    1074    1105
    1050    1114    1056    1100     998     990    1055    1044    1017    1096
    1091    1083    1096    1099    1067    1157    1106    1106    1134    1122
    1043    1132    1128    1244    1149    1311    1270    1417    1389    1522
    1583    1687    1674    1891    1954    1994    2064    2326    2210    2441
    2233    2383    2079    2265    2203    2151    1974    1937    1738    1797
    1681    1721    1482    1527    1417    1483    1344    1523    1478    1514
    1369    1485    1508    1622    1530    1634    1697    1767    1769    1904
    2123    2581    2825    3708    4468    5740    7002    9078   11234   14302
   16639   20735   24309   28942   31570   36198   39012   42893   42625   49307
   44952   46655   42478   42909   38532   36529   31026   28719   24239   21197
   16818   14328   11274    9544    7169    6243    4494    3894    3080    2750
    2333    2176    1908    1925    1761    1834    1735    1779    1717    1715
    1722    1794    1725    1800    1667    1800    1809    1781    1759    1901
    1853    1954    1806    1905    1860    2082    1962    2171    2133    2450
    2433    2607    2948    3178    3398    3918    4282    4990    5149    5639
    6070    6699    6874    7218    7689    7573    7087    7594    6969    6954
    6222    6075    5441    5216    4486    4271    3758    3507    3019    2874
    2566    2477    2179    2155    2034    1970    1883    1873    1733    1916
    1758    1811    1866    1781    1801    1827    1825    1864    1844    1805
    1769    1857    1781    1857    1887    1944    1843    1900    1911    1917
    1808    1910    1874    1814    1785    1894    1890    1899    1709    1864
    1839    1906    1693    1811    1810    1786    1794    1834    1904    1895
    1708    1820    1756    1916    1758    1899    1923    1910    1745    1876
    1820    1869    1825    1967    1825    1911    1894    1998    1819    2003
    1897    1949    2108    2169    2082    2173    2271    2323    2199    2362
    2443    2462    2373    2525    2460    2489    2427    2398    2311    2422
    2233    2166    2053    2063    1913    2034    1806    1904    1757    1787
    1749    1733    1759    1691    1688    1683    1578    1627    1678    1683
    1610    1642    1584    1699    1553    1668    1639    1672    1597    1646
    1637    1702    1626    1661    1685    1719    1753    1967    1850    2051
    1959    2097    2273    2450    2446    2615    2839    2942    2966    3141
    3291    3494    3308    3479    3454    3438    3126    3289    3070    3056
    2745    2690    2461    2558    2246    2156    1994    1949    1827    1799
    1799    1722    1678    1726    1729    1624    1584    1720    1642    1661
    1501    1585    1659    1636    1540    1676    1623    1642    1618    1593
    1608    1640    1470    1560    1535    1558    1542    1515    1558    1527
    1523    1623    1544    1607    1535    1641    1548    1545    1537    1638
    1565    1636    1499    1571    1498    1552    1584    1518    1588    1564
    1473    1502    1549    1541    1539    1570    1541    1580    1484    1567
    1488    1511    1530    1565    1532    1611    1572    1649    1618    1748
    1644    1627    1617    1688    1710    1717    1687    1835    1643    1685
    1801    1761    1654    1637    1637    1658    1636    1600    1577    1641
    1494    1560    1539    1543    1423    1547    1519    1585    1452    1489
    1454    1466    1442    1557    1523    1446    1496    1462    1493    1475
    1466    1464    1554    1532    1424    1475    1496    1533    1433    1434
    1450    1559    1482    1569    1455    1547    1472    1614    1481    1510
    1429    1531    1589    1537    1401    1492    1512    1554    1420    1484
    1476    1538    1400    1432    1475    1555    1431    1522    1475    1524
    1406    1459    1504    1533    1396    1515    1486    1509    1553    1553
    1486    1577    1514    1527    1559    1542    1591    1534    1647    1679
    1510    1613    1592    1690    1618    1681    1552    1691    1555    1687
    1626    1610    1571    1585    1604    1547    1445    1548    1504    1534
    1399    1624    1498    1561    1440    1584    1520    1461    1460    1515
    1513    1564    1481    1450    1524    1558    1431    1484    1480    1582
    1446    1498    1531    1513    1574    1541    1459    1525    1481    1589
    1495    1502    1463    1520    1478    1578    1438    1569    1470    1577
    1454    1489    1452    1577    1498    1594    1495    1552    1432    1470
    1493    1539    1548    1574    1559    1522    1444    1533    1539    1495
    1421    1396    1519    1515    1400    1531    1461    1522    1406    1443
    1513    1492    1404    1531    1529    1543    1347    1496    1490    1435
    1419    1552    1491    1454    1410    1531    1429    1545    1446    1413
    1459    1488    1466    1427    1430    1547    1499    1553    1443    1485
    1465    1510    1449    1570    1406    1589    1599    1610    1562    1608
    1637    1672    1670    1796    1815    1865    1776    1838    1844    2016
    1743    1802    1942    1906    1865    1864    1784    1692    1680    1706
    1632    1653    1656    1606    1530    1568    1440    1490    1575    1494
    1336    1404    1393    1472    1396    1360    1426    1443    1328    1385
    1374    1382    1357    1347    1302    1419    1336    1384    1372    1430
    1321    1353    1364    1347    1304    1379    1403    1396    1353    1318
    1321    1401    1286    1256    1327    1377    1396    1364    1379    1335
    1311    1386    1288    1417    1389    1396    1357    1433    1292    1414
    1463    1401    1314    1421    1361    1412    1310    1370    1355    1434
    1355    1266    1385    1440    1315    1332    1390    1391    1322    1356
    1380    1430    1281    1346    1229    1346    1231    1272    1338    1363
    1271    1332    1291    1355    1248    1297    1252    1270    1239    1255
    1291    1335    1301    1302    1257    1296    1255    1296    1306    1278
    1277    1326    1354    1346    1235    1294    1242    1363    1241    1357
    1303    1434    1207    1288    1392    1350    1351    1317    1344    1383
    1349    1411    1375    1468    1303    1385    1405    1459    1434    1364
    1341    1431    1379    1342    1360    1384    1256    1268    1251    1290
    1310    1277    1228    1216    1227    1264    1221    1244    1247    1333
    1261    1238    1189    1243    1231    1306    1235    1266    1216    1259
    1172    1227    1188    1204    1167    1202    1229    1305    1194    1217
    1188    1192    1242    1238    1221    1211    1203    1251    1185    1313
    1198    1233    1224    1233    1235    1320    1342    1315    1218    1333
    1440    1414    1351    1382    1531    1551    1527    1494    1667    1682
    1484    1545    1529    1627    1552    1688    1626    1652    1565    1585
    1505    1515    1468    1465    1364    1494    1297    1401    1256    1313
    1238    1245    1275    1198    1139    1163    1162    1218    1188    1193
    1195    1173    1077    1136    1103    1158    1179    1163    1110    1198
    1074    1089    1050    1099    1030    1115    1185    1206    1064    1060
    1201    1090    1056    1100    1067    1036    1075    1058    1148    1129
    1112    1103    1216    1149    1028    1081    1100    1112    1138    1118
    1106    1123    1073    1099    1110    1184    1139    1123    1073    1087
    1074    1132    1165    1086    1124    1065    1114    1097    1071    1114
    1143    1048    1054    1086    1122    1127    1011    1074    1084    1009
    1043    1040    1138    1050    1012    1037    1057    1016    1028    1067
    1079    1014     995    1050    1025    1001    1033    1011     992    1007
    1007    1031     984    1016    1038     991    1132    1060     971    1104
     978    1090     980    1006    1069    1020     989    1002    1011    1066
    1000     987     959    1030     932    1020    1039    1024    1061    1133
    1105    1030    1021    1084    1120    1123    1030    1105    1132    1153
    1046    1118    1109    1118    1087    1135    1158    1167    1055    1178
    1100    1064    1099    1100    1155    1148    1071    1126    1068    1096
     978    1027    1087    1113    1017    1031    1066    1068     962    1035
    1002     967    1016    1034     967     976     948     999     997     999
     962     964     970     968     985    1030     949    1012    1002    1005
     966     935     941     955     972     978    1004     972     937     994
     872     976     974    1010     927     977     956     994     885     942
    1016     980     906     976     966     930     917     947    1008     920
     959     956     918     999     883     962     996     971     879     918
    1007     922     921     992     928     975     900     896     954     978
     911    1031     974    1009     941     944     928     989     938     974
     915     951     900     861     967     903     925     988     881     964
     863     906     913     947     865     962     920     913     876     964
     916     958     796     927     895     972     876     889     966     956
     879     911     858    1007     912     897     961     915     880     933
     922     938     891     922     921     950     928     853    1023     906
     919     985     936     942     927     868     986     926     882     927
     902     981     891     909     930     960     925     922     852     942
     911     952     951     911     974     964     994     980     960     881
     994     965     920     982     889    1034     971     908     997     908
     917     960     951     913     897     972     913    1067     922     998
     990     959     908     930    1035     997     968     988    1026    1049
     949     936    1075    1036     965     998     949     949     929     982
    1015    1078    1027    1006    1057    1091     955    1064     979    1115
    1067    1038    1016    1104    1004    1019    1068    1129     992    1017
    1146    1115    1085    1116    1165    1133    1011    1120    1119    1254
    1085    1164    1097    1187    1100    1183    1288    1189    1164    1243
    1262    1276    1130    1239    1243    1247    1292    1292    1327    1400
    1291    1393    1392    1424    1476    1435    1559    1592    1481    1613
    1597    1616    1719    1631    1721    1854    1835    1860    1851    2026
    1976    2156    2124    2256    2136    2443    2352    2548    2466    2567
    2792    2821    2879    2877    3126    3274    3169    3339    3741    3605
    3619    3900    4071    4089    4086    4378    4469    4557    4608    4756
    4911    4972    4967    5081    5131    5326    5324    5380    5637    5684
    5380    5530    5835    5878    5701    5787    6050    5978    5593    5612
    6228    5898    5628    5938    5726    5759    5575    5534    5665    5649
    5266    5219    5306    5322    4903    5034    4861    4715    4366    4494
    4366    4323    4097    3877    4092    3975    3702    3585    3587    3380
    3179    3129    3248    3033    2851    2754    2711    2588    2299    2449
    2380    2351    2087    2111    2049    1935    1828    1873    1768    1806
    1648    1555    1647    1725    1531    1493    1593    1417    1436    1492
    1349    1465    1366    1416    1676    1612    1545    1602    1698    1802
    1811    1887    2077    2047    2126    2241    2431    2481    2493    2735
    2715    2873    2777    2940    2941    3205    3010    3006    3355    3231
    3091    3103    3172    3102    2990    2803    3084    2862    2667    2611
    2579    2487    2243    2143    2170    2073    1834    1830    1664    1537
    1374    1412    1314    1256    1117    1142    1050    1084     936     911
     890     906     865     886     828     875     798  447196
