$Informacoes da Fluorescencia de Raios-X:
"Sample    : ACC-096-MS",                                                                 
"Operator  : thiago",                                                                     
"Comment  : ",                                                                            
"Group     : thiago_acra2010ma",                                                          
"Date       : 2010-05-25 10:19:21",                                                       
"",                                                                                       
"Mesurement Condition",                                                                   
"------------------------------------------------------------------------------------",   
"Instrument : 700HS2   Atmosphere : Vac.   Collimator : 10(mm)   Spin : No",              
"------------------------------------------------------------------------------------",   
"Analyte               TG kV   uA      FI Acq.(keV)  Anal.(keV)  Time(sec)     DT(%)",    
"------------------------------------------------------------------------------------",   
"Na                    Rh 50 1000-Auto Al  0 - 20    0.8 - 1.2   Live -  959   11",       
"Channel_info_start",                                                                     
"Channel : Na",                                                                           
"Points : 2048
"Range : 0.000000 - 20.480000",                                                           
"Step : 0.010000",                                                                        
"Channel_info_end",                                                                       
$DATA:
       0    2047
       0       0       0       0       0       0       0       0       0    2048
       0       0       0       0       0       0       0       0       0       0
       0       0       0       0       0       0       0       0       0       0
       0       0       0       0       0       0       0       1       0       3
      69     149     129     158     150     173     149     155     153     150
     147     171     158     158     139     171     161     191     167     167
     154     173     175     181     179     184     208     191     208     222
     212     272     265     304     280     340     317     295     312     318
     290     245     236     209     230     177     169     153     129     179
     167     144     164     179     176     204     169     227     187     193
     213     204     180     196     164     175     176     189     184     203
     193     212     199     219     226     231     217     213     194     203
     174     198     153     153     150     161     174     174     153     180
     177     180     176     168     197     205     207     192     163     211
     154     190     168     175     171     169     157     180     178     226
     249     304     337     423     471     574     595     730     734     744
     702     719     677     674     514     503     469     439     385     370
     331     356     317     335     386     570     708     870    1060    1466
    1596    1840    1971    2036    2130    2243    1910    1911    1636    1477
    1202     940     786     597     477     397     331     297     274     241
     219     246     253     281     266     239     257     291     261     273
     280     271     232     241     257     265     214     242     203     253
     220     210     201     226     228     228     240     273     250     323
     419     468     603     804     928    1222    1235    1543    1618    1936
    1875    2047    1974    1992    1689    1619    1306    1121     995     862
     651     540     471     468     377     377     378     395     422     451
     458     578     691     864    1057    1521    1630    2160    2479    2848
    3031    3418    3169    3413    3268    3027    2806    2481    2018    1747
    1362    1204     859     752     589     500     467     475     465     555
     505     523     565     582     516     486     416     416     405     414
     344     293     275     275     241     239     213     212     220     222
     228     233     198     225     215     237     230     239     238     245
     249     256     249     290     323     355     408     497     619     933
    1134    1675    1998    2781    3488    4636    5220    6415    7128    8023
    7970    8576    8619    8617    7953    7643    6286    5687    4472    3962
    2939    2352    1653    1250     940     746     525     472     436     533
     547     665     762     932    1032    1247    1412    1746    1822    2360
    2740    3163    3476    3973    4420    5113    5029    5889    5681    5944
    5669    5499    5101    4861    3996    3574    2917    2604    1963    1526
    1232     936     698     577     467     411     360     353     365     363
     366     486     469     527     603     655     751     763     815     910
     837     944     853     897     883     762     736     654     646     624
     522     452     406     376     352     329     307     278     265     296
     293     350     292     316     268     334     312     306     301     328
     331     297     298     318     312     348     338     422     400     457
     522     631     642     798     810     959     992    1149    1178    1302
    1273    1273    1230    1295    1207    1187     982    1066     849     862
     749     721     606     656     559     563     514     521     536     533
     515     483     497     488     499     521     520     500     515     568
     518     606     555     574     596     586     577     655     637     642
     629     696     659     658     630     698     641     720     631     633
     563     631     541     562     565     602     495     541     545     511
     534     590     553     553     556     516     549     538     494     555
     543     576     544     579     593     589     573     655     573     661
     662     661     628     680     644     791     689     760     751     802
     749     773     797     734     762     819     771     823     763     802
     711     750     769     799     727     725     752     823     711     802
     838     791     753     815     788     767     782     800     756     818
     753     807     804     934     812     884     935     971     891     952
     950    1056    1010    1102    1100    1116    1125    1229    1097    1255
    1113    1269    1182    1223    1167    1146    1123    1172    1067    1091
    1106    1050     956    1030    1026    1042     998     977     987    1068
    1012    1064    1089    1058     996    1104    1057    1229    1176    1190
    1375    1434    1613    1900    2145    2652    3112    3845    4573    5495
    6492    7918    9084   10386   11124   12841   13750   15004   14834   16826
   15229   16120   14847   14721   13104   12680   10779    9992    8671    7726
    6018    5304    4273    3675    2861    2597    2157    1977    1681    1646
    1458    1376    1242    1325    1346    1362    1187    1277    1214    1229
    1215    1322    1269    1291    1217    1317    1285    1319    1311    1345
    1320    1372    1368    1379    1404    1493    1346    1510    1411    1580
    1538    1641    1756    1875    1810    2006    2276    2409    2365    2670
    2805    3033    2969    3153    3336    3334    3156    3209    3070    3007
    2753    2806    2506    2495    2143    2077    2028    1887    1767    1741
    1564    1520    1509    1439    1439    1462    1326    1325    1291    1386
    1372    1311    1258    1356    1322    1372    1398    1441    1330    1424
    1392    1459    1362    1412    1359    1457    1394    1381    1405    1466
    1386    1493    1300    1397    1317    1454    1328    1406    1285    1321
    1427    1353    1330    1375    1399    1402    1280    1375    1424    1424
    1311    1411    1431    1377    1340    1370    1407    1403    1275    1441
    1353    1452    1354    1432    1421    1513    1402    1475    1421    1499
    1460    1596    1536    1691    1543    1711    1720    1762    1783    1867
    1837    1932    1921    1999    1974    1965    1806    1833    1840    1862
    1607    1706    1645    1593    1525    1525    1408    1460    1299    1329
    1371    1301    1259    1317    1225    1239    1112    1211    1284    1245
    1161    1264    1214    1316    1229    1207    1183    1249    1181    1284
    1197    1302    1217    1204    1181    1280    1169    1356    1373    1476
    1326    1510    1529    1700    1690    1823    1823    1872    1848    1941
    1991    2125    2064    2081    2158    2011    1986    1928    1855    1865
    1646    1663    1711    1590    1448    1485    1341    1298    1272    1305
    1245    1307    1213    1263    1212    1326    1215    1255    1276    1241
    1153    1193    1226    1240    1232    1181    1297    1250    1172    1199
    1153    1185    1100    1217    1159    1187    1129    1201    1161    1121
    1112    1215    1117    1217    1130    1149    1172    1173    1134    1182
    1168    1197    1139    1135    1154    1109    1149    1115    1145    1107
    1167    1144    1090    1164    1108    1145    1154    1219    1028    1133
    1085    1153    1131    1194    1148    1205    1180    1220    1153    1264
    1142    1264    1234    1233    1160    1280    1213    1257    1213    1273
    1254    1233    1205    1224    1166    1211    1159    1178    1167    1141
    1068    1098    1097    1154    1100    1171    1143    1141    1045    1093
    1106    1059    1082    1076    1171    1120    1067    1072    1114    1024
    1014    1090    1132    1102    1113    1110    1083    1168    1049    1017
    1159    1121    1066    1158    1120    1170    1068    1128    1041    1095
    1063    1086    1089    1120    1005    1128    1013    1100    1049    1132
    1115    1123    1135    1186    1036    1134    1045    1126    1091    1128
    1071    1091    1111    1145    1074    1102    1123    1109    1095    1194
    1115    1173    1125    1148    1183    1200    1162    1252    1236    1277
    1137    1302    1165    1287    1213    1200    1245    1218    1178    1263
    1146    1259    1158    1193    1234    1199    1196    1258    1184    1155
    1106    1180    1111    1180    1050    1149    1123    1143    1113    1129
    1135    1194    1116    1126    1108    1149    1160    1218    1092    1174
    1092    1115    1167    1198    1136    1172    1106    1162    1131    1113
    1129    1176    1071    1172    1117    1160    1108    1186    1138    1176
    1123    1163    1172    1200    1064    1100    1071    1134    1084    1124
    1197    1184    1092    1156    1200    1068    1086    1119    1102    1151
    1110    1164    1042    1079    1080    1152    1108    1223    1041    1134
    1121    1119    1042    1094    1136    1060    1101    1082    1120    1096
    1044    1153    1025    1168    1097    1115    1060    1143    1116    1084
    1130    1127    1068    1163    1091    1141    1046    1161    1104    1189
    1110    1168    1162    1234    1236    1240    1254    1307    1310    1416
    1441    1493    1443    1509    1566    1582    1565    1703    1626    1747
    1601    1713    1611    1672    1564    1555    1542    1524    1402    1527
    1425    1369    1297    1291    1272    1258    1129    1199    1109    1134
    1062    1139    1091    1058    1048    1086    1133    1118    1007    1091
     995     989     980    1057    1029    1109    1031     972    1015    1047
    1055    1096    1014    1026    1029    1062     952    1086     976    1000
    1014    1054    1004    1036    1031    1056    1034     993    1077     997
    1055     974    1027    1115    1107    1045    1126    1098    1061    1109
    1115    1090    1000    1024    1078    1126    1019    1063    1042    1044
    1008    1051    1056    1054    1036    1022    1015     982    1013    1056
    1012     985     943    1017     964     981     944    1024    1000     964
     950     953     923     993     954     996     908     981     890     995
     936     998     894     991     961    1022     908     978     952    1031
    1021     963    1051     988     979    1005    1004    1013     998     984
    1029    1023     999    1010    1063    1082     999    1050    1051    1112
    1031    1092    1021    1094    1027    1007    1064    1066     964    1030
     989    1002     977     994    1002     973     940    1013     924     956
     972    1000     957     969     902     964     936     960     911     901
     925     933     949     927     958     963     877     891     881     964
     894     959     883     936     869     883     943     919     831     925
     902     928     886     911     908     921     916     962     910     885
     890     946     869     951     869     918     974     911     884     904
     867     946     899     998     908     998     909     839     961     981
     878     972     934     935     999     959     900     936     889     894
     907     850     952     952     911     878     836     872     920     907
     836     856     871     872     812     925     900     895     866     874
     829     857     873     818     887     851     875     834     849     882
     858     859     856     835     804     871     845     903     794     875
     863     813     800     824     837     891     911     832     847     842
     789     840     898     868     810     831     834     875     783     790
     810     864     803     830     839     815     794     826     813     858
     770     794     807     799     828     768     852     807     763     813
     821     838     825     736     855     823     782     831     815     782
     779     803     799     773     737     778     793     786     789     829
     759     801     782     741     857     804     746     785     768     852
     754     759     795     784     746     707     840     800     691     772
     769     815     751     775     856     797     741     715     754     800
     732     798     739     775     772     750     773     733     795     748
     727     805     779     823     748     741     756     784     825     785
     741     807     759     734     755     818     823     777     741     794
     778     750     773     771     778     781     758     739     773     739
     714     806     797     789     707     802     753     818     775     756
     778     783     686     734     703     772     728     718     795     777
     762     730     732     727     734     762     782     762     669     675
     701     756     651     725     745     726     695     750     706     761
     688     709     728     730     671     709     762     761     700     729
     715     736     684     703     706     758     772     710     751     745
     729     770     707     713     711     699     751     724     693     723
     666     706     690     696     717     679     716     709     690     748
     698     682     754     709     680     732     719     747     725     709
     671     735     685     728     732     718     660     731     689     717
     673     745     726     696     749     730     724     715     683     707
     643     753     663     710     686     737     672     674     696     686
     713     714     690     688     683     686     726     669     729     685
     751     724     701     725     704     669     691     637     738     724
     695     701     663     693     679     696     694     680     679     677
     721     711     718     742     679     735     707     692     684     728
     663     707     731     711     647     669     684     746     725     650
     762     762     682     729     719     747     715     681     703     686
     739     769     726     727     682     706     715     760     680     770
     717     732     720     743     751     742     737     790     778     738
     751     712     815     764     713     765     777     784     721     787
     743     781     755     799     784     803     775     799     798     832
     745     795     795     788     793     825     842     833     818     849
     862     851     802     821     850     855     795     812     825     837
     904     911     862     955     949     898     870     941     903     901
     939    1021     981     975     945    1012     980    1011    1036    1061
    1043    1028    1055    1153    1028    1133    1206    1230    1187    1232
    1287    1235    1297    1292    1379    1415    1368    1511    1539    1614
    1552    1641    1771    1850    1669    1807    1917    1936    1962    2019
    2247    2267    2183    2298    2482    2696    2560    2698    2976    2834
    2990    2976    3111    3283    3160    3406    3430    3604    3479    3684
    3748    3903    3851    4000    4214    4245    4071    4207    4302    4346
    4335    4332    4594    4645    4451    4441    4704    4738    4444    4318
    4913    4663    4267    4454    4425    4549    4309    4284    4356    4301
    3973    4100    4004    3967    3679    3892    3685    3667    3412    3467
    3391    3324    3095    3039    3052    2964    2704    2746    2479    2536
    2406    2258    2342    2160    2047    2111    2000    1974    1736    1720
    1741    1660    1594    1537    1438    1495    1363    1316    1334    1273
    1193    1237    1142    1189    1181    1107    1130    1180    1139    1080
    1204    1189    1153    1167    1321    1271    1274    1323    1360    1493
    1500    1560    1661    1809    1688    1899    1973    2013    1942    2089
    2206    2277    2164    2269    2303    2389    2280    2415    2472    2334
    2228    2338    2244    2272    2146    2015    2108    1946    1821    1761
    1758    1565    1498    1462    1420    1328    1159    1081    1111     992
     978     882     830     818     754     810     746     731     739     617
     690     649     632     671     655     656     614  337004
