$Informacoes da Fluorescencia de Raios-X:
"Sample    : ACC-193-MS",                                                                 
"Operator  : thiago",                                                                     
"Comment  : ",                                                                            
"Group     : thiago_acra2010ma",                                                          
"Date       : 2010-05-27 02:29:12",                                                       
"",                                                                                       
"Mesurement Condition",                                                                   
"------------------------------------------------------------------------------------",   
"Instrument : 700HS2   Atmosphere : Vac.   Collimator : 10(mm)   Spin : No",              
"------------------------------------------------------------------------------------",   
"Analyte               TG kV   uA      FI Acq.(keV)  Anal.(keV)  Time(sec)     DT(%)",    
"------------------------------------------------------------------------------------",   
"Na                    Rh 50 1000-Auto Al  0 - 20    0.8 - 1.2   Live -  960   17",       
"Channel_info_start",                                                                     
"Channel : Na",                                                                           
"Points : 2048
"Range : 0.000000 - 20.480000",                                                           
"Step : 0.010000",                                                                        
"Channel_info_end",                                                                       
$DATA:
       0    2047
       0       0       0       0       0       0       0       0       0    2048
       0       0       0       0       0       0       0       0       0       0
       0       0       0       0       0       0       0       0       0       0
       0       0       0       0       0       0       0       1       0      12
      99     240     237     240     233     266     292     249     245     262
     268     272     239     258     250     269     232     261     249     292
     269     247     270     278     261     281     256     283     283     322
     329     362     373     437     419     421     428     452     437     435
     363     365     358     312     304     273     245     301     279     295
     290     318     333     338     346     362     369     395     437     438
     371     383     364     337     331     330     290     310     295     310
     331     357     342     330     375     385     339     352     334     315
     317     270     275     294     226     281     261     283     265     312
     278     290     297     348     338     346     315     347     284     288
     279     290     281     280     252     270     257     270     289     327
     370     481     516     619     710     847     857     953     949    1058
     964     990     902     929     757     704     625     601     508     525
     436     471     450     606     645     961    1132    1608    1996    2506
    2842    3476    3642    4049    3783    4242    3564    3508    2790    2628
    2041    1674    1172    1011     740     670     540     514     427     412
     410     403     418     455     385     410     392     448     415     494
     464     450     418     421     386     410     384     386     401     384
     335     404     334     356     355     415     383     446     406     535
     589     676     826    1093    1267    1582    1719    2023    2219    2462
    2471    2586    2499    2517    2207    2096    1816    1571    1315    1205
    1000     923     729     757     690     754     674     801     826     990
    1160    1534    1994    2608    3405    4752    5345    7028    7764    9405
    9808   11192   10765   11415   10563   10338    8621    7868    6376    5410
    4118    3460    2309    2030    1501    1324    1178    1220    1166    1241
    1298    1341    1346    1295    1349    1177    1095     991     867     744
     632     594     520     431     391     336     333     348     300     345
     305     334     265     362     318     359     296     328     348     340
     367     372     374     397     412     497     547     689     840    1113
    1428    1982    2509    3357    4192    5578    6450    7886    8806    9814
   10122   10859   10690   10958    9618    9528    7707    7140    5571    4713
    3483    2831    2014    1654    1152     981     677     640     659     719
     733     875    1012    1229    1374    1775    1905    2426    2834    3428
    4053    5025    5474    6776    7182    8844    8967   10068    9785   10554
    9879    9858    9000    8389    7029    6200    5290    4357    3281    2592
    2004    1481    1078     907     645     577     524     563     537     538
     610     691     736     806     912    1106    1160    1276    1380    1589
    1476    1672    1516    1564    1486    1436    1216    1194    1077    1006
     734     717     651     562     527     497     447     438     426     463
     437     453     423     412     451     452     439     428     495     502
     468     455     476     513     518     555     556     576     623     728
     824     902     981    1171    1282    1580    1559    1838    1877    1970
    1950    2090    1999    2027    1842    1855    1621    1455    1402    1302
    1171    1078    1011     942     868     775     794     822     853     731
     733     821     749     836     776     762     731     813     812     826
     794     925     806     913     873     961     868     985    1027     999
    1004     986    1039    1077    1005    1032     992    1014     924     961
     935     907     826     867     806     879     799     875     727     789
     868     829     803     909     779     809     873     920     830     879
     868     868     851     853     874     991     809    1064     904    1039
     969     999     930    1056     999    1077    1047    1092    1032    1161
    1107    1191    1117    1166    1137    1182    1034    1218    1161    1152
    1114    1149    1093    1172    1136    1178    1186    1177    1136    1253
    1137    1222    1100    1241    1170    1167    1200    1229    1229    1256
    1202    1259    1261    1300    1262    1380    1230    1346    1346    1425
    1424    1545    1454    1655    1582    1695    1662    1923    1780    1906
    1760    2041    1800    1821    1691    1786    1685    1728    1587    1726
    1568    1587    1556    1597    1540    1582    1618    1598    1542    1597
    1542    1634    1563    1694    1634    1732    1721    1872    1818    1992
    1985    2384    2756    3221    3859    4767    5491    6983    8583   10556
   11978   15077   17393   20336   22008   25474   27288   29946   29850   34276
   30927   32357   29002   29167   26298   25096   20693   19571   16316   14580
   11484    9840    8091    6937    5232    4796    3612    3397    2769    2432
    2215    2226    1973    2060    1970    2028    1939    1987    1947    2062
    1893    2028    1948    2088    1924    2103    1995    2131    2003    2014
    2107    2149    2138    2180    2057    2088    2180    2367    2274    2497
    2432    2657    2747    3049    3112    3489    3827    4142    4344    4752
    5050    5272    5332    5723    5913    6010    5650    6042    5445    5620
    4984    4987    4468    4330    3709    3704    3319    3149    2823    2811
    2349    2491    2213    2229    2145    2170    2063    2156    2095    2181
    1950    2131    2077    2133    2051    2144    2160    2116    2041    2061
    2085    2119    2029    2065    2099    2191    2051    2127    2168    2246
    2091    2105    2002    2116    2051    2086    2083    2259    1989    2090
    2067    2080    2001    2113    2058    2187    1999    2091    2111    2078
    2003    2191    2022    2122    2047    2102    2149    2168    2158    2103
    2051    2135    2050    2276    2140    2203    2178    2273    2245    2438
    2271    2414    2343    2615    2467    2642    2714    2972    2803    3034
    3136    3218    3163    3288    2985    3304    3046    3064    3025    2965
    2705    2782    2612    2440    2450    2421    2212    2271    2083    2130
    2013    2023    1795    1891    1944    1891    1888    1865    1861    1975
    1878    1953    1844    1984    1852    1911    1767    1849    1778    1910
    1887    1933    1833    1870    1837    1956    1912    2044    2039    2202
    2190    2332    2309    2438    2442    2682    2761    3031    2889    3019
    3076    3221    2994    3325    3270    3174    3084    2973    2871    2835
    2532    2510    2509    2472    2184    2228    2184    2096    2011    2043
    1950    1990    1891    1923    1872    1925    1878    1933    1944    1984
    1879    1882    1879    1912    1792    1883    1912    1825    1810    1859
    1834    1789    1725    1782    1764    1805    1691    1780    1759    1876
    1763    1766    1696    1827    1719    1750    1698    1855    1700    1759
    1725    1814    1683    1812    1744    1813    1764    1741    1742    1790
    1650    1784    1719    1758    1665    1758    1742    1800    1703    1776
    1722    1832    1700    1937    1765    1760    1726    1821    1776    1925
    1822    1825    1966    1905    1758    1943    1811    1878    1800    1857
    1910    1898    1833    1872    1867    1886    1790    1796    1843    1909
    1681    1654    1623    1747    1773    1784    1696    1779    1669    1649
    1688    1773    1640    1665    1743    1680    1566    1685    1639    1764
    1694    1723    1730    1717    1553    1766    1620    1753    1553    1678
    1650    1702    1681    1705    1652    1754    1685    1734    1638    1661
    1636    1657    1706    1675    1673    1639    1719    1700    1618    1740
    1723    1715    1600    1753    1713    1740    1619    1730    1619    1713
    1562    1705    1656    1739    1604    1721    1730    1759    1752    1878
    1739    1814    1691    1832    1775    1878    1770    1878    1878    1987
    1920    2004    1971    1972    1872    1970    1968    1972    1854    1937
    1860    1917    1872    1906    1908    1823    1775    1779    1766    1826
    1732    1770    1737    1779    1683    1762    1711    1805    1689    1735
    1696    1775    1621    1651    1758    1763    1666    1797    1745    1755
    1649    1773    1700    1735    1678    1717    1759    1720    1608    1725
    1607    1748    1705    1775    1776    1792    1619    1762    1698    1735
    1618    1701    1760    1774    1672    1730    1726    1765    1645    1786
    1737    1781    1691    1702    1663    1778    1616    1713    1656    1823
    1646    1692    1740    1770    1702    1830    1698    1769    1600    1717
    1684    1743    1649    1680    1719    1785    1575    1633    1705    1714
    1729    1809    1628    1765    1754    1723    1687    1654    1625    1748
    1807    1640    1591    1710    1690    1750    1607    1718    1703    1737
    1678    1717    1809    1809    1742    1867    1886    1882    1904    2009
    2048    2074    1940    2056    2091    2223    2159    2149    2314    2284
    2235    2310    2324    2293    2077    2085    2180    2151    2035    2100
    1919    1959    1930    1863    1795    1843    1747    1669    1702    1723
    1567    1679    1668    1647    1600    1643    1669    1655    1512    1687
    1551    1632    1512    1565    1611    1604    1467    1580    1485    1534
    1481    1651    1498    1539    1520    1555    1584    1597    1431    1521
    1652    1699    1493    1607    1511    1601    1557    1511    1717    1579
    1611    1619    1578    1619    1572    1667    1602    1776    1618    1633
    1601    1652    1649    1746    1680    1722    1550    1643    1553    1645
    1577    1635    1644    1560    1557    1566    1619    1557    1567    1599
    1644    1545    1543    1575    1435    1467    1483    1498    1520    1501
    1439    1525    1503    1543    1417    1451    1529    1485    1419    1514
    1486    1526    1437    1452    1493    1484    1402    1471    1458    1522
    1485    1519    1492    1440    1455    1505    1405    1520    1453    1495
    1493    1588    1570    1525    1508    1605    1494    1649    1571    1597
    1562    1617    1579    1593    1636    1532    1572    1590    1512    1553
    1544    1618    1478    1529    1501    1573    1464    1453    1474    1498
    1473    1429    1475    1469    1482    1379    1342    1397    1371    1400
    1395    1386    1366    1403    1385    1420    1340    1351    1383    1456
    1320    1325    1379    1371    1347    1388    1410    1413    1337    1396
    1404    1388    1342    1419    1431    1400    1321    1397    1377    1406
    1408    1416    1381    1432    1341    1460    1492    1405    1328    1386
    1441    1424    1390    1420    1377    1438    1346    1419    1440    1509
    1351    1420    1407    1424    1366    1399    1482    1410    1353    1388
    1433    1475    1375    1410    1290    1399    1305    1403    1383    1361
    1302    1331    1306    1381    1261    1326    1296    1368    1201    1349
    1368    1346    1231    1308    1373    1334    1244    1275    1357    1353
    1281    1234    1257    1275    1289    1274    1300    1316    1262    1275
    1280    1329    1250    1233    1324    1377    1260    1258    1390    1276
    1251    1316    1366    1276    1255    1267    1219    1330    1315    1238
    1222    1284    1286    1256    1251    1283    1208    1312    1289    1314
    1179    1259    1227    1325    1158    1130    1276    1225    1239    1263
    1300    1246    1190    1201    1308    1167    1194    1227    1262    1302
    1206    1264    1250    1251    1168    1224    1196    1238    1157    1228
    1171    1216    1166    1213    1222    1230    1190    1237    1218    1251
    1115    1141    1178    1152    1132    1190    1183    1275    1089    1160
    1180    1190    1178    1257    1207    1160    1109    1171    1189    1172
    1051    1228    1155    1175    1156    1130    1188    1154    1155    1178
    1171    1201    1139    1196    1133    1244    1130    1192    1223    1212
    1154    1216    1154    1211    1152    1220    1183    1231    1123    1163
    1216    1210    1098    1238    1127    1247    1170    1129    1155    1089
    1138    1120    1211    1111    1171    1087    1134    1101    1165    1138
    1147    1145    1149    1130    1136    1160    1135    1150    1078    1157
    1070    1072    1167    1130    1106    1120    1080    1166    1073    1111
    1123    1143    1104    1068    1118    1106    1048    1078    1163    1077
    1043    1070    1130    1143    1082    1089    1002    1123    1057    1083
    1162    1038    1080    1111    1083    1120    1098    1121    1147    1057
    1062    1106    1096    1100    1046    1077    1138    1111    1059    1100
    1075    1149    1006    1106    1158    1154    1084    1192    1071    1076
    1079    1115    1099    1159    1056    1098    1068    1184    1064    1102
    1082    1080    1073    1072    1138    1094    1016    1099    1096    1120
    1053    1068     968    1105    1050    1091    1068    1145    1003    1023
    1092    1134    1065    1031    1079    1137    1015    1077    1048    1105
     975    1102    1101    1088    1033    1045    1054    1106    1005    1088
    1115    1109    1015    1066    1043    1128    1073    1019    1106    1133
    1048    1113    1073    1122    1016    1006    1081    1053    1037    1071
    1101    1072    1076    1121    1049    1085    1090    1092    1081    1099
    1090    1049    1144    1088    1028    1103    1054    1025    1105    1103
    1098    1075    1054    1112    1117    1083    1133    1099    1128    1140
    1056    1113    1090    1084    1078    1151    1126    1165    1155    1118
    1162    1132    1095    1096    1167    1215    1135    1189    1175    1140
    1155    1077    1281    1173    1058    1165    1147    1183    1206    1139
    1152    1190    1170    1158    1183    1157    1207    1280    1202    1211
    1216    1229    1238    1290    1159    1304    1229    1309    1281    1224
    1289    1281    1289    1273    1325    1298    1227    1366    1381    1368
    1314    1306    1284    1312    1343    1478    1396    1418    1449    1441
    1497    1496    1406    1477    1562    1580    1440    1531    1651    1633
    1503    1641    1652    1732    1670    1708    1854    1793    1765    1810
    1916    1897    1886    2060    2136    2200    2151    2129    2371    2428
    2296    2598    2579    2699    2550    2823    2757    3017    2975    3128
    3272    3427    3333    3600    3870    3689    3917    3891    4406    4513
    4277    4540    4754    4905    4819    4979    5235    5365    5202    5481
    5727    5930    5861    5928    6107    6252    6217    6430    6466    6561
    6412    6615    6892    6921    6696    6896    6846    7169    6750    6763
    7315    7036    6819    6700    6707    6741    6409    6638    6536    6500
    6281    6213    6179    6111    5758    5881    5671    5782    5260    5233
    5119    4995    4792    4718    4758    4448    4193    4130    4096    3948
    3620    3574    3656    3541    3074    3273    3016    3011    2741    2805
    2769    2519    2409    2369    2355    2306    2105    2038    2094    1961
    1860    1876    1825    1853    1782    1690    1774    1752    1681    1690
    1768    1688    1634    1653    1872    1852    1768    2006    2050    2114
    2075    2182    2246    2467    2473    2603    2657    2916    2775    3026
    3131    3263    3169    3330    3541    3550    3554    3558    3669    3697
    3534    3625    3599    3491    3408    3327    3483    3367    2968    2974
    2788    2875    2511    2457    2493    2305    2091    2001    1924    1748
    1684    1571    1561    1431    1261    1263    1140    1193    1077    1019
    1082    1102     983     949    1002    1053     926  521079
