$Informacoes da Fluorescencia de Raios-X:
"Sample    : ACC-169-MS",                                                                 
"Operator  : thiago",                                                                     
"Comment  : ",                                                                            
"Group     : thiago_acra2010ma",                                                          
"Date       : 2010-05-26 17:13:51",                                                       
"",                                                                                       
"Mesurement Condition",                                                                   
"------------------------------------------------------------------------------------",   
"Instrument : 700HS2   Atmosphere : Vac.   Collimator : 10(mm)   Spin : No",              
"------------------------------------------------------------------------------------",   
"Analyte               TG kV   uA      FI Acq.(keV)  Anal.(keV)  Time(sec)     DT(%)",    
"------------------------------------------------------------------------------------",   
"Na                    Rh 50 1000-Auto Al  0 - 20    0.8 - 1.2   Live -  959   12",       
"Channel_info_start",                                                                     
"Channel : Na",                                                                           
"Points : 2048
"Range : 0.000000 - 20.480000",                                                           
"Step : 0.010000",                                                                        
"Channel_info_end",                                                                       
$DATA:
       0    2047
       0       0       0       0       0       0       0       0       0    2048
       0       0       0       0       0       0       0       0       0       0
       0       0       0       0       0       0       0       0       0       0
       0       0       0       0       0       0       0       1       3       6
      72     151     159     163     155     177     157     159     148     162
     160     146     158     162     177     164     135     178     137     171
     155     159     173     215     179     238     230     218     232     226
     214     265     220     289     260     309     273     320     263     312
     239     251     221     223     181     180     195     155     177     170
     158     190     235     203     261     256     290     296     293     279
     235     258     253     256     185     204     156     209     208     250
     235     276     272     275     286     264     234     276     250     251
     234     205     210     165     159     182     207     173     169     184
     210     201     230     264     212     241     257     273     202     253
     212     218     194     183     205     223     182     201     209     277
     345     447     487     718     731     999    1007    1020    1169    1269
    1125    1267    1031     977     839     768     643     601     502     475
     403     430     447     479     659     963    1238    1775    2305    2879
    3371    4030    4395    4802    4651    5098    4328    4158    3411    3036
    2262    1972    1405    1088     761     670     509     439     403     418
     364     379     351     321     360     368     351     417     398     410
     379     395     385     352     302     362     318     325     285     271
     275     317     267     318     289     319     327     328     365     456
     526     738     797    1106    1370    1739    1883    2321    2621    2975
    3026    3138    3007    2962    2503    2349    2077    1660    1347    1188
     921     777     648     651     594     571     574     626     727     802
     960    1159    1498    2067    2588    3802    4297    5713    6286    7625
    8195    9148    8899    9394    8758    8568    7094    6346    5294    4395
    3195    2603    1784    1547    1077    1034     930     926     928     993
    1048    1126    1027    1117     981     913     812     837     618     660
     481     438     356     352     311     248     242     282     246     243
     239     278     215     249     244     253     218     275     261     256
     302     295     325     327     351     431     445     622     763    1089
    1437    2037    2554    3580    4439    5947    6780    8572    9448   10725
   10892   11643   11600   11526   10415   10301    8126    7539    5743    4875
    3668    2807    2052    1591    1054     862     640     588     547     626
     656     838    1011    1172    1337    1847    2008    2474    2939    3607
    4374    5387    6128    7232    8149    9711   10096   11404   11434   12054
   11137   11269   10070    9370    7809    7013    5594    4643    3268    2747
    1981    1475    1040     801     606     495     394     400     383     437
     468     576     682     788     806     967    1183    1264    1328    1605
    1540    1643    1530    1548    1442    1396    1208    1172     964     860
     687     601     495     431     412     331     337     306     307     293
     267     305     266     301     297     289     293     307     308     287
     276     299     311     347     310     364     394     484     488     598
     699     843     970    1119    1310    1664    1754    1937    2055    2287
    2184    2275    2281    2289    1946    1925    1726    1577    1319    1218
    1039     964     738     801     644     646     534     596     555     562
     486     505     524     531     448     477     499     523     474     566
     601     618     585     612     566     702     642     727     708     758
     714     823     795     781     790     846     761     703     710     663
     654     708     560     575     561     547     539     518     529     493
     506     509     479     537     495     514     520     535     477     564
     530     529     511     513     561     600     588     616     585     645
     582     642     643     674     669     675     654     735     655     697
     749     821     745     765     694     780     739     780     748     709
     701     745     740     729     677     712     699     720     684     740
     664     786     676     695     668     721     679     743     738     727
     677     739     763     800     753     799     766     859     810     924
     932    1082     980    1190    1076    1210    1197    1236    1309    1368
    1332    1374    1237    1293    1301    1204    1103    1149    1085    1138
    1024    1049     930     981     988     988     966     985     969    1033
     904     991     994    1113    1015    1085    1107    1217    1269    1403
    1612    1856    2227    2888    3593    4573    5560    7422    9053   11591
   13478   16847   19822   23545   25891   29646   31872   34995   34491   38804
   35677   36678   33321   33207   29667   27725   23472   21284   17880   15453
   11940   10212    7994    6471    4831    4235    3031    2558    2024    1824
    1580    1395    1230    1280    1247    1177    1122    1144    1120    1194
    1134    1177    1203    1172    1134    1219    1252    1190    1123    1315
    1253    1238    1148    1221    1330    1394    1324    1528    1524    1632
    1647    1884    2095    2392    2597    2858    3244    3610    3842    4297
    4632    5240    5185    5629    5787    5946    5659    5627    5169    5123
    4535    4472    4133    3722    3163    3111    2633    2351    1977    1970
    1725    1631    1415    1409    1310    1347    1256    1243    1143    1215
    1204    1141    1164    1193    1082    1176    1294    1189    1175    1166
    1211    1255    1222    1287    1215    1282    1201    1242    1214    1233
    1171    1214    1194    1223    1171    1215    1242    1195    1186    1207
    1241    1208    1113    1186    1114    1157    1072    1157    1168    1173
    1138    1220    1184    1257    1122    1253    1195    1269    1158    1207
    1212    1242    1160    1286    1130    1226    1189    1274    1195    1330
    1317    1363    1405    1419    1398    1514    1524    1574    1539    1640
    1641    1723    1581    1697    1616    1655    1651    1668    1603    1620
    1496    1475    1390    1386    1298    1339    1189    1199    1175    1212
    1092    1162    1079    1178    1114    1149    1074    1091    1041    1090
     990    1140    1142    1144    1039    1085    1011    1069    1026    1086
    1115    1179    1131    1125    1135    1224    1233    1251    1240    1324
    1463    1559    1664    1824    1816    1973    2260    2276    2376    2540
    2550    2749    2726    2625    2663    2663    2429    2427    2274    2200
    2060    2028    1774    1774    1607    1492    1468    1348    1272    1265
    1191    1189    1181    1152    1095    1103    1061    1064    1121    1156
    1024    1101    1117    1081    1050    1074    1111    1082     988    1049
    1074    1052    1004    1081     989    1048     958    1065     997    1048
     985     993     962    1074    1023    1062    1049    1013     965    1013
    1034    1048    1030    1042    1079    1030    1034    1009     992    1030
    1018    1013    1009    1061     995     996    1007    1025     945    1009
    1049    1054    1049    1106    1058    1079    1011    1104    1146    1147
    1116    1082    1243    1224    1100    1218    1187    1193    1131    1198
    1166    1205    1071    1147    1091    1126    1028    1071    1072    1057
     999    1038    1009    1101     955    1050     987    1009     951     991
    1001     975     931     978     996    1007     957     947    1014    1021
     937     968    1003    1040     953    1012     984     993     939     966
     950    1008     938     966    1011     980     957     957     961     982
     941    1005     976     932     937     946     972     962     978     999
     970    1027     992    1021     969     974     900    1025     979    1003
    1015    1033     945     968     946     977     983    1014    1012    1003
    1031    1053     993    1009    1041    1158    1024    1068    1097    1119
    1058    1102    1094    1135    1120    1173    1119    1143    1015    1060
    1043    1073    1041    1018    1051    1056    1021    1024    1020    1065
     982    1059    1000    1050     953     999     955     983     951    1029
    1018     914     929     973     997     909     943    1009     994     973
    1006    1021     912    1007     917    1013     944     988     974     998
    1036    1035     994    1009     973    1024    1016     938     954    1042
     977    1040    1024    1001     928     952    1004    1008     950    1015
    1015    1019     949     951     939     996     987     968     965     982
     927     999     917    1008     994     995     967     979     937     932
     962    1016     930     988    1052     932     894     943    1010     993
     921    1051     950     922     944     935     974    1025     880     968
     995    1000     891     952    1009     913     915     935    1004    1069
     977    1029    1001    1046    1026    1056    1072    1142    1039    1142
    1262    1250    1224    1274    1326    1376    1365    1407    1340    1401
    1310    1455    1397    1355    1230    1271    1257    1321    1238    1143
    1197    1178    1101    1067    1003    1045     998    1016     958     959
     960     918     852    1013     871     913     930     913     881     924
     901     914     839     931     945     905     882     903     857     920
     885     870     851     970     889     898     894     968     846     902
     899     931     893     848     897     905     843     873     942     889
     908     985     886     915     932     983     977    1008     874     868
     977     933     878     982     920     978     896     926     908     883
     877     878     955     938     870     844     871     907     823     922
     901     886     845     868     853     891     840     883     843     866
     851     831     858     866     837     854     829     888     788     863
     855     845     859     841     870     854     760     885     832     843
     780     804     851     936     806     889     902     953     887     880
     894     907     848     890     890     962     816     934     976     912
     914     932     926     975     848     911     919     962     885     885
     933     937     845     943     845     885     858     876     832     826
     809     848     810     893     768     740     822     834     795     829
     784     795     800     734     777     800     832     797     830     836
     753     795     851     749     765     801     799     866     776     766
     748     767     723     788     743     855     783     786     834     781
     786     762     822     808     782     841     776     863     782     790
     852     816     827     840     770     872     839     848     884     869
     903     908     880     885     834     831     835     881     831     838
     848     802     861     809     790     789     749     781     820     855
     736     811     808     807     748     764     759     763     712     699
     806     777     692     722     748     708     720     748     767     701
     666     722     765     763     671     703     652     727     740     806
     723     730     667     678     746     715     731     741     722     760
     693     698     798     764     714     736     705     738     705     749
     693     736     687     732     734     719     702     792     687     750
     737     735     733     727     702     712     733     782     740     676
     738     708     724     653     709     671     713     695     724     715
     685     710     694     749     739     678     695     677     666     683
     630     674     638     628     644     641     644     664     737     684
     654     656     621     629     633     651     738     690     628     684
     712     714     674     652     668     752     651     664     679     649
     633     691     702     679     632     620     666     649     663     703
     658     694     677     718     654     727     707     675     731     713
     694     630     679     744     700     710     723     795     645     673
     664     723     653     716     699     713     667     662     646     679
     658     693     633     702     648     633     648     679     637     681
     675     655     617     630     646     672     580     669     689     606
     607     598     613     628     628     644     583     628     654     627
     614     594     552     647     622     631     590     610     602     658
     632     627     655     606     600     645     607     606     620     624
     646     647     587     630     611     618     597     673     615     623
     625     600     612     668     603     614     658     598     651     643
     613     605     641     609     590     638     623     585     591     630
     606     605     670     616     560     612     577     647     579     595
     564     611     579     624     598     622     614     597     609     685
     658     592     649     639     567     648     639     581     532     637
     577     611     581     609     579     605     551     617     645     624
     578     596     601     639     600     615     618     593     647     569
     595     612     618     597     629     621     595     599     653     576
     623     636     625     623     553     603     610     622     551     576
     618     615     572     622     614     608     615     569     598     660
     613     596     621     612     610     574     627     642     624     639
     695     642     581     602     605     641     626     626     631     656
     669     630     590     618     611     647     660     637     622     602
     620     624     630     614     640     654     594     585     670     712
     615     574     712     641     632     728     659     655     657     688
     671     701     651     721     641     660     643     709     717     646
     717     662     739     690     658     691     749     701     642     695
     681     746     690     727     701     719     686     729     781     791
     746     798     753     829     760     800     777     843     800     812
     850     862     765     796     829     887     902     820     881     924
     813     951     884     923     915     961    1049    1052     972    1036
    1100    1075    1049    1141    1123    1193    1237    1263    1279    1315
    1285    1461    1431    1490    1456    1591    1678    1656    1685    1762
    1901    1901    1887    2110    2106    2201    2131    2123    2477    2389
    2422    2572    2589    2721    2797    2802    3041    3126    3028    3161
    3321    3311    3303    3401    3532    3560    3513    3574    3684    3786
    3581    3688    4051    4070    3808    3866    3952    3975    3829    3773
    4254    3995    3843    3822    3736    3789    3741    3618    3629    3799
    3355    3440    3428    3422    3167    3291    3156    3199    2973    2929
    2850    2756    2552    2572    2542    2486    2345    2212    2193    2049
    1957    1975    1985    1894    1710    1760    1599    1666    1580    1514
    1455    1410    1314    1317    1252    1227    1182    1210    1156    1120
    1021     999    1054    1019     983     990     984    1043     952     935
     984    1027     997     974    1169    1114    1104    1143    1213    1361
    1289    1388    1463    1570    1541    1603    1634    1730    1738    1901
    1898    1967    1969    2040    2096    2172    2012    2017    2030    2055
    1979    1915    1939    1994    1846    1676    1852    1722    1508    1643
    1468    1413    1317    1218    1224    1143    1021     951     938     886
     762     779     771     681     681     684     563     602     546     541
     567     559     560     530     562     576     532  290778
