$Informacoes da Fluorescencia de Raios-X:
"Sample    : ACC-206-MS",                                                                 
"Operator  : thiago",                                                                     
"Comment  : ",                                                                            
"Group     : thiago_acra2010ma",                                                          
"Date       : 2010-05-27 06:49:55",                                                       
"",                                                                                       
"Mesurement Condition",                                                                   
"------------------------------------------------------------------------------------",   
"Instrument : 700HS2   Atmosphere : Vac.   Collimator : 10(mm)   Spin : No",              
"------------------------------------------------------------------------------------",   
"Analyte               TG kV   uA      FI Acq.(keV)  Anal.(keV)  Time(sec)     DT(%)",    
"------------------------------------------------------------------------------------",   
"Na                    Rh 50 1000-Auto Al  0 - 20    0.8 - 1.2   Live -  959   19",       
"Channel_info_start",                                                                     
"Channel : Na",                                                                           
"Points : 2048
"Range : 0.000000 - 20.480000",                                                           
"Step : 0.010000",                                                                        
"Channel_info_end",                                                                       
$DATA:
       0    2047
       0       0       0       0       0       0       0       0       0    2048
       0       0       0       0       0       0       0       0       0       0
       0       0       0       0       0       0       0       0       0       0
       0       0       0       0       0       0       0       4       3      10
      79     260     252     280     255     274     287     283     248     261
     241     278     272     233     272     296     263     302     234     284
     284     299     288     310     296     343     323     341     319     305
     358     409     385     438     381     443     463     470     401     460
     420     404     369     355     323     286     268     296     293     342
     319     339     363     427     415     452     483     531     506     537
     463     464     427     392     368     410     329     369     331     356
     376     429     433     412     437     423     402     404     382     335
     345     325     301     306     290     273     306     306     303     322
     315     365     338     354     350     405     388     422     291     364
     315     336     326     333     276     314     330     300     369     433
     493     606     700     916     996    1240    1185    1474    1386    1498
    1438    1419    1232    1244    1033     931     731     724     586     605
     520     552     586     734     860    1233    1548    2231    2803    3577
    4069    4917    5196    5677    5409    5792    5038    4688    4006    3602
    2833    2321    1754    1444    1034     845     689     588     472     570
     505     495     512     492     545     539     511     524     526     578
     544     540     479     511     466     522     431     508     389     399
     414     423     420     443     399     423     460     536     509     585
     723     855     940    1186    1457    1842    2017    2336    2506    2865
    2824    2999    2854    2836    2488    2366    2094    1836    1422    1322
    1117    1035     859     857     806     894     832     946     991    1361
    1467    1938    2613    3483    4587    6604    7472    9606   10525   13055
   13565   15465   14802   15686   14313   13890   11671   10777    8755    7499
    5450    4530    3144    2613    1939    1777    1585    1678    1510    1667
    1776    1778    1672    1783    1675    1544    1386    1261     977     931
     736     700     565     519     419     400     355     359     348     343
     340     360     343     382     321     369     333     370     387     385
     359     411     404     443     446     535     580     702     823    1202
    1489    2063    2506    3485    4278    5566    6351    7828    8382    9568
    9454   10531   10155   10268    9163    9181    7357    6683    5381    4588
    3429    2825    1924    1595    1178     899     798     715     635     785
     830    1036    1031    1360    1610    1946    2332    2933    3500    4605
    5454    6923    7850    9895   10880   12755   13528   15030   14968   16159
   15182   15249   13804   13107   10759    9549    7870    6562    4648    4027
    3010    2179    1525    1222     860     770     616     615     633     679
     735     912     971    1115    1365    1495    1674    1871    1885    2269
    2086    2317    2167    2193    2138    2040    1725    1572    1379    1261
    1068     945     766     749     630     616     534     518     475     471
     495     557     506     488     516     483     490     534     467     564
     483     532     510     584     555     581     604     754     784     957
    1046    1220    1310    1692    1784    2112    2275    2563    2854    2905
    2809    2931    2884    2886    2575    2539    2300    2083    1769    1730
    1504    1400    1167    1137    1015     991     935    1015     832     975
     857     936     888     903     835     842     880     918     829     949
     909     977     907    1087    1079    1113    1093    1174    1148    1265
    1076    1231    1233    1209    1167    1265    1113    1145    1118    1097
    1076    1147     996     939     888     920     894     878     869     978
     874     953     865     951     854     961     871    1017     945     943
     968    1004     999     975     940    1009    1008    1057     955    1048
     976    1146    1105    1153    1113    1161    1210    1215    1180    1330
    1234    1372    1239    1338    1240    1361    1269    1271    1259    1313
    1226    1344    1314    1333    1197    1366    1265    1319    1236    1330
    1241    1343    1255    1302    1274    1289    1199    1362    1328    1322
    1274    1397    1399    1438    1406    1553    1524    1496    1566    1611
    1679    1732    1762    1909    1889    2014    1960    2100    2042    2242
    2089    2292    2087    2216    2063    2126    1970    1989    1925    1820
    1779    1832    1782    1779    1682    1745    1699    1730    1767    1781
    1702    1788    1784    1934    1878    1993    1947    2092    2175    2427
    2628    3110    3422    4432    5268    6651    7970   10330   12588   15900
   18436   22484   26719   31238   33445   38449   41394   45242   45083   50712
   46305   48427   44192   43370   39232   37238   31295   28757   24185   21094
   16621   14189   11304    9700    7170    6276    4743    4222    3263    3072
    2511    2571    2270    2320    2255    2265    1965    2107    2081    2224
    2063    2154    2134    2167    2064    2306    2163    2353    2205    2373
    2229    2360    2114    2373    2262    2490    2366    2682    2501    2886
    2836    3202    3319    3796    4110    4534    4938    5435    5780    6316
    6766    7203    7327    7958    8119    8177    7944    8013    7500    7357
    6602    6630    6005    5783    4998    4590    4212    3894    3323    3324
    2835    2877    2627    2551    2361    2448    2125    2233    2208    2311
    2100    2297    2240    2324    2216    2316    2310    2213    2195    2227
    2281    2461    2171    2292    2314    2349    2221    2383    2317    2292
    2243    2405    2273    2287    2133    2325    2273    2292    2115    2249
    2246    2307    2165    2293    2262    2246    2129    2289    2403    2435
    2247    2299    2173    2378    2140    2305    2242    2230    2250    2292
    2272    2358    2273    2443    2242    2377    2329    2466    2308    2530
    2349    2466    2530    2713    2554    2741    2712    2842    2809    3022
    2866    3007    2877    3092    2961    3043    2787    2905    2827    2791
    2686    2742    2557    2530    2383    2469    2332    2300    2100    2259
    2134    2216    1949    2178    2102    2072    2006    1980    2036    2015
    1980    2009    2055    2044    1936    2015    1984    2101    2011    2075
    2037    2174    1939    2110    2100    2064    2126    2219    2214    2381
    2211    2464    2422    2718    2731    2776    2940    3167    3077    3290
    3277    3427    3346    3310    3381    3305    3179    3348    2971    3132
    2754    2932    2649    2593    2439    2451    2289    2281    2075    2162
    2114    2145    2065    1983    2115    2079    2011    2133    2011    2129
    2043    2050    2083    2093    2024    1977    2072    1985    1927    2109
    1933    1947    1911    1899    1910    1975    1882    1911    1957    1927
    1839    1954    1901    2005    1868    1948    1860    1876    1889    1989
    1974    1930    1820    1906    1829    2022    1813    1977    1964    1996
    1891    1997    1836    1895    1870    1861    1898    1889    1800    1944
    1897    1905    1907    1967    1926    1984    1941    2029    1916    2034
    1923    2007    1969    2052    1931    1988    2041    2105    1970    1992
    2103    2037    1887    1972    1910    1967    1892    1943    1950    1938
    1835    1937    1889    1887    1821    1854    1857    1959    1848    1847
    1793    1788    1801    1854    1854    1869    1713    1798    1764    1889
    1767    1865    1856    1825    1699    1842    1810    1867    1811    1831
    1860    1819    1776    1799    1800    1804    1822    1852    1829    1872
    1767    1923    1769    1851    1762    1760    1897    1822    1793    1852
    1786    1845    1783    1826    1820    1915    1816    1865    1818    1985
    1851    1888    1830    1864    1802    1823    1819    1925    1776    1963
    1770    1939    1851    1930    1891    2051    1913    2002    1996    2006
    1917    1994    2023    2015    1919    2072    2057    2027    1953    1980
    1992    2046    1884    2079    1977    2015    1797    1983    1831    1927
    1907    1920    1841    1939    1933    1921    1826    1880    1861    1927
    1880    1858    1789    1930    1892    1854    1856    1986    1841    1955
    1774    1864    1809    1934    1721    1837    1861    1979    1811    1839
    1894    1982    1763    1901    1786    1920    1859    1898    1807    1846
    1782    1838    1875    1891    1823    1830    1904    1913    1836    1858
    1850    1891    1897    1859    1826    1887    1846    1945    1917    1967
    1759    1880    1780    1838    1876    1837    1884    1947    1820    1918
    1764    1826    1742    1860    1786    1868    1720    1789    1900    1866
    1681    1989    1799    1803    1719    1829    1777    1895    1762    1864
    1808    1804    1753    1802    1835    1861    1679    1822    1854    1861
    1835    1878    1906    1944    1858    1865    1896    1937    1819    1973
    1916    1988    1944    1993    2023    2058    1952    2045    2060    2131
    1978    2130    2093    2035    2015    2085    1983    1984    1929    1920
    1901    1966    1817    1869    1764    1852    1722    1776    1811    1890
    1636    1672    1716    1790    1673    1691    1686    1742    1679    1750
    1703    1628    1680    1703    1720    1851    1612    1754    1650    1810
    1700    1733    1673    1665    1654    1683    1665    1761    1667    1670
    1782    1650    1645    1663    1639    1723    1653    1724    1727    1712
    1641    1763    1625    1752    1777    1712    1812    1851    1722    1766
    1764    1742    1695    1699    1637    1731    1718    1701    1747    1774
    1657    1715    1757    1770    1569    1654    1680    1617    1603    1705
    1660    1755    1591    1597    1598    1725    1610    1698    1631    1670
    1549    1546    1623    1712    1608    1654    1563    1698    1624    1569
    1535    1669    1587    1616    1664    1603    1510    1663    1593    1627
    1484    1628    1665    1642    1555    1693    1665    1612    1561    1611
    1642    1665    1557    1594    1575    1662    1595    1639    1630    1662
    1555    1669    1661    1645    1632    1514    1694    1650    1499    1621
    1592    1664    1537    1651    1628    1556    1515    1610    1499    1685
    1559    1565    1546    1556    1497    1603    1474    1624    1534    1626
    1581    1553    1453    1469    1518    1507    1454    1547    1460    1561
    1425    1537    1564    1544    1416    1479    1487    1539    1412    1615
    1470    1574    1477    1530    1480    1564    1508    1475    1557    1517
    1541    1497    1473    1592    1471    1539    1504    1569    1453    1590
    1551    1595    1498    1600    1565    1588    1519    1579    1660    1606
    1515    1603    1565    1569    1577    1584    1624    1520    1576    1548
    1503    1502    1434    1639    1507    1504    1448    1546    1392    1563
    1450    1397    1499    1504    1457    1515    1504    1457    1383    1400
    1505    1461    1385    1471    1455    1453    1370    1373    1428    1416
    1312    1440    1350    1407    1285    1460    1412    1446    1236    1491
    1453    1447    1385    1339    1456    1360    1292    1395    1366    1503
    1347    1328    1503    1350    1361    1399    1293    1419    1324    1350
    1321    1410    1284    1338    1403    1464    1396    1383    1302    1352
    1327    1383    1366    1442    1305    1321    1347    1447    1353    1439
    1297    1311    1268    1321    1400    1332    1321    1331    1263    1342
    1340    1288    1301    1367    1193    1305    1347    1320    1263    1240
    1357    1242    1163    1239    1399    1377    1307    1291    1282    1308
    1261    1270    1281    1328    1259    1266    1479    1365    1220    1297
    1268    1304    1187    1380    1259    1277    1229    1268    1221    1283
    1224    1361    1187    1279    1217    1253    1272    1315    1251    1332
    1334    1284    1215    1265    1248    1297    1311    1281    1241    1395
    1292    1388    1333    1369    1297    1313    1338    1356    1315    1305
    1339    1278    1292    1326    1329    1342    1197    1346    1225    1281
    1242    1234    1263    1280    1210    1241    1255    1255    1204    1304
    1203    1266    1114    1270    1255    1283    1251    1294    1204    1282
    1205    1185    1249    1228    1147    1220    1192    1256    1178    1207
    1243    1255    1211    1126    1269    1262    1250    1099    1200    1219
    1151    1167    1171    1285    1111    1221    1217    1223    1205    1154
    1261    1253    1161    1194    1230    1224    1129    1197    1252    1240
    1164    1108    1195    1199    1154    1157    1204    1226    1128    1287
    1168    1252    1096    1229    1270    1205    1123    1193    1185    1178
    1163    1147    1238    1229    1049    1207    1123    1180    1195    1214
    1252    1221    1186    1134    1156    1255    1143    1126    1175    1253
    1136    1181    1236    1171    1082    1171    1183    1178    1123    1168
    1173    1164    1194    1171    1166    1158    1147    1182    1175    1176
    1082    1197    1137    1170    1050    1160    1206    1160    1183    1178
    1154    1137    1094    1141    1097    1223    1156    1135    1216    1192
    1108    1185    1161    1161    1089    1146    1125    1156    1122    1197
    1195    1155    1193    1172    1203    1259    1180    1203    1137    1264
    1133    1153    1211    1262    1175    1202    1172    1250    1176    1182
    1241    1228    1167    1190    1191    1207    1136    1168    1225    1236
    1132    1249    1187    1210    1084    1225    1229    1298    1187    1278
    1175    1287    1200    1158    1302    1224    1205    1221    1254    1255
    1255    1182    1401    1314    1155    1329    1207    1244    1215    1272
    1319    1301    1215    1330    1264    1332    1222    1311    1255    1409
    1303    1260    1320    1388    1347    1339    1428    1332    1329    1356
    1399    1357    1329    1445    1432    1442    1344    1458    1395    1414
    1378    1414    1519    1536    1434    1447    1515    1581    1466    1470
    1562    1682    1553    1606    1646    1690    1640    1616    1713    1698
    1779    1744    1748    1840    1763    1852    1950    1978    1968    1904
    2048    2135    2083    2223    2270    2363    2265    2419    2513    2530
    2591    2743    2740    2856    2787    2994    3039    3231    3294    3454
    3496    3715    3605    3816    4097    4041    4003    4290    4775    4911
    4634    5015    5114    5272    5113    5535    5597    5935    5758    6034
    6060    6400    6303    6580    6878    6833    6634    6908    7186    7307
    6958    7296    7440    7562    7112    7433    7486    7576    7161    7199
    7935    7443    7217    7451    7246    7444    6823    7124    7214    7013
    6593    6699    6513    6517    6179    6224    6125    5958    5672    5682
    5523    5564    5188    4935    5041    4850    4501    4397    4407    4360
    3873    3877    3951    3657    3388    3490    3285    3317    2985    3010
    2934    2742    2634    2613    2493    2448    2217    2261    2266    2124
    1974    2055    1910    1943    1960    1798    1819    1913    1757    1780
    1917    1897    1870    1812    2004    1940    2007    2082    2092    2189
    2335    2268    2553    2569    2564    2830    2886    3082    2989    3260
    3310    3534    3486    3584    3812    3756    3699    3852    4006    4012
    3735    3840    3886    3902    3540    3598    4003    3472    3090    3207
    3108    3151    2762    2669    2682    2454    2265    2233    2087    1973
    1857    1700    1669    1516    1476    1407    1323    1233    1186    1221
    1154    1147    1058    1085    1099    1067    1059  566276
