$Informacoes da Fluorescencia de Raios-X:
"Sample    : ACC-239-MS",                                                                 
"Operator  : thiago",                                                                     
"Comment  : ",                                                                            
"Group     : thiago_acra2010ma",                                                          
"Date       : 2010-05-27 17:22:46",                                                       
"",                                                                                       
"Mesurement Condition",                                                                   
"------------------------------------------------------------------------------------",   
"Instrument : 700HS2   Atmosphere : Vac.   Collimator : 10(mm)   Spin : No",              
"------------------------------------------------------------------------------------",   
"Analyte               TG kV   uA      FI Acq.(keV)  Anal.(keV)  Time(sec)     DT(%)",    
"------------------------------------------------------------------------------------",   
"Na                    Rh 50 1000-Auto Al  0 - 20    0.8 - 1.2   Live -  959    8",       
"Channel_info_start",                                                                     
"Channel : Na",                                                                           
"Points : 2048
"Range : 0.000000 - 20.480000",                                                           
"Step : 0.010000",                                                                        
"Channel_info_end",                                                                       
$DATA:
       0    2047
       0       0       0       0       0       0       0       0       0    2048
       0       0       0       0       0       0       0       0       0       0
       0       0       0       0       0       0       0       0       0       0
       0       0       0       0       0       0       0       1       0       2
      49     120     110     126     117     113     104     112     122     117
     115     128      93     110     129     115     123     121     114     120
     149     154     169     170     187     181     200     203     189     204
     206     259     219     297     230     251     259     274     276     249
     224     227     202     189     142     141     130     143     115     121
     107     125     129     145     131     131     127     169     148     145
     140     134     131     143     133     130     158     132     145     153
     153     142     163     165     181     176     140     171     143     136
     125     154     118     125     132     120     122     131     129     116
     109     136     141     117     144     142     146     177     127     142
     114     131     123     125     140     121     115     145     114     124
     147     159     181     221     200     244     269     284     273     296
     335     345     326     367     318     284     321     302     290     272
     254     246     218     222     219     254     251     359     367     433
     453     543     640     695     649     685     608     607     544     490
     394     363     293     251     214     219     194     221     205     206
     142     206     176     213     199     210     187     224     222     213
     227     253     228     198     234     240     222     220     194     237
     247     236     229     230     226     255     290     325     341     406
     589     750     895    1294    1733    2064    2508    2941    3208    3836
    3718    4104    3969    3772    3317    3195    2602    2211    1723    1507
    1004     860     644     614     537     518     467     415     444     469
     463     516     527     684     738    1119    1098    1432    1610    1878
    2063    2241    2258    2266    2199    2139    1789    1684    1375    1242
     905     809     603     516     399     394     345     384     350     387
     378     389     350     364     417     378     345     360     293     286
     263     259     221     212     217     208     196     199     165     179
     163     193     173     193     170     214     185     195     189     217
     216     236     222     260     261     341     388     512     660     958
    1220    1799    2340    3261    3974    5275    6086    7434    8282    9666
    9680   10539   10334   10353    9419    9442    7408    6810    5444    4454
    3469    2749    1936    1458    1040     772     562     511     451     522
     529     613     729     944     937    1170    1258    1465    1520    1722
    1787    1943    2034    2199    2180    2392    2238    2386    2336    2284
    1995    2060    1865    1772    1419    1302    1103     893     674     629
     473     373     319     294     242     247     223     214     239     244
     236     252     252     304     250     343     346     324     406     425
     366     424     383     373     377     380     337     331     318     287
     269     264     247     190     226     223     205     210     191     219
     200     231     193     213     228     238     219     252     240     254
     238     253     220     260     239     250     226     242     229     244
     311     303     308     345     389     415     373     464     502     459
     471     480     517     532     507     473     449     421     415     401
     360     388     357     357     349     326     338     331     360     357
     319     328     324     357     346     370     321     372     345     386
     394     401     361     377     413     366     364     414     370     412
     408     390     426     431     388     435     437     390     392     435
     398     410     367     358     398     366     378     399     379     371
     349     432     373     400     367     410     382     409     371     448
     370     434     419     420     451     424     416     465     456     423
     404     432     484     521     485     501     521     533     532     542
     515     554     516     606     513     581     563     546     533     554
     524     564     498     595     511     572     530     621     558     589
     522     552     541     554     560     629     564     584     531     592
     585     576     586     613     569     657     649     603     637     681
     643     685     669     713     710     764     781     789     771     830
     734     820     773     780     720     857     734     802     712     799
     740     726     725     688     691     715     688     716     741     765
     682     738     685     734     745     720     736     832     726     779
     821     914     861    1038    1128    1236    1297    1624    1750    2201
    2310    2785    3210    3654    3845    4341    4663    4934    5175    5751
    5177    5408    4922    5025    4576    4372    3778    3563    3134    2854
    2408    2131    1773    1649    1396    1335    1151    1079    1000    1013
     907     906     908     877     895     894     908     971     863     934
     912     913     948     932     922     892     869     941     930     998
     975     987     947     932     932     972     966    1016     986    1013
     992    1051    1089    1168    1114    1215    1262    1326    1255    1342
    1441    1471    1419    1522    1528    1495    1531    1607    1455    1528
    1396    1424    1312    1334    1210    1192    1178    1171    1089    1078
    1020    1066     994    1018     981    1023     977     956    1011    1034
     909    1006     951    1001     927     941     961    1005     912    1048
     975    1072     960    1051    1020    1031     920    1000    1038    1060
     991     998    1042     994     960     981     988    1017     966     990
     963    1031     943     924     971    1031     942    1007    1024    1010
     961     898     997    1043     949    1006     935     990     924    1024
     959    1026    1024    1110     987    1138     990    1053    1069    1118
    1090    1105    1176    1181    1227    1248    1292    1346    1293    1427
    1445    1483    1431    1498    1411    1543    1472    1472    1433    1379
    1331    1271    1220    1198    1062    1075    1073    1066     979     989
     929     968     904     902     919     945     841     883     936     884
     815     933     877     874     841     927     855     879     863     875
     866     906     834     938     907     968     911     960     974    1054
     961    1135    1128    1268    1298    1333    1375    1525    1474    1618
    1612    1632    1616    1572    1698    1591    1554    1565    1477    1490
    1356    1325    1304    1253    1178    1119    1092    1020    1016    1029
     914    1013     919     877     930     898     925     895     911     861
     876     832     944     912     860     925     899     908     829     845
     887     874     810     923     838     873     802     868     875     828
     824     861     824     833     796     821     838     857     877     900
     816     870     858     783     779     820     843     826     818     837
     826     856     793     807     830     811     809     841     767     818
     817     870     770     859     825     845     845     856     852     899
     837     853     910     932     853     925     902     925     898     874
     923     882     799     850     859     915     819     842     862     829
     781     824     763     811     769     836     824     833     767     769
     818     819     733     746     771     803     812     775     816     839
     809     784     807     786     772     786     821     825     748     825
     834     842     770     747     803     781     760     779     766     848
     802     781     763     819     758     769     793     820     775     806
     760     877     750     842     792     825     761     786     773     822
     756     809     795     815     825     794     782     860     824     919
     868     826     863     940     891     890     840     897     942     971
     908     987     918     977     919     977     989     972     913     952
     906     942     908     940     940     951     824     873     859     866
     797     877     783     820     816     816     780     842     769     809
     843     831     765     812     778     791     785     826     803     850
     763     805     803     805     775     837     827     830     802     844
     748     850     822     787     802     871     827     791     846     861
     777     843     834     865     827     842     780     840     758     829
     816     839     736     839     835     856     766     835     777     837
     786     789     799     859     841     839     791     786     752     843
     794     858     834     782     874     843     759     765     794     858
     744     878     846     849     745     817     760     805     770     807
     771     868     779     830     803     860     761     835     787     849
     791     865     888     871     811     884     949     985    1000    1057
    1030    1115    1083    1138    1221    1213    1176    1257    1279    1292
    1212    1219    1347    1316    1151    1175    1248    1182    1131    1116
     987    1082     926     989     918     906     837     874     834     885
     822     734     810     780     769     813     814     754     719     745
     676     699     722     723     761     728     705     741     764     768
     741     755     717     765     738     800     741     819     708     753
     728     801     768     716     746     738     737     745     797     807
     814     776     784     778     763     817     795     833     780     880
     855     869     722     830     854     839     817     829     810     843
     781     864     768     799     701     759     715     720     744     756
     756     738     663     723     696     725     680     760     703     666
     704     752     643     706     721     750     683     721     670     707
     682     696     706     706     694     677     685     696     697     778
     662     684     673     721     690     707     692     766     727     721
     748     801     715     730     813     790     781     779     748     792
     753     768     797     727     747     742     763     796     721     770
     762     741     726     738     712     717     730     758     715     738
     697     685     666     677     702     678     696     688     622     706
     671     683     642     646     680     662     623     648     666     692
     631     684     646     637     634     655     722     713     622     652
     592     622     637     664     635     674     596     647     644     605
     630     589     662     644     630     656     681     659     618     695
     667     669     623     681     654     654     664     674     670     691
     622     672     632     678     652     631     627     688     601     686
     673     636     640     603     669     614     579     614     643     661
     579     624     597     629     640     647     648     661     572     625
     688     611     556     614     622     727     572     643     636     638
     592     558     599     621     582     611     620     669     549     584
     622     622     587     609     646     661     580     612     566     627
     597     599     643     617     586     620     636     625     597     614
     568     591     576     555     638     609     571     601     591     591
     593     552     644     605     572     592     575     601     614     599
     591     561     542     583     596     599     564     552     583     632
     559     546     576     552     544     606     585     621     534     546
     533     540     559     569     529     534     536     574     582     579
     556     527     570     536     535     556     636     544     574     547
     615     543     489     526     608     540     538     548     555     533
     537     595     573     497     532     552     535     570     546     558
     582     572     556     539     572     567     512     571     561     604
     563     555     567     519     589     527     543     559     548     525
     549     555     544     508     539     580     518     548     540     538
     498     516     541     544     521     523     514     529     502     549
     511     558     547     512     511     555     493     539     525     538
     488     509     539     568     486     550     538     608     518     520
     496     508     521     488     522     481     517     507     509     548
     513     515     511     534     500     545     596     492     501     494
     555     532     445     534     500     532     511     510     530     505
     511     521     519     493     466     508     520     554     467     556
     474     488     483     566     524     488     511     532     502     534
     485     507     497     489     466     486     489     506     467     469
     542     515     467     515     519     518     494     444     530     559
     470     471     521     508     497     527     543     509     523     531
     486     543     524     521     517     494     467     472     511     538
     505     513     498     500     468     496     519     550     507     505
     532     515     515     537     495     504     520     523     546     507
     450     482     488     518     497     491     522     502     478     475
     508     512     482     535     532     511     480     532     513     502
     505     478     533     533     482     508     494     493     512     510
     562     534     536     516     500     524     440     480     518     532
     527     482     544     552     527     545     555     510     480     536
     576     531     526     481     555     452     519     545     543     566
     513     524     646     545     507     536     559     533     535     549
     558     547     535     527     581     608     552     556     587     587
     561     568     561     593     593     538     583     589     563     582
     537     596     570     558     605     631     593     633     645     627
     615     687     649     649     670     662     645     642     644     713
     657     683     623     711     707     725     702     733     676     717
     716     722     838     795     856     728     856     837     848     855
     889     879     955     956     980    1008     961    1039    1036    1147
    1140    1197    1298    1295    1288    1343    1456    1376    1371    1427
    1585    1649    1557    1701    1735    1765    1834    1816    2188    2087
    2063    2114    2254    2348    2228    2336    2499    2631    2581    2676
    2672    2725    2786    2804    2981    3002    2929    2957    3274    3184
    3067    3174    3266    3321    3213    3236    3313    3443    3363    3187
    3640    3331    3200    3282    3275    3240    3061    3032    3154    3143
    3004    2968    3019    2917    2826    2726    2754    2664    2428    2494
    2470    2428    2287    2164    2294    2141    1908    1961    1894    1886
    1737    1653    1668    1572    1505    1493    1428    1371    1300    1291
    1175    1253    1065    1012     998    1037    1018     990     978     941
     836     841     863     838     797     827     793     820     800     877
     832     856     861     839     969     916     971    1026    1055    1091
    1158    1126    1237    1294    1244    1371    1472    1520    1415    1601
    1569    1627    1583    1674    1716    1685    1606    1715    1764    1661
    1614    1632    1649    1459    1427    1365    1474    1353    1245    1284
    1145    1146    1014     969     913     861     830     763     775     706
     647     641     596     522     522     512     483     514     487     494
     478     466     484     455     470     490     396  242480
