$Informacoes da Fluorescencia de Raios-X:
"Sample    : ACC-329-MS",                                                                 
"Operator  : thiago",                                                                     
"Comment  : ",                                                                            
"Group     : thiago_acra2010ma",                                                          
"Date       : 2010-05-29 00:50:48",                                                       
"",                                                                                       
"Mesurement Condition",                                                                   
"------------------------------------------------------------------------------------",   
"Instrument : 700HS2   Atmosphere : Vac.   Collimator : 10(mm)   Spin : No",              
"------------------------------------------------------------------------------------",   
"Analyte               TG kV   uA      FI Acq.(keV)  Anal.(keV)  Time(sec)     DT(%)",    
"------------------------------------------------------------------------------------",   
"Na                    Rh 50 1000-Auto Al  0 - 20    0.8 - 1.2   Live -  959   13",       
"Channel_info_start",                                                                     
"Channel : Na",                                                                           
"Points : 2048
"Range : 0.000000 - 20.480000",                                                           
"Step : 0.010000",                                                                        
"Channel_info_end",                                                                       
$DATA:
       0    2047
       0       0       0       0       0       0       0       0       0    2048
       0       0       0       0       0       0       0       0       0       0
       0       0       0       0       0       0       0       0       0       0
       0       0       0       0       0       0       0       1       3       6
      87     193     181     157     155     181     172     206     174     197
     166     196     174     189     162     202     200     201     207     210
     248     193     270     301     298     341     320     355     322     313
     324     328     318     350     288     334     312     317     316     296
     283     299     252     266     253     227     218     229     228     260
     261     304     328     374     399     450     420     503     474     443
     462     416     406     372     328     309     312     317     340     336
     392     437     405     455     418     463     410     422     371     385
     331     334     228     249     238     272     227     241     229     244
     289     287     285     339     307     338     319     381     287     289
     293     282     247     254     246     236     220     236     256     267
     311     355     385     529     528     628     680     802     752     803
     802     845     778     798     676     585     584     570     477     500
     433     453     457     472     602     700     856    1194    1487    1855
    1953    2404    2588    2842    2701    2785    2470    2496    2129    1806
    1487    1411     966     789     651     601     555     425     436     411
     415     412     416     424     419     436     418     504     486     485
     508     530     478     510     455     504     447     480     439     482
     471     539     508     549     515     563     634     760     809     965
    1217    1673    1905    2710    3384    4304    4812    5698    6256    7111
    6899    7499    7017    7083    6114    5686    5008    4230    3380    2886
    2173    1863    1532    1421    1192    1223    1173    1294    1422    1639
    1947    2526    3273    4418    5484    8066    8996   11518   12788   15518
   16265   18090   17588   18936   17026   16755   14183   13225   10914    9211
    6898    5850    3976    3320    2340    2140    1871    1848    1852    1960
    1874    2071    1976    1949    1793    1717    1593    1513    1165    1085
     850     721     561     530     396     355     354     327     313     336
     329     319     291     320     288     330     340     342     328     341
     336     375     368     437     475     544     664     906    1106    1621
    2035    2999    3849    5345    6654    8356    9587   11750   13137   14974
   15312   16140   16078   15976   14480   14542   11637   10764    8484    7131
    5511    4368    3041    2390    1680    1240     945     850     762     779
     913    1111    1273    1468    1660    2129    2411    2958    3226    3879
    4293    5131    5608    6617    7057    8051    8132    9209    8935    9259
    8546    8904    7868    7390    6151    5533    4689    3893    2946    2339
    1812    1334     957     808     598     544     420     404     398     475
     447     518     589     688     712     904    1003    1099    1161    1351
    1272    1392    1328    1264    1137    1163    1020     965     821     804
     646     600     516     463     397     419     369     372     329     362
     322     359     332     354     298     311     349     316     328     407
     332     343     379     362     344     398     390     413     446     541
     627     635     730     862     965    1095    1118    1266    1277    1510
    1420    1451    1376    1403    1342    1293    1231    1088     969     906
     798     729     659     685     607     580     531     594     542     551
     516     549     549     532     469     549     542     510     546     585
     583     593     585     618     574     632     618     646     649     718
     668     723     744     729     721     745     635     701     692     675
     627     673     543     609     582     609     588     584     528     585
     558     561     596     543     549     616     596     647     562     609
     589     616     575     574     641     603     622     706     627     682
     670     682     730     722     662     721     783     759     776     857
     799     802     831     845     834     855     792     852     820     832
     806     858     738     817     777     798     783     841     819     860
     765     823     758     850     821     849     803     856     807     818
     812     874     849     927     859     973     887    1003     958     980
    1078    1047    1084    1172    1194    1307    1242    1346    1376    1406
    1264    1363    1295    1326    1267    1279    1235    1219    1145    1221
    1145    1089    1142    1086    1045    1060    1070    1115    1067    1133
    1044    1064    1079    1166    1105    1167    1109    1222    1267    1368
    1443    1584    1708    2091    2419    2965    3494    4339    5119    6509
    7409    9015   10314   12139   13125   14861   15849   17474   17506   19718
   17964   18806   17000   17058   15324   14690   12441   11510    9756    8714
    6950    6194    4892    4316    3416    3088    2280    2078    1787    1741
    1532    1519    1405    1452    1344    1400    1261    1355    1332    1348
    1364    1441    1320    1402    1309    1408    1355    1388    1346    1428
    1346    1434    1373    1455    1400    1522    1443    1482    1517    1661
    1654    1767    1896    1995    2139    2193    2402    2588    2651    3031
    3110    3275    3296    3471    3610    3736    3401    3521    3419    3295
    3136    2999    2725    2741    2393    2326    2144    2029    1739    1827
    1581    1648    1551    1507    1505    1465    1368    1349    1345    1410
    1351    1445    1371    1435    1326    1403    1402    1437    1369    1436
    1418    1430    1372    1438    1390    1450    1428    1467    1438    1467
    1426    1511    1501    1520    1363    1498    1426    1383    1451    1418
    1343    1468    1373    1428    1369    1484    1353    1448    1473    1481
    1401    1392    1428    1466    1369    1400    1410    1473    1358    1492
    1498    1568    1426    1576    1459    1503    1517    1543    1516    1615
    1587    1669    1735    1822    1778    1885    1926    2002    1908    2172
    2095    2189    2139    2325    2197    2181    2082    2149    2146    1995
    1945    1904    1812    1774    1610    1748    1538    1543    1438    1500
    1365    1467    1322    1375    1355    1280    1265    1339    1322    1303
    1263    1381    1304    1385    1183    1320    1242    1307    1265    1338
    1325    1289    1281    1372    1317    1464    1338    1550    1497    1652
    1636    1781    2013    2082    2138    2278    2420    2599    2466    2685
    2748    2901    2811    2874    2923    2907    2645    2603    2596    2479
    2230    2179    2066    1918    1739    1731    1635    1567    1517    1438
    1428    1454    1285    1407    1335    1401    1256    1345    1392    1349
    1259    1294    1397    1299    1269    1352    1339    1362    1246    1319
    1336    1304    1219    1237    1210    1268    1233    1254    1216    1264
    1153    1308    1171    1301    1213    1201    1190    1249    1195    1145
    1163    1248    1139    1206    1232    1211    1149    1187    1177    1224
    1125    1195    1176    1215    1167    1189    1201    1244    1178    1228
    1179    1220    1160    1279    1225    1340    1191    1244    1326    1336
    1283    1365    1366    1389    1363    1353    1393    1353    1361    1361
    1453    1374    1202    1403    1310    1350    1173    1239    1219    1239
    1215    1194    1200    1229    1185    1185    1171    1168    1109    1101
    1157    1131    1178    1091    1139    1171    1125    1103    1173    1197
    1129    1166    1153    1190    1050    1186    1193    1142    1124    1151
    1196    1188    1101    1128    1156    1221    1128    1161    1104    1234
    1101    1108    1133    1156    1128    1116    1144    1181    1070    1158
    1159    1221    1079    1211    1166    1191    1088    1133    1101    1204
    1179    1196    1118    1170    1173    1118    1151    1185    1092    1346
    1206    1225    1188    1301    1276    1297    1213    1329    1282    1321
    1287    1314    1273    1409    1280    1383    1377    1381    1354    1376
    1230    1407    1243    1258    1233    1295    1216    1204    1221    1223
    1204    1293    1119    1244    1208    1138    1193    1208    1170    1159
    1194    1171    1170    1190    1224    1214    1113    1267    1120    1225
    1110    1123    1136    1119    1128    1125    1253    1186    1175    1152
    1172    1195    1105    1245    1152    1160    1096    1189    1233    1235
    1160    1191    1113    1225    1172    1256    1143    1159    1111    1195
    1157    1121    1163    1232    1276    1196    1067    1187    1192    1156
    1108    1161    1137    1176    1107    1182    1077    1215    1120    1201
    1148    1153    1159    1154    1160    1180    1138    1118    1136    1261
    1094    1214    1110    1205    1178    1161    1087    1136    1113    1202
    1120    1166    1075    1185    1154    1136    1128    1207    1209    1234
    1196    1247    1211    1267    1268    1271    1304    1423    1375    1416
    1450    1576    1490    1598    1620    1661    1623    1738    1713    1680
    1721    1659    1659    1725    1543    1674    1594    1624    1494    1545
    1446    1437    1290    1328    1277    1289    1252    1188    1206    1234
    1113    1185    1143    1156    1051    1064    1113    1077    1030    1068
    1084    1124    1010    1117    1039    1092    1012    1073    1066    1078
     984    1100    1065    1095    1049    1075    1124    1119     962    1078
    1085    1039    1052    1065    1107    1121    1071    1081    1122    1151
    1070    1105    1114    1151    1104    1127    1115    1234    1124    1143
    1147    1102    1041    1145    1103    1085    1149    1158    1090    1162
    1125    1153    1057    1057    1017    1081    1041    1029     986    1094
    1091    1099     961    1000     948    1009     999    1057     988    1091
     964    1020     990    1013     999     947     917    1063    1006    1075
     967    1078    1014     960    1021    1019     984    1012    1015    1067
     972    1062     953    1076    1043    1053    1101    1093    1033    1071
    1113    1103    1035    1115    1120    1133    1023    1176    1073    1160
    1097    1161    1087    1147    1074    1158    1158    1125    1063    1097
    1075    1105    1082    1140     993    1071    1014    1042     998    1025
     980    1033     958    1021     961    1005     964     975     913     988
    1004    1032     913     951     896     975     933     920     975     944
     959     928     987     955     896     927     923     926     896     927
     961     946     928     916     957     963     910     955     916     964
     908     966     981     986     917     970     934     924     973     992
     927    1023     948     992     990    1012     946    1017    1007    1035
     984     984     935     953     994    1018    1010     994     961    1024
    1038     970     950     984     967     961     902     939     991     986
     898     891     953     915     923     904     840     924     853     901
     935     915     853     880     860     922     844     853     830     877
     888     880     837     942     853     912     842     879     848     894
     895     908     887     834     920     870     847     873     813     938
     790     857     923     845     826     921     903     890     836     850
     849     916     843     813     873     887     819     893     816     890
     805     874     900     867     845     836     807     915     853     913
     808     853     826     816     841     865     788     833     717     836
     780     838     795     844     791     899     797     907     812     801
     884     836     837     824     830     818     724     750     894     776
     812     795     823     790     763     797     824     802     729     845
     770     804     780     797     775     843     734     819     772     751
     775     791     747     870     809     784     778     859     807     807
     792     778     775     780     806     819     800     817     920     875
     853     779     787     842     764     817     846     865     779     852
     824     821     820     836     787     829     835     743     822     774
     748     761     774     816     773     816     810     792     757     843
     729     791     716     762     723     698     755     730     764     778
     740     795     759     795     733     771     746     798     705     722
     759     758     675     720     764     769     741     771     741     813
     726     742     748     762     771     716     751     776     689     705
     706     773     724     728     766     745     738     808     676     742
     672     706     736     756     690     755     761     716     745     757
     731     745     700     815     766     757     752     721     712     773
     761     740     684     733     731     699     666     740     705     720
     773     776     720     709     724     756     718     712     770     727
     711     734     776     728     680     730     733     761     642     743
     713     732     724     717     742     717     687     723     715     723
     686     721     686     694     698     733     699     718     740     722
     750     769     695     745     761     715     711     724     755     801
     668     697     726     742     738     682     688     690     698     780
     722     738     712     744     733     806     668     673     693     748
     671     689     665     766     669     740     697     735     714     707
     764     726     708     740     778     741     671     678     740     733
     687     794     755     740     690     723     780     763     712     761
     721     798     736     715     802     740     742     755     748     741
     778     735     898     815     729     780     771     828     729     801
     772     771     772     805     810     812     793     856     840     859
     805     896     789     855     803     847     850     871     830     803
     869     850     833     859     936     835     813     846     953     903
     852     888     913     960     919     927     931    1037     908     918
     959     974     971    1005    1051    1058    1023    1058    1114    1080
    1080    1085    1135    1114    1117    1108    1276    1254    1200    1296
    1267    1274    1288    1365    1397    1435    1510    1482    1500    1615
    1583    1684    1665    1795    1696    1863    1986    1986    1982    2092
    2181    2212    2252    2266    2469    2644    2577    2554    2855    2969
    2901    3051    3167    3453    3204    3291    3456    3676    3572    3846
    3934    3914    3875    4036    4172    4257    4108    4280    4342    4407
    4404    4463    4783    4691    4500    4617    4683    4696    4550    4561
    4940    4621    4499    4750    4583    4560    4493    4436    4424    4315
    4169    4188    4159    4213    3834    3958    3877    3794    3570    3539
    3545    3515    3177    3166    3287    3081    2820    2838    2589    2672
    2500    2392    2452    2371    2170    2161    2078    2079    2000    1884
    1785    1730    1624    1586    1520    1517    1403    1360    1416    1316
    1253    1217    1244    1287    1186    1143    1186    1150    1147    1181
    1186    1191    1160    1214    1345    1293    1316    1401    1447    1561
    1539    1605    1745    1862    1810    1880    1982    1998    2074    2197
    2190    2378    2256    2300    2448    2506    2320    2423    2514    2567
    2380    2410    2306    2375    2222    2043    2250    2119    1911    1969
    1820    1752    1541    1513    1505    1454    1252    1259    1115    1186
     973     935     942     923     785     792     842     742     650     693
     730     714     679     657     699     731     614  348930
