$Informacoes da Fluorescencia de Raios-X:
"Sample    : ACC-436-MS",                                                                 
"Operator  : thiago",                                                                     
"Comment  : ",                                                                            
"Group     : thiago_acra2010ma",                                                          
"Date       : 2010-05-31 02:56:25",                                                       
"",                                                                                       
"Mesurement Condition",                                                                   
"------------------------------------------------------------------------------------",   
"Instrument : 700HS2   Atmosphere : Vac.   Collimator : 10(mm)   Spin : No",              
"------------------------------------------------------------------------------------",   
"Analyte               TG kV   uA      FI Acq.(keV)  Anal.(keV)  Time(sec)     DT(%)",    
"------------------------------------------------------------------------------------",   
"Na                    Rh 50 1000-Auto Al  0 - 20    0.8 - 1.2   Live -  959   10",       
"Channel_info_start",                                                                     
"Channel : Na",                                                                           
"Points : 2048
"Range : 0.000000 - 20.480000",                                                           
"Step : 0.010000",                                                                        
"Channel_info_end",                                                                       
$DATA:
       0    2047
       0       0       0       0       0       0       0       0       0    2048
       0       0       0       0       0       0       0       0       0       0
       0       0       0       0       0       0       0       0       0       0
       0       0       0       0       0       0       0       4       5       4
      62     134     156     136     148     140     134     163     136     138
     152     169     141     158     138     152     143     183     140     170
     182     181     226     218     230     233     239     252     230     276
     260     267     231     270     249     310     248     312     281     302
     233     247     245     211     195     195     192     159     149     168
     152     174     163     211     217     206     202     220     196     217
     226     217     193     217     188     187     172     207     186     214
     239     229     233     260     230     269     246     258     212     219
     194     196     175     176     141     153     160     151     163     178
     150     185     170     196     202     205     212     207     172     189
     170     190     171     155     153     144     163     186     167     195
     199     225     253     305     294     332     344     413     409     433
     433     520     481     464     439     441     421     405     334     359
     310     285     270     258     278     337     386     455     481     599
     625     735     808     891     757     948     808     776     639     632
     559     475     414     369     303     274     266     234     244     237
     214     292     239     282     264     277     269     311     256     279
     292     314     265     289     277     309     286     330     288     307
     281     333     316     313     327     356     388     450     512     595
     834    1021    1281    1819    2200    2878    3101    3802    4196    4685
    4604    5068    4756    4815    4141    3976    3229    2829    2204    1890
    1431    1192     927     863     692     659     575     729     651     696
     750     850    1121    1349    1690    2271    2579    3145    3458    4079
    4426    4742    4676    5058    4587    4408    3840    3577    3001    2525
    1954    1662    1147     999     723     767     626     610     585     576
     612     704     607     707     600     647     534     564     478     462
     340     373     347     283     249     258     230     221     253     212
     190     248     214     273     254     250     251     273     247     272
     268     307     327     347     352     445     478     711     908    1317
    1689    2463    3029    4231    5336    6680    7634    9411   10465   11959
   11955   12978   12504   12557   11314   11369    9281    8443    6718    5811
    4461    3493    2356    1860    1351    1007     747     712     612     694
     670     775     946    1137    1243    1543    1797    2009    2085    2397
    2509    2878    2894    3253    3399    3604    3729    3867    3699    3857
    3515    3373    3261    2962    2472    2270    1889    1570    1178    1067
     827     644     497     471     364     374     302     325     326     355
     337     384     410     440     452     545     514     573     574     624
     558     593     607     620     547     548     520     471     486     468
     378     405     329     302     277     327     277     295     264     275
     299     307     268     279     299     320     279     276     311     269
     287     288     277     305     289     310     310     318     326     333
     397     392     424     449     499     529     564     582     561     631
     631     701     647     632     598     669     569     563     509     490
     482     473     471     390     459     421     410     397     393     436
     378     412     418     432     430     423     424     411     438     425
     485     452     461     489     494     457     464     499     495     510
     479     562     544     572     507     529     476     536     517     498
     479     512     472     470     439     473     453     512     480     471
     439     517     468     486     468     522     521     485     467     482
     467     550     491     582     495     491     529     525     482     542
     528     560     553     628     535     565     573     618     593     668
     637     647     662     675     653     714     622     695     639     675
     651     652     647     732     637     695     663     676     693     702
     711     775     682     731     694     693     717     755     720     698
     691     753     709     770     716     817     743     821     767     757
     788     882     813     808     884     882     866     926     939     927
     865     930     895     998     860     972     878     950     830     917
     909     941     821     902     900     916     914     851     893     885
     888     918     930     921     978     963     968    1037     994     988
    1092    1180    1216    1364    1429    1616    1689    2070    2502    2859
    3161    3728    4313    4660    5123    5732    6016    6535    6554    7434
    6638    6959    6369    6423    5774    5528    4807    4644    3931    3578
    3069    2733    2335    2131    1739    1722    1501    1351    1292    1270
    1182    1195    1138    1143    1129    1140    1085    1132    1099    1216
    1148    1212    1171    1168    1165    1126    1149    1252    1127    1253
    1164    1164    1107    1177    1177    1266    1202    1264    1199    1331
    1175    1317    1332    1440    1415    1519    1583    1605    1577    1774
    1777    1898    1835    1937    1898    2044    1874    1946    1826    1906
    1693    1825    1714    1630    1508    1586    1512    1501    1348    1414
    1285    1294    1230    1226    1179    1250    1216    1179    1173    1237
    1191    1261    1197    1203    1212    1244    1258    1289    1178    1231
    1289    1311    1278    1301    1328    1294    1230    1332    1287    1289
    1233    1272    1206    1223    1230    1278    1205    1258    1192    1199
    1245    1249    1211    1270    1199    1194    1180    1243    1284    1308
    1177    1292    1174    1235    1238    1254    1231    1300    1219    1256
    1241    1291    1241    1341    1198    1342    1289    1290    1329    1384
    1401    1437    1399    1581    1475    1529    1617    1759    1624    1827
    1806    1849    1814    1845    1825    1883    1749    1718    1714    1659
    1551    1535    1541    1493    1292    1458    1251    1258    1137    1231
    1183    1177    1116    1175    1162    1160    1053    1149    1058    1183
    1091    1132    1098    1146    1068    1098    1060    1162    1066    1133
    1064    1168    1102    1129    1230    1226    1159    1257    1261    1370
    1265    1450    1500    1603    1608    1703    1827    1964    1807    1987
    2088    2139    2065    2101    2056    2009    1953    2023    1876    1848
    1600    1639    1648    1481    1318    1356    1311    1302    1133    1268
    1200    1138    1104    1103    1166    1164    1135    1158    1162    1213
    1066    1105    1171    1117    1017    1122    1198    1108    1016    1166
    1153    1088    1043    1057    1031    1101     986    1099    1069    1074
    1040    1041    1080    1083     997    1095    1066    1075     956    1077
    1062    1010    1012    1045    1032    1043    1028    1097    1052    1077
     993    1053    1079    1021    1021    1060    1041     971     990    1082
    1046    1096    1003    1042    1082    1107    1032    1059    1194    1089
    1061    1146    1094    1130    1142    1155    1139    1164    1134    1082
    1183    1175    1014    1115    1094    1082    1066    1061    1109    1042
     987    1018    1034    1036     997    1044     912     969     998    1016
     972    1016     975    1056    1005     953     980     988     974    1012
    1004    1013     947    1046     979     997     973    1018     969    1000
    1017    1001     968    1001    1003     972     925    1044     974     975
     941    1031     955    1029     988     995     952    1028     942    1032
     969    1070     959    1071     915    1038     978    1008    1003    1052
     994    1004    1044    1016    1012     984    1010    1055     969    1101
    1060    1068    1019    1087    1077    1130    1123    1119    1141    1135
    1038    1143    1146    1198    1119    1203    1174    1124    1128    1173
    1114    1133    1047    1091    1047    1168    1046    1107    1011    1106
    1020    1010    1040    1074    1000    1002    1026     981    1074    1030
    1020    1052     972    1051     970    1047    1002    1047     992    1056
     978    1011    1046    1023     948    1011    1012    1026     979    1029
    1009    1051     997    1070     999    1063     947     993     998    1116
    1026     986    1028    1065    1005    1004    1033    1001    1021    1071
    1020    1051     963    1023     991    1030    1019    1003    1007    1047
     997    1036     986     963     952    1037    1025    1048    1022    1034
    1070    1020     976     988    1050    1007     958     984    1021    1006
     997    1042     985    1039    1002     950     973    1032     998    1024
     980     987     947    1034     992    1031     997    1134    1022    1085
    1077    1124    1195    1166    1218    1260    1311    1314    1424    1517
    1541    1696    1607    1688    1797    1914    1782    1918    1983    2062
    1894    1966    1907    1929    1795    1830    1798    1693    1563    1608
    1503    1475    1311    1357    1205    1270    1130    1177    1106    1066
    1017    1052     968    1050     929     937     992     979     921    1010
     889     989     906     964     990     914     900     912     933     935
     897     978     859     999     892     925     906    1002     946     933
     954     900     910     924     981     931     969     932    1002     982
     939     961     975     984     994     939    1023     982     939     999
     971     971     988     985     974    1027    1017     991     984     955
     909     920     975     958     902     994     924     941     867     970
     881     898     910     874     941     937     882     854     871     878
     887     905     871     817     794     889     811     929     930     903
     851     889     829     905     860     925     866     905     904     912
     884     946     900     891     876     976     943     937     924    1007
    1001    1026     954     948    1004    1049    1025    1068     953    1102
    1019    1001    1012    1075     991     964     961    1045     930     979
     987     980     936     995     963     942     926     918     942     874
     868     894     858     918     789     906     824     784     805     864
     831     839     825     856     862     913     847     813     858     873
     816     876     859     793     806     744     873     789     795     802
     884     796     797     814     793     820     784     786     807     794
     832     855     776     850     788     862     844     855     831     820
     843     851     812     855     807     912     802     892     909     897
     831     835     829     833     811     789     859     834     812     846
     793     870     819     891     732     833     741     813     780     761
     761     793     816     785     768     774     768     786     735     814
     814     804     759     825     762     733     780     736     780     759
     727     774     810     807     732     779     736     777     730     742
     782     789     754     770     797     769     758     762     759     692
     744     732     827     778     717     746     731     749     720     771
     715     781     690     778     744     760     748     782     721     754
     779     741     752     800     692     742     693     680     705     720
     739     759     665     703     749     765     684     731     719     742
     696     747     713     684     689     714     723     679     640     681
     705     755     715     731     769     705     669     705     736     729
     646     676     731     670     728     685     784     717     677     728
     679     701     699     698     674     720     691     731     733     685
     707     664     676     670     658     730     710     699     701     685
     653     692     624     722     699     712     661     726     704     692
     692     683     721     708     692     684     655     718     635     671
     661     710     718     674     662     680     620     646     653     682
     671     639     669     643     623     669     684     628     719     653
     671     653     650     683     661     698     654     697     673     695
     658     659     643     658     637     704     651     644     666     657
     695     679     662     649     695     666     630     639     657     686
     643     660     681     656     596     684     624     661     626     621
     621     666     651     619     641     618     649     639     666     658
     678     644     576     647     607     631     691     656     661     679
     637     591     623     652     650     677     568     631     642     608
     601     613     613     690     623     636     604     672     626     664
     630     624     576     660     597     679     673     642     668     657
     591     619     622     635     611     592     646     652     615     643
     645     657     589     640     637     616     662     618     634     622
     615     659     631     627     610     628     604     632     600     614
     663     644     604     600     641     693     644     633     665     631
     641     677     661     627     607     619     674     640     608     640
     662     633     616     657     620     675     639     678     624     656
     600     634     621     658     621     616     656     663     635     622
     731     723     630     636     613     680     633     624     651     636
     580     626     669     701     674     656     683     623     601     663
     670     693     646     691     672     686     671     693     669     702
     620     642     806     694     668     716     674     700     596     747
     715     736     700     733     707     772     664     730     757     700
     704     738     709     767     701     700     736     796     683     740
     766     785     731     750     793     784     742     796     765     807
     774     821     846     873     832     838     853     900     818     872
     874     875     832     862     895     908     864     889    1003     975
     979     985    1042     984     972     984    1081    1079    1066    1096
    1138    1141    1133    1154    1268    1272    1222    1315    1424    1474
    1432    1506    1532    1579    1588    1672    1717    1849    1672    1831
    2019    2010    2014    2157    2196    2267    2265    2360    2569    2704
    2593    2685    2788    3005    2986    3006    3139    3300    3258    3417
    3378    3473    3454    3601    3617    3805    3643    3801    3863    4043
    3842    3866    4103    4078    3981    4132    4172    4182    4060    3832
    4453    4159    4021    4191    4010    4008    3934    3905    3914    3905
    3726    3709    3538    3540    3362    3419    3404    3366    3088    3071
    3024    3026    2796    2730    2669    2663    2488    2409    2346    2309
    2114    2025    2119    1915    1837    1813    1714    1763    1531    1624
    1500    1574    1349    1331    1295    1299    1166    1167    1214    1205
    1057    1089    1051    1062    1059    1064    1046    1086    1007    1008
    1095    1020    1001    1086    1235    1183    1175    1251    1243    1316
    1330    1478    1464    1618    1651    1607    1799    1830    1849    1919
    1981    2038    1984    1989    2053    2231    2099    2248    2241    2097
    2004    2068    1977    2024    1868    1822    1972    1697    1458    1497
    1504    1419    1382    1224    1207    1178    1036    1017     950     935
     855     810     735     759     652     679     693     672     588     563
     617     592     611     536     570     552     574  303698
