$Informacoes da Fluorescencia de Raios-X:
"Sample    : ACC-473-MS",                                                                 
"Operator  : thiago",                                                                     
"Comment  : ",                                                                            
"Group     : thiago_acra2010ma",                                                          
"Date       : 2010-05-31 16:58:39",                                                       
"",                                                                                       
"Mesurement Condition",                                                                   
"------------------------------------------------------------------------------------",   
"Instrument : 700HS2   Atmosphere : Vac.   Collimator : 10(mm)   Spin : No",              
"------------------------------------------------------------------------------------",   
"Analyte               TG kV   uA      FI Acq.(keV)  Anal.(keV)  Time(sec)     DT(%)",    
"------------------------------------------------------------------------------------",   
"Na                    Rh 50 1000-Auto Al  0 - 20    0.8 - 1.2   Live -  959    8",       
"Channel_info_start",                                                                     
"Channel : Na",                                                                           
"Points : 2048
"Range : 0.000000 - 20.480000",                                                           
"Step : 0.010000",                                                                        
"Channel_info_end",                                                                       
$DATA:
       0    2047
       0       0       0       0       0       0       0       0       0    2048
       0       0       0       0       0       0       0       0       0       0
       0       0       0       0       0       0       0       0       0       0
       0       0       0       0       0       0       0       0       2       2
      54     109      92     107     105      96     112     110     103     113
     118     112     107     123     108     126      98      98     106     145
     130     139     144     192     171     199     144     162     165     198
     175     210     187     211     199     211     241     223     202     195
     226     200     161     170     151     143     121     132     152     159
     164     203     220     247     259     302     284     331     340     339
     297     312     281     249     239     220     202     234     227     254
     272     294     323     314     293     326     315     305     310     283
     215     214     156     151     164     140     145     141     152     185
     185     197     206     237     234     224     237     274     194     219
     208     187     156     188     182     181     151     189     200     238
     278     373     438     567     643     750     803     865     909     925
     887     882     820     795     715     649     505     476     387     389
     316     338     356     520     655     838    1101    1450    1945    2364
    2696    3132    3399    3684    3543    3738    3202    3334    2766    2454
    2061    1688    1229    1020     679     594     448     409     350     300
     333     359     307     332     270     334     297     329     310     324
     330     332     302     247     305     311     268     294     271     328
     299     312     302     335     320     332     367     429     506     594
     726     999    1167    1589    1923    2391    2656    3289    3408    3900
    3714    4159    3926    3934    3371    3231    2673    2520    1932    1768
    1343    1179     941     854     767     815     759     828     958    1132
    1327    1838    2411    3397    4311    5983    6772    8710    9719   11461
   12089   13465   12919   13681   12638   12704   10768    9967    8149    6872
    5241    4439    2992    2448    1817    1590    1370    1316    1267    1420
    1406    1506    1355    1402    1251    1299    1177    1025     810     766
     590     516     416     388     279     242     214     198     189     190
     186     195     183     174     196     212     160     213     202     206
     217     217     251     254     278     322     435     502     655     912
    1230    1707    2168    2874    3614    4718    5366    6637    7011    8139
    7992    8871    8696    8636    7688    7793    6407    5939    4549    3998
    3109    2432    1785    1357     973     776     552     523     494     474
     576     689     840     927    1115    1499    1684    2161    2445    3259
    3785    4642    5176    6287    7077    8134    8361    9422    9349   10037
    9173    9155    8372    7899    6534    5951    4881    4234    3124    2554
    1790    1345     964     773     526     392     361     332     344     317
     387     466     523     652     720     800     966    1090    1060    1237
    1177    1322    1291    1321    1218    1065     976     958     781     723
     595     453     441     371     280     288     241     204     186     205
     185     198     203     213     202     211     177     206     221     207
     188     203     206     232     207     206     257     334     366     448
     507     626     759     824     984    1135    1224    1427    1605    1644
    1564    1643    1629    1610    1426    1373    1206    1196     978     972
     763     677     584     554     492     473     411     372     401     359
     346     355     316     351     321     362     356     342     316     365
     380     400     367     424     450     489     473     525     462     530
     494     536     567     592     528     550     534     498     461     493
     442     464     411     382     347     397     338     357     313     351
     319     350     308     335     350     333     337     328     363     368
     336     373     378     362     389     407     363     385     357     368
     362     408     398     442     403     436     460     460     469     471
     494     488     487     553     504     470     466     499     499     498
     448     466     479     471     439     482     449     498     401     443
     411     474     439     443     449     464     421     500     438     511
     477     453     480     471     478     546     532     549     597     617
     625     674     717     788     732     818     803     860     890     908
     854     920     893     917     807     856     807     760     667     673
     655     683     639     618     688     677     635     685     691     674
     636     676     691     677     650     737     734     833     785     936
    1038    1380    1596    1990    2487    3319    3819    4888    6189    7842
    8920   10935   12768   15262   16102   18313   20042   21821   21527   23851
   22239   22870   20893   20624   18414   17605   14936   13724   11593   10177
    7961    6675    5333    4481    3312    2841    2044    1758    1330    1202
     992     949     796     812     789     777     733     767     719     780
     708     762     754     762     737     750     750     750     750     805
     759     822     729     866     863     895     912    1021     928    1120
    1101    1274    1389    1563    1664    1878    2120    2352    2558    2764
    3054    3263    3248    3531    3471    3751    3393    3523    3292    3336
    2821    2907    2532    2410    1998    1919    1680    1478    1332    1299
    1036    1033     901     879     884     807     790     799     704     761
     708     762     753     758     735     772     781     753     730     741
     786     772     799     790     804     872     797     753     778     771
     762     768     799     851     743     791     741     777     732     739
     772     796     745     755     742     781     808     704     761     776
     755     754     717     785     744     776     729     839     797     747
     755     822     793     816     754     828     793     820     847     871
     820     866     945     965     959     957    1000    1093    1065    1163
    1143    1178    1112    1202    1167    1141    1041    1115    1140    1055
     973     985     916     941     900     862     822     797     788     798
     756     739     742     700     706     712     725     718     719     724
     680     713     706     787     700     695     654     708     671     667
     733     682     654     718     759     743     756     826     776     864
     835     955     987    1040    1020    1161    1272    1288    1306    1378
    1375    1436    1407    1379    1420    1396    1232    1345    1229    1183
    1117    1093    1111     955     949     878     872     845     789     743
     739     726     697     723     713     747     690     720     713     745
     746     706     697     727     716     716     736     717     730     678
     628     673     621     705     663     720     610     613     630     634
     616     647     692     692     631     679     654     661     631     652
     692     674     640     683     648     641     624     663     668     682
     601     689     620     677     589     678     618     681     670     663
     630     674     646     645     627     705     650     723     711     729
     674     680     695     674     702     657     755     756     734     697
     726     713     656     737     697     684     684     667     664     677
     614     654     609     657     640     636     640     657     600     627
     609     627     599     611     657     649     609     641     630     636
     636     586     669     629     611     621     591     632     634     627
     581     645     599     658     613     621     608     631     606     642
     643     642     643     643     642     671     626     667     614     625
     591     639     610     605     636     591     598     610     637     667
     587     608     657     648     621     667     586     651     616     679
     672     653     687     692     711     672     692     648     726     739
     677     743     713     675     651     725     715     688     719     640
     719     671     675     675     671     648     635     654     643     626
     608     689     646     648     585     645     608     669     601     629
     632     619     607     629     629     645     645     679     611     660
     612     636     579     610     632     664     627     614     622     650
     637     639     646     678     590     618     601     599     648     639
     600     622     655     650     620     652     612     659     638     625
     651     666     595     645     641     626     618     651     620     600
     573     620     593     589     590     655     637     671     593     589
     572     656     590     654     621     619     597     586     659     640
     583     656     635     635     606     596     620     639     629     605
     583     638     650     586     634     605     617     600     651     658
     587     667     680     629     678     830     769     811     745     752
     830     910     828     938     926     941     879     942     937     992
     851     953     914     987     910     916     879     877     799     873
     822     741     733     743     666     718     658     617     693     631
     586     588     597     585     535     548     615     604     584     547
     553     611     589     582     539     512     510     550     558     533
     554     593     539     637     547     570     571     560     568     540
     544     585     552     585     587     613     561     605     589     597
     540     596     583     628     584     582     601     631     619     601
     634     606     540     601     527     610     550     631     571     568
     584     563     613     574     547     537     631     598     552     571
     541     564     497     590     542     541     535     597     596     550
     504     534     550     570     508     574     563     539     516     539
     484     575     497     543     523     563     505     501     511     596
     539     533     563     542     526     543     601     628     590     584
     592     606     533     570     587     610     585     590     607     637
     601     587     567     583     613     600     616     584     573     556
     566     608     522     597     581     598     572     500     502     565
     514     553     570     576     531     485     531     556     523     506
     555     537     515     528     489     502     472     535     484     524
     492     505     526     498     494     489     451     524     520     467
     526     486     491     522     550     512     507     458     503     545
     532     502     504     487     479     500     494     534     504     521
     586     565     528     557     571     509     532     565     605     550
     607     545     529     561     585     593     569     576     547     522
     531     545     540     556     552     508     499     544     529     519
     481     484     509     523     487     498     490     494     469     489
     508     493     499     461     474     476     500     467     476     485
     429     450     430     487     469     543     460     435     424     417
     423     504     423     407     436     445     473     478     457     497
     450     440     479     486     453     439     404     438     430     410
     509     507     428     474     498     506     438     478     430     460
     451     495     451     487     465     445     457     466     455     465
     471     430     431     424     455     470     434     429     463     451
     455     451     466     467     413     458     451     452     458     441
     458     405     389     441     407     410     428     421     459     406
     428     409     435     429     402     423     500     510     395     415
     444     441     404     388     409     453     380     427     411     430
     461     445     389     420     419     386     407     449     405     421
     401     442     425     471     510     431     437     428     456     461
     439     512     435     436     465     469     458     493     449     478
     468     457     431     445     443     457     425     464     449     446
     429     431     434     408     370     442     432     418     411     434
     434     408     409     397     437     410     392     395     389     426
     414     400     424     415     384     415     414     411     426     400
     419     428     382     424     393     416     408     435     376     427
     385     419     385     374     391     402     400     382     398     375
     424     406     365     383     400     389     376     398     405     398
     407     398     361     430     401     402     381     367     379     385
     420     397     389     408     344     389     377     402     393     373
     389     379     372     386     356     396     382     415     360     368
     409     389     368     381     377     419     394     373     364     377
     394     374     389     401     387     377     404     395     360     382
     421     444     391     376     381     382     372     363     350     373
     353     381     370     385     356     358     391     398     381     398
     379     401     378     357     405     415     417     344     411     426
     364     414     382     376     383     393     407     378     391     374
     395     372     406     383     396     426     387     362     364     365
     368     407     393     367     382     352     422     397     381     374
     420     388     366     360     411     394     364     374     356     374
     377     396     429     394     368     396     394     408     402     381
     394     402     385     381     437     387     407     416     416     415
     400     366     480     442     393     415     438     431     414     421
     419     428     401     408     444     425     422     414     395     415
     429     407     427     430     495     448     423     460     446     414
     446     452     434     450     460     452     465     460     435     471
     458     423     507     501     456     453     533     513     466     544
     511     519     511     534     511     510     515     534     562     568
     544     571     579     631     579     599     630     639     577     662
     682     702     704     754     759     768     759     781     817     848
     873     872     902     977     951     927    1068    1061    1083    1118
    1180    1149    1223    1232    1291    1436    1348    1332    1571    1555
    1524    1617    1644    1663    1691    1883    1925    1859    1894    2020
    2111    2126    2063    2144    2214    2282    2216    2240    2343    2312
    2376    2312    2443    2424    2378    2442    2622    2483    2415    2364
    2702    2434    2371    2387    2356    2429    2259    2346    2325    2428
    2114    2182    2149    2196    2022    2006    1971    1943    1768    1828
    1754    1717    1708    1634    1648    1521    1466    1412    1440    1379
    1218    1258    1275    1176    1116    1026    1046    1049     968     903
     929     868     801     808     762     721     735     718     671     708
     681     636     672     690     618     594     574     668     643     652
     648     638     700     695     796     729     693     820     845     898
     935     935     968    1083     993    1004    1206    1242    1075    1260
    1231    1287    1297    1302    1304    1339    1292    1299    1406    1302
    1263    1233    1220    1226    1114    1030    1128    1111     888     899
     910     804     833     730     664     672     632     554     564     546
     507     470     460     422     410     439     377     364     340     354
     375     366     346     360     342     388     339  181621
