$Informacoes da Fluorescencia de Raios-X:
"Sample    : GHA-592",                                                                    
"Operator  : luisf",                                                                      
"Comment  : ",                                                                            
"Group     : thiago_acra2010ma",                                                          
"Date       : 2010-06-18 02:28:49",                                                       
"",                                                                                       
"Mesurement Condition",                                                                   
"------------------------------------------------------------------------------------",   
"Instrument : 700HS2   Atmosphere : Vac.   Collimator : 10(mm)   Spin : No",              
"------------------------------------------------------------------------------------",   
"Analyte               TG kV   uA      FI Acq.(keV)  Anal.(keV)  Time(sec)     DT(%)",    
"------------------------------------------------------------------------------------",   
"Na                    Rh 50  914-Auto Al  0 - 20    0.8 - 1.2   Live -  959   21",       
"Channel_info_start",                                                                     
"Channel : Na",                                                                           
"Points : 2048
"Range : 0.000000 - 20.480000",                                                           
"Step : 0.010000",                                                                        
"Channel_info_end",                                                                       
$DATA:
       0    2047
       0       0       0       0       0       0       0       0       0    2048
       0       0       0       0       0       0       0       0       0       0
       0       0       0       0       0       0       0       0       0       0
       0       0       0       0       0       0       0       3       1       8
      87     193     232     195     203     199     193     244     183     211
     226     246     217     199     229     223     215     252     243     266
     241     295     323     337     318     346     356     334     353     356
     289     323     266     334     290     302     279     281     320     301
     290     261     263     258     245     231     253     243     228     245
     208     254     226     273     235     259     229     290     299     281
     278     257     269     275     257     216     232     246     250     278
     251     285     241     285     310     349     272     295     267     292
     263     257     237     261     236     259     262     308     279     353
     443     476     496     544     508     583     585     684     513     553
     478     463     428     454     407     442     473     588     741     949
    1321    1877    2278    3263    3601    4576    4766    5487    5556    5727
    5506    5523    4876    4522    3600    3223    2772    2244    1728    1685
    1470    1661    2024    2701    3886    5968    7976   11173   14055   18782
   20730   24998   26800   29662   27870   29674   26258   25383   21120   18891
   14897   11823    8730    6707    4663    3543    2445    2002    1613    1415
    1113    1046     927     889     816     847     867     852     754     834
     706     782     734     671     663     598     545     579     513     522
     487     519     473     506     469     571     584     664     686     868
    1132    1500    1741    2350    3066    3781    4350    5099    5562    6105
    6295    6557    6464    6163    5419    5123    4275    3737    2914    2520
    1853    1514    1254    1081     964     959     736     869     835     910
     981    1061    1260    1644    1876    2592    2722    3506    3860    4563
    4879    5277    5314    5566    5025    5077    4389    4025    3276    2967
    2381    1993    1450    1287     981     963     836     890     850     918
     907     916     859     904     898     885     765     770     683     638
     546     544     519     547     496     522     452     542     495     490
     478     490     440     525     466     508     496     548     542     589
     545     679     657     732     824     945    1172    1509    1854    2814
    3623    5208    6592    8946   11215   14421   16430   20428   22145   25800
   25600   27844   27235   27369   24678   24019   20189   18318   14757   12491
    9473    7463    5343    4111    2931    2249    1664    1573    1390    1484
    1634    2077    2391    2937    3485    4339    5079    6496    7735    9621
   11616   14241   16345   19340   21832   25353   26389   29848   29919   31319
   29368   29260   27265   25629   21906   19586   15823   13284   10049    7891
    5900    4477    2991    2180    1572    1215     948     863     833    1012
    1043    1321    1479    1816    2020    2468    2747    3191    3545    3993
    3902    4089    3870    4062    3701    3588    3071    2895    2380    2180
    1605    1341    1180     992     772     663     575     492     443     401
     363     412     381     384     421     400     453     441     416     421
     424     424     502     538     585     685     879    1118    1249    1701
    2120    2832    3262    4147    4910    5751    6300    7272    7903    8672
    8337    8890    8446    8531    7655    7331    6505    5900    4849    4313
    3680    3089    2439    2320    1741    1570    1250    1197    1006     984
     881     933     840     840     765     823     768     851     845     901
     984     976    1005    1186    1203    1406    1344    1593    1608    1762
    1807    1892    1900    1988    1886    1964    1888    1809    1609    1550
    1409    1325    1120    1138     984     885     810     789     817     750
     723     734     679     772     721     690     771     803     729     841
     791     840     786     800     835     871     788     884     829     870
     870     964     889     980     953    1005    1000     990    1019    1073
    1061    1073    1116    1069    1087    1053     975     963     975     963
     936     975     898     966     892     861     906     933     854     928
     893     906     820     906     923     947     877     907    1007     924
     905     912    1020    1112    1080    1206    1127    1480    1379    1541
    1831    2041    2045    2289    2474    2733    2818    2967    3006    3282
    3004    3249    2962    3053    2833    2665    2524    2303    2106    2024
    1803    1719    1511    1593    1505    1520    1365    1355    1383    1471
    1383    1461    1468    1548    1516    1650    1852    2051    2150    2724
    3415    4357    5475    7397    9752   13198   16361   21913   28374   35806
   41944   52713   62430   73695   80195   91935   99667  108905  110070  122413
  115124  119014  108081  107861   98254   92164   78615   72043   60240   52617
   40880   34613   27504   21895   16260   13184    9070    7311    4998    4002
    3182    2591    1972    1880    1683    1537    1372    1361    1397    1429
    1330    1361    1379    1479    1338    1444    1368    1488    1394    1457
    1523    1567    1503    1683    1793    1886    1998    2319    2426    2784
    3169    3683    4451    5221    5832    7069    7940    9248   10029   11397
   12639   13961   14100   15456   16157   16524   15532   15783   14880   14643
   13027   12508   11084   10007    8394    7551    6452    5618    4526    4209
    3320    2832    2311    2122    1887    1715    1426    1405    1398    1329
    1290    1262    1276    1270    1198    1250    1255    1303    1166    1281
    1287    1330    1299    1335    1289    1351    1287    1338    1453    1387
    1263    1314    1365    1427    1250    1288    1283    1335    1190    1260
    1226    1240    1269    1329    1236    1268    1289    1246    1274    1259
    1175    1295    1235    1243    1285    1309    1257    1275    1206    1323
    1279    1321    1261    1381    1295    1381    1333    1415    1330    1475
    1358    1420    1539    1513    1555    1497    1553    1697    1697    1751
    1777    1776    1839    1807    1765    1796    1672    1842    1661    1728
    1579    1676    1556    1561    1427    1470    1364    1337    1377    1259
    1290    1237    1203    1181    1150    1255    1112    1192    1196    1154
    1086    1173    1248    1159    1156    1148    1136    1201    1085    1186
    1135    1107    1153    1166    1180    1258    1162    1393    1319    1481
    1498    1583    1722    1829    1863    2059    2088    2349    2352    2415
    2520    2703    2592    2566    2701    2611    2553    2494    2371    2251
    2089    2063    1866    1867    1688    1635    1527    1546    1392    1357
    1310    1375    1240    1205    1182    1192    1102    1219    1261    1144
    1141    1125    1233    1186    1137    1102    1119    1180    1137    1176
    1131    1146    1086    1097    1080    1119    1068    1116    1155    1111
    1119    1112    1118    1229    1089    1166    1139    1172    1061    1135
    1150    1147    1133    1115    1147    1122    1149    1154    1192    1135
    1054    1159    1070    1141    1085    1156    1089    1063    1061    1148
    1106    1158    1079    1153    1212    1161    1180    1210    1131    1264
    1185    1207    1200    1290    1262    1279    1244    1271    1289    1304
    1293    1281    1165    1192    1163    1201    1162    1205    1164    1181
    1087    1103    1145    1123    1051    1151    1053    1159    1077    1059
    1132    1049    1078    1023    1077    1042    1044    1062    1054    1058
    1064    1081    1109    1064    1078    1042    1090    1096     941    1062
     999    1097     970    1054    1087    1123    1141    1101    1084    1061
    1070    1077    1163    1112    1049    1114    1096    1096    1050    1046
    1061    1083    1132    1092    1118    1088    1054    1110    1070    1028
    1029    1090    1041    1136    1067    1034    1061    1119    1068    1144
    1150    1173    1144    1122    1145    1217    1171    1196    1208    1260
    1144    1200    1214    1207    1193    1288    1175    1237    1192    1231
    1189    1162    1137    1199    1110    1142    1088    1079    1114    1104
    1029    1107    1080    1079     993    1035    1084    1116    1035    1053
    1046    1069     980    1024    1084    1012    1008    1061    1080    1053
     951    1006    1051    1115    1020    1057    1046    1071    1079    1023
     998    1023    1012    1068    1032     990    1022    1036    1023    1102
    1003    1089    1098    1052    1010    1023     920    1093    1028    1049
    1040    1104     993     985    1027    1040    1009    1040    1000    1052
    1029    1048    1079     990     980    1042    1012    1050     986    1035
    1034     991     984     956     993     971    1015     979     923     959
     886    1031    1018    1014    1025    1003     935     960     950     996
     972    1045     950     962     921    1014     924    1020     997     974
     981    1026     986    1041     997    1057    1067    1130    1059    1105
    1157    1087    1131    1151    1215    1233    1163    1241    1191    1262
    1209    1266    1164    1215    1155    1162    1177    1208    1071    1168
    1128    1119    1037    1049    1085     982     975     988    1029     990
     942     941     922     948     899     954    1014     883     935     887
     905     981     904     947     959     968     878     911     911     930
     919     944     902     937     896     939     901     883     892     947
     925     921     947     967     958     925     941     956     999    1007
     968     954     979     981     948     959     954     982    1019    1034
     898    1036    1012    1043    1060    1054     951    1023    1001    1033
     957    1016    1012    1066     968     954     981     983     996    1054
    1080    1051     989    1005     990    1027     866    1001     893     979
     956     940     949     950     868     928     898     956     870     883
     902     906     823     868     870     905     905     888     890     904
     799     838     840     842     854     878     901     968     897     905
     939     931     932     963     950    1003     984    1063    1024    1127
     988    1077    1075    1060     980    1000    1051    1084    1022    1062
    1051     972    1006    1012    1043    1011     975     993     930    1010
     985     911     857     942     909     878     925     864     800     850
     828     880     792     789     833     800     724     802     837     818
     824     796     843     850     764     835     831     798     746     741
     782     814     764     775     855     808     835     773     846     814
     847     849     855     840     767     896     904     838     906     912
     941     977     949     935    1092    1027    1062    1073    1223    1185
    1097    1157    1182    1193    1090    1232    1224    1149    1155    1105
    1079    1105    1008    1072    1001    1062     910     935     940     910
     846     850     838     833     782     838     772     817     747     788
     749     792     724     797     740     768     710     785     745     771
     745     661     755     783     776     805     712     806     677     773
     755     728     758     694     763     783     741     664     719     763
     773     705     789     790     781     773     709     744     755     818
     780     786     749     738     796     791     789     805     788     802
     786     799     763     836     762     793     833     749     765     779
     772     796     774     763     797     745     702     736     737     765
     715     718     727     724     714     699     737     766     727     671
     692     704     696     727     693     721     671     736     644     703
     695     713     724     734     688     676     751     720     683     690
     676     701     740     709     719     712     670     678     710     721
     660     749     748     714     721     750     808     755     736     764
     756     807     832     827     833     820     889     931     890     903
     887     893     889     921     899     981     966    1000     914     913
     916     904     870     938     883     888     814     836     764     834
     776     797     765     781     759     727     732     741     652     712
     725     712     629     697     650     692     677     692     640     657
     640     642     655     634     675     654     638     707     675     668
     644     657     643     635     612     615     635     631     647     620
     583     652     640     658     576     666     666     645     607     642
     678     617     625     646     647     650     647     628     670     632
     625     688     653     675     641     640     641     721     668     654
     686     702     677     692     672     646     625     673     626     624
     635     621     645     621     603     649     631     616     579     666
     625     591     602     582     625     649     598     616     600     602
     558     588     646     608     614     597     644     620     611     649
     608     650     581     635     618     655     606     598     594     614
     581     619     617     590     548     673     601     614     615     589
     637     649     556     590     657     572     568     585     625     620
     631     575     567     610     575     605     641     605     558     619
     625     638     576     617     576     659     577     601     638     713
     599     620     596     621     615     581     617     671     615     654
     690     654     645     670     688     636     685     702     647     679
     679     602     646     676     675     676     635     695     619     614
     680     661     617     662     647     632     635     664     653     663
     657     626     763     646     612     658     640     683     638     635
     633     652     628     681     677     623     704     675     633     692
     668     681     720     676     657     668     750     711     693     744
     678     719     748     762     715     758     686     749     789     771
     729     709     721     796     745     740     819     699     812     768
     784     836     815     833     766     907     792     851     896     850
     873     903     947     996     901     984     985    1041     994     993
    1041    1070    1023    1095    1107    1202    1162    1170    1277    1218
    1258    1314    1382    1433    1390    1464    1529    1546    1614    1705
    1684    1829    1782    1854    1885    2048    2074    2071    2268    2272
    2291    2393    2587    2517    2568    2776    2797    2843    2841    2884
    3085    3117    3174    3217    3272    3323    3294    3350    3441    3727
    3691    3634    3736    3694    3666    3639    3785    3743    3767    3746
    4216    3877    3601    3700    3750    3762    3630    3609    3548    3602
    3349    3448    3468    3410    3246    3364    2958    3095    2937    2885
    2929    2822    2686    2618    2582    2554    2281    2339    2215    2354
    2074    1940    2058    1909    1745    1869    1687    1674    1620    1582
    1497    1555    1331    1323    1362    1318    1254    1190    1172    1172
    1110    1068    1061    1057     988    1024    1018    1017     954    1008
    1018    1025    1012    1024    1103    1049    1060    1197    1157    1309
    1217    1357    1419    1515    1474    1486    1663    1766    1676    1829
    1952    2046    1977    2055    2155    2234    2201    2184    2270    2286
    2179    2194    2261    2153    2062    1921    2144    2059    1904    1741
    1774    1658    1523    1515    1428    1361    1206    1148    1085    1111
     972     954     924     844     702     754     730     661     598     575
     651     598     557     570     574     564     570  292727
