$Informacoes da Fluorescencia de Raios-X:
"Sample    : GHA-685",                                                                    
"Operator  : THIAGO",                                                                     
"Comment  : ",                                                                            
"Group     : thiago_acra2010ma",                                                          
"Date       : 2010-06-19 03:24:25",                                                       
"",                                                                                       
"Mesurement Condition",                                                                   
"------------------------------------------------------------------------------------",   
"Instrument : 700HS2   Atmosphere : Vac.   Collimator : 10(mm)   Spin : No",              
"------------------------------------------------------------------------------------",   
"Analyte               TG kV   uA      FI Acq.(keV)  Anal.(keV)  Time(sec)     DT(%)",    
"------------------------------------------------------------------------------------",   
"Na                    Rh 50 1000-Auto Al  0 - 20    0.8 - 1.2   Live -  958   16",       
"Channel_info_start",                                                                     
"Channel : Na",                                                                           
"Points : 2048
"Range : 0.000000 - 20.480000",                                                           
"Step : 0.010000",                                                                        
"Channel_info_end",                                                                       
$DATA:
       0    2047
       0       0       0       0       0       0       0       0       0    2048
       0       0       0       0       0       0       0       0       0       0
       0       0       0       0       0       0       0       0       0       0
       0       0       0       0       0       0       0       3       1       3
      73     177     157     162     152     146     192     159     137     165
     131     151     156     162     151     191     169     164     158     180
     185     180     163     217     200     224     211     191     210     215
     237     230     238     267     255     300     209     271     238     276
     267     249     222     222     184     203     182     192     190     209
     175     225     216     261     264     302     298     305     289     316
     273     268     250     225     243     218     194     224     171     214
     232     250     255     244     240     268     247     241     230     257
     222     227     195     203     202     211     211     216     220     232
     233     317     256     298     312     326     318     363     280     330
     264     288     294     280     290     291     256     367     377     576
     697    1032    1252    1756    1866    2406    2543    2878    3051    3172
    2986    3003    2647    2564    2028    1831    1463    1236    1019     906
     731     882     962    1417    1856    2799    3591    5219    6545    8509
    9598   11536   12228   13597   12907   13841   12261   11963   10029    9135
    7216    5991    4299    3429    2336    1930    1288    1121     927     783
     694     687     655     657     643     722     672     710     653     700
     628     594     562     525     446     482     466     429     381     369
     320     350     325     314     301     320     388     415     404     518
     583     775     876    1043    1328    1631    1872    2156    2455    2616
    2651    2777    2707    2692    2347    2184    1893    1766    1354    1274
    1021     890     706     643     638     641     584     671     704     851
     976    1303    1650    2214    2826    3949    4420    5742    6451    7625
    8001    9154    8899    9604    8621    8578    7278    6953    5620    4889
    3803    3225    2162    1894    1371    1261    1045    1052    1055    1159
    1088    1086    1150    1142    1067    1009     959     861     734     708
     571     541     444     417     321     358     309     337     302     325
     329     298     290     334     283     356     351     371     354     326
     379     438     484     488     516     554     658     834     982    1443
    1689    2542    3098    4216    5193    6889    7656    9541   10407   12183
   12013   13273   12914   13094   11589   11478    9651    8970    7216    6096
    4806    3817    2803    2161    1674    1281    1104     912     845     899
    1047    1252    1474    1849    2040    2741    3389    4626    5599    7538
    9171   11959   13879   17048   19462   23276   24297   27592   27539   29426
   28159   28004   26147   24808   20843   18678   15846   13164    9900    7965
    5755    4399    2920    2198    1570    1224     840     776     731     863
     924    1165    1352    1552    1877    2175    2578    2926    3023    3686
    3436    3762    3568    3702    3573    3406    2827    2691    2287    2044
    1589    1345    1085     855     651     577     442     428     320     324
     296     314     273     314     262     332     293     284     314     323
     322     354     363     374     419     532     584     747     860    1193
    1522    1845    2228    2712    3290    3964    4248    4966    5371    5831
    5671    5992    5892    5927    5228    5175    4565    4086    3464    3131
    2555    2289    1813    1476    1273    1148     948     897     763     730
     635     692     664     597     543     592     633     551     577     698
     701     777     781     815     908    1016    1024    1121    1156    1264
    1342    1361    1395    1416    1235    1348    1219    1283    1195    1151
     981     996     867     776     702     679     635     597     601     614
     545     578     549     553     541     563     519     569     616     612
     572     594     624     596     638     672     595     674     624     660
     634     706     715     715     675     747     838     800     799     795
     836     926     846     876     872     874     798     818     727     786
     790     753     741     747     702     704     711     758     696     741
     732     777     731     736     712     717     695     676     714     781
     723     806     761     809     781     871     892     983    1038    1078
    1135    1340    1281    1457    1497    1696    1769    1871    1909    2039
    1979    2099    1929    1804    1754    1717    1691    1607    1394    1378
    1268    1227    1133    1086    1078    1122    1022    1027    1099    1079
    1051    1124    1153    1162    1168    1254    1339    1424    1582    1910
    2335    3092    3690    5147    6649    9152   11249   15035   18977   24226
   28688   35626   42482   50362   54164   62348   68600   74506   75235   84942
   79046   82341   74801   74685   68533   64432   55059   50705   42975   37757
   29129   24825   19724   15879   11700    9624    6716    5467    3899    3130
    2370    2015    1528    1509    1325    1259    1108    1160    1091    1183
    1081    1147    1171    1107    1055    1103    1127    1181    1160    1235
    1237    1256    1224    1328    1308    1511    1550    1755    1813    2154
    2273    2781    3081    3742    4120    4996    5684    6624    7069    8105
    8633    9588    9733   10802   11137   11505   10955   11242   10584   10332
    9115    9044    7982    7200    6114    5619    4898    4123    3439    3069
    2475    2186    1796    1566    1446    1299    1153    1199    1173    1090
    1004    1036     990    1015     981    1016    1041    1049     981    1058
     990    1092    1043    1159    1043    1208    1061    1059    1154    1123
    1123    1164    1082    1070    1095    1052    1009    1028    1036    1054
    1042    1053     984    1020     956    1019    1038    1045    1008    1092
     984    1039    1029    1109     965    1045    1028    1078    1021    1066
    1034    1072    1013    1118    1021    1065    1056    1125    1138    1169
    1092    1147    1153    1337    1192    1342    1311    1389    1370    1473
    1539    1519    1503    1552    1559    1650    1527    1567    1414    1528
    1408    1378    1320    1291    1206    1190    1176    1155    1052    1054
    1022    1015     986    1013     969     990     931     947     940     970
     830     943     899     929     940    1010     969     972     892     963
    1005     995     974     994     993    1002    1019    1090    1127    1198
    1207    1290    1409    1583    1513    1722    1800    1898    1873    2013
    2198    2227    2150    2265    2265    2154    1997    2119    1969    1994
    1791    1704    1648    1531    1430    1341    1297    1272    1119    1122
    1088    1061    1023    1025     966     994     983     982     905     954
     889     910     942    1035     966     962     989     963     937     885
     950     930     883     873     905     966     818     904     874     901
     898     927     838     970     935     929     904     960     926     882
     959     920     914     912     956     925     895     913     921     896
     913     927     893     858     868     897     942     961     897     925
     858     927     906     936     897     983     963    1005     924     960
     956     977    1105    1018    1029     994    1002    1114    1102    1000
    1074    1031     992     974     982    1005     987     936     956     976
     903     882     927     923     909     899     856     851     897     905
     874     909     837     851     866     879     778     863     863     873
     862     794     843     893     843     846     901     897     834     867
     867     916     850     896     902     829     881     851     874     820
     868     896     886     872     860     879     897     901     791     884
     841     858     866     855     867     895     795     853     834     890
     834     921     822     857     851     935     821     887     896     916
     870     970     883     905     974     977     929     953     989     978
     936    1032    1034    1016    1018    1030     976     959    1040     932
     988     984     925     915     941    1000     952     919     904     910
     926     843     927     853     834     882     863     913     828     832
     910     834     825     875     905     868     806     866     837     828
     824     818     843     878     800     852     845     833     805     893
     829     847     804     914     807     852     890     824     766     902
     840     859     848     861     816     893     880     871     844     826
     912     806     814     847     832     848     782     876     838     892
     822     855     848     832     794     875     859     872     833     821
     828     855     779     845     840     878     802     824     864     856
     804     859     838     838     756     880     788     815     832     835
     837     869     794     780     797     845     832     849     801     878
     765     824     845     881     864     817     847     855     883     923
     839     932     942     921     984    1002     935     963    1050     972
     950    1069     932    1054     938     962     954     933     935     932
     915     895     859     803     835     829     799     849     826     829
     752     834     783     823     786     789     828     804     769     784
     823     770     771     746     689     748     710     750     791     757
     760     795     738     774     744     731     731     779     755     701
     810     807     717     817     787     805     684     753     860     804
     759     759     789     818     793     814     811     833     804     862
     825     875     789     879     872     848     818     851     827     822
     818     851     823     822     794     806     799     789     837     789
     793     889     802     805     769     823     790     718     783     816
     741     753     746     770     710     774     721     784     698     723
     690     756     741     722     726     740     694     743     740     743
     718     698     699     772     673     731     718     737     740     770
     718     753     760     793     788     743     743     797     791     783
     779     784     792     830     766     790     795     830     749     824
     810     844     760     812     805     784     760     750     791     784
     680     700     724     740     695     749     734     685     637     747
     719     754     657     702     750     727     678     642     738     684
     662     671     680     667     626     603     712     639     642     628
     699     688     673     658     658     673     671     639     637     655
     688     653     718     753     652     707     710     795     738     795
     792     800     823     782     838     837     806     920     958     909
     834     948     904     887     910     906     915     938     826     860
     898     810     827     825     806     845     761     758     732     744
     648     714     656     699     632     607     690     697     623     643
     658     645     619     639     638     621     639     698     623     619
     623     623     624     572     591     616     627     629     654     620
     635     597     576     603     586     633     599     627     612     624
     573     651     652     641     648     660     619     665     617     669
     612     688     617     589     675     702     612     658     621     627
     617     611     660     614     632     611     653     658     632     639
     629     684     588     525     718     622     553     595     566     612
     582     583     543     646     542     618     589     614     566     609
     597     639     543     568     635     628     592     517     576     559
     539     588     566     551     561     542     642     610     585     591
     604     538     566     577     614     573     578     557     542     554
     610     578     620     597     642     640     611     600     650     642
     662     646     629     690     645     704     671     694     735     769
     714     671     758     774     724     757     731     792     687     734
     723     767     701     713     676     718     673     676     646     657
     652     611     624     672     588     599     646     584     583     586
     574     594     548     619     494     559     539     514     522     532
     502     586     572     555     576     644     550     580     554     568
     517     534     551     562     573     584     501     569     527     502
     535     526     535     537     540     531     542     513     560     527
     530     520     492     530     558     534     517     577     569     563
     543     525     580     582     519     506     566     524     529     537
     549     522     496     603     541     509     513     540     561     591
     520     553     501     550     500     499     552     598     488     552
     497     518     518     536     518     528     474     517     519     518
     518     496     502     561     524     526     501     524     535     495
     541     540     518     488     513     523     505     537     485     547
     490     553     484     553     501     493     520     561     494     540
     522     545     547     561     515     484     475     518     514     538
     545     528     508     491     484     550     505     551     518     524
     516     527     547     529     491     523     519     542     513     538
     517     529     554     607     565     539     546     580     489     486
     563     614     583     563     592     608     535     546     525     591
     571     542     562     538     572     537     570     534     540     512
     513     558     528     536     547     620     530     547     551     572
     575     514     607     561     536     584     525     550     538     553
     525     522     539     562     572     628     563     574     557     532
     519     569     618     596     529     553     628     605     592     593
     606     615     591     622     621     637     599     678     652     615
     673     624     610     648     610     604     667     649     652     663
     729     685     680     680     708     711     730     737     759     776
     712     815     736     757     710     810     789     862     839     870
     876     893     899     937     990     992    1001     960    1092    1023
    1092    1081    1157    1204    1205    1248    1298    1270    1383    1357
    1512    1494    1526    1547    1720    1701    1693    1685    1937    1964
    1840    1993    2108    2253    2185    2221    2327    2560    2376    2486
    2613    2652    2570    2724    2899    2906    2883    2876    3014    3071
    2941    3090    3170    3135    3130    3086    3183    3255    3061    3101
    3380    3325    3142    3165    3139    3224    2989    3105    3130    3086
    2976    2980    2960    2927    2754    2704    2709    2724    2479    2540
    2499    2463    2243    2319    2290    2201    1986    2038    2040    1883
    1877    1694    1711    1721    1595    1513    1531    1436    1349    1342
    1314    1281    1218    1170    1143    1145    1041     981     939     953
     938     870     920     899     822     774     872     845     795     805
     828     817     917     793     994     903     917     936    1042     999
    1013    1130    1218    1307    1262    1386    1395    1479    1463    1558
    1640    1731    1631    1768    1771    1860    1784    1797    1906    1943
    1758    1737    1847    1745    1740    1579    1764    1655    1556    1465
    1365    1401    1277    1174    1123    1047    1015     942     914     884
     738     717     687     672     620     599     541     540     527     509
     518     486     458     472     516     486     450  245204
