$Informacoes da Fluorescencia de Raios-X:
"Sample    : GHA-653",                                                                    
"Operator  : THIAGO",                                                                     
"Comment  : ",                                                                            
"Group     : thiago_acra2010ma",                                                          
"Date       : 2010-06-18 23:23:25",                                                       
"",                                                                                       
"Mesurement Condition",                                                                   
"------------------------------------------------------------------------------------",   
"Instrument : 700HS2   Atmosphere : Vac.   Collimator : 10(mm)   Spin : No",              
"------------------------------------------------------------------------------------",   
"Analyte               TG kV   uA      FI Acq.(keV)  Anal.(keV)  Time(sec)     DT(%)",    
"------------------------------------------------------------------------------------",   
"Na                    Rh 50 1000-Auto Al  0 - 20    0.8 - 1.2   Live -  959   10",       
"Channel_info_start",                                                                     
"Channel : Na",                                                                           
"Points : 2048
"Range : 0.000000 - 20.480000",                                                           
"Step : 0.010000",                                                                        
"Channel_info_end",                                                                       
$DATA:
       0    2047
       0       0       0       0       0       0       0       0       0    2048
       0       0       0       0       0       0       0       0       0       0
       0       0       0       0       0       0       0       0       0       0
       0       0       0       0       0       0       0       0       1       1
      44     112     127     142     129     140     121     135     134     128
     121     135     127     132     113     142     120     150     131     153
     153     152     165     180     206     194     187     217     192     195
     220     233     222     267     201     281     244     270     245     252
     212     222     200     183     153     150     132     143     132     146
     135     150     126     173     168     180     172     207     170     187
     159     165     160     160     148     147     157     139     160     155
     171     179     213     202     176     183     194     184     209     190
     143     151     152     125     128     167     136     133     145     157
     164     177     188     203     187     202     195     201     178     199
     170     195     184     166     162     175     192     220     198     270
     347     420     540     723     811     938    1058    1152    1174    1285
    1175    1221    1083     949     877     771     669     634     548     519
     416     393     427     539     685     940    1188    1708    2144    2745
    3040    3631    3853    4283    4213    4396    3932    3843    3286    2825
    2359    1860    1456    1158     848     687     509     429     351     381
     323     342     332     292     314     346     320     312     350     364
     356     320     314     327     306     313     265     279     274     260
     258     281     250     269     310     292     298     351     408     482
     631     815    1015    1353    1727    2237    2445    2960    3268    3641
    3721    3835    3846    3720    3265    3069    2705    2208    1828    1547
    1136     979     763     646     574     539     497     521     522     559
     571     741     833    1052    1219    1725    1861    2452    2678    3125
    3391    3788    3644    3910    3596    3420    3007    2822    2350    2183
    1534    1286     974     790     655     574     500     485     479     551
     542     566     555     573     566     542     499     469     460     357
     322     324     324     283     250     241     214     235     222     238
     235     243     241     241     251     259     227     250     272     282
     275     301     296     311     375     427     511     719     823    1280
    1561    2295    3045    4212    5067    6532    7617    9304   10069   11640
   12017   12500   12792   12691   11707   11367    9403    8636    6959    5857
    4556    3537    2483    1985    1478    1035     778     662     624     700
     746     886    1072    1310    1469    1772    2037    2520    2820    3405
    3893    4599    5119    6038    6689    7739    7760    8833    8805    9113
    8812    8277    7876    7440    6339    5663    4647    3764    2978    2252
    1773    1278     944     788     563     487     363     368     392     420
     420     502     564     645     753     806     923    1035    1062    1278
    1182    1298    1219    1273    1115    1100     976     940     724     673
     562     487     453     406     311     305     265     265     241     307
     254     258     240     258     246     249     254     275     263     290
     215     250     289     288     308     323     367     419     421     489
     639     809     906    1008    1170    1391    1568    1748    1905    1976
    1920    2074    2042    2036    1856    1828    1554    1468    1221    1036
     946     875     731     653     595     526     525     458     416     452
     391     456     407     419     398     419     424     382     433     430
     463     514     453     480     522     566     547     583     641     698
     661     653     657     714     667     660     656     658     588     573
     545     576     461     526     487     517     452     453     473     432
     404     465     411     432     383     438     445     436     437     464
     454     467     425     438     459     476     511     466     482     491
     503     482     518     552     531     612     538     636     529     657
     644     600     608     630     635     620     563     575     639     563
     586     577     530     566     582     586     598     594     589     624
     606     598     609     586     594     587     595     593     605     623
     576     593     604     666     642     703     667     735     737     771
     808     815     838     956     917     959    1012    1046    1078    1036
    1067    1068    1021    1057     981     981     988     925     883     929
     825     837     847     820     790     870     804     784     840     792
     769     791     878     873     852     911     906     957     990    1156
    1287    1566    1695    2166    2628    3373    4164    5348    6748    8203
    9923   11910   14311   16384   17986   20200   22364   24002   24042   27091
   25345   25707   23945   23537   21801   20299   17263   16176   13263   11592
    9351    7974    6434    5237    4088    3416    2575    2246    1711    1480
    1278    1151    1081    1084    1004    1006     931     919     976     943
    1007     964     942     975     947    1012     965    1003     958    1031
    1058    1024    1064    1064    1041    1100    1154    1221    1225    1332
    1398    1538    1530    1861    1919    2217    2484    2696    2850    3186
    3468    3706    3759    3992    4203    4162    4008    4074    4023    3713
    3442    3360    3114    2824    2535    2339    2108    1911    1698    1590
    1387    1295    1215    1145    1084    1064    1030     979    1015     983
    1013     972     951     965     981     977     949     999    1035     923
    1048    1031    1020    1038    1038    1075     964     993    1039    1116
    1015    1107    1047    1045    1010     993    1064    1032     973     978
     978    1003     904     977     999     964     917     959    1039    1030
     969     958    1020    1009    1016     993     997    1119     998     986
    1032    1015    1031    1104    1012    1032    1057    1057    1112    1119
    1061    1101    1145    1200    1232    1229    1315    1332    1333    1396
    1492    1454    1386    1439    1417    1451    1386    1504    1324    1307
    1242    1280    1225    1160    1094    1070    1104    1076     987     895
    1010     995     884     913     847     881     863     914     937     922
     885     935     903     918     899     928     928     896     920     921
     899     969     923     958     939    1058     995    1098    1099    1085
    1189    1235    1326    1392    1441    1686    1725    1768    1851    1903
    1996    2146    2130    2045    2191    2042    1799    1921    1870    1783
    1598    1639    1407    1412    1279    1186    1204    1097    1063    1024
     994     999     897     885     806     904     864     897     971     878
     874     933     903     956     900     903     940     930     866     884
     920     863     848     824     887     874     849     868     916     904
     810     879     831     894     854     904     822     881     901     825
     878     839     838     857     884     839     852     841     864     883
     811     834     899     859     879     928     824     881     868     802
     922     935     775     901     895     904     863     921     925     984
     918     935    1009     962     976     946    1019     973     987     972
     991     918     911     936     900     923     877     859     884     901
     859     885     898     875     823     898     830     806     777     803
     788     802     766     818     821     784     802     805     814     824
     807     757     879     847     808     789     831     801     767     850
     790     816     746     772     808     830     784     792     814     799
     787     824     774     880     799     841     849     833     814     786
     804     841     839     847     774     809     766     885     849     810
     832     844     812     920     777     850     875     889     849     884
     834     814     856     895     941     860     905     924     922     931
     903     942    1026     985     939    1039     964     965     936     948
    1004     977     871     918     869     953     870     892     874     837
     806     850     857     893     801     811     822     827     834     782
     824     863     827     820     786     826     805     894     793     802
     819     813     878     825     816     804     788     879     773     821
     784     857     770     821     811     827     809     869     788     888
     846     815     862     849     795     831     848     878     802     828
     810     819     871     826     791     847     766     810     850     837
     824     769     849     771     773     816     891     836     816     790
     770     825     793     750     878     805     806     854     809     804
     803     792     784     850     734     792     826     829     763     859
     778     814     735     747     811     855     847     855     861     826
     888     934     898     965     962    1020    1082    1190    1127    1247
    1272    1277    1313    1470    1476    1508    1491    1546    1574    1597
    1583    1553    1547    1573    1470    1428    1502    1388    1387    1318
    1326    1162    1100    1012    1034    1016     968     903     960     900
     822     871     772     861     735     734     765     768     732     712
     782     704     778     770     771     781     764     759     758     771
     741     772     734     783     715     782     738     760     684     698
     719     747     739     729     754     751     734     714     747     779
     786     822     829     806     754     783     778     824     728     778
     777     834     736     809     860     791     785     789     850     809
     741     792     745     755     720     748     760     721     739     724
     841     717     773     707     731     689     661     710     729     707
     690     664     770     689     683     724     662     746     746     741
     717     714     749     659     687     746     696     734     737     746
     732     709     769     733     734     696     808     760     795     789
     822     807     791     803     858     887     819     866     778     863
     830     814     834     833     814     864     897     829     845     826
     786     796     739     748     804     772     729     746     771     718
     714     709     754     714     705     656     710     693     648     707
     630     685     698     663     685     680     696     649     665     694
     669     650     635     730     620     657     625     685     607     622
     612     654     658     714     659     714     610     666     680     677
     647     643     689     685     637     682     705     643     667     671
     748     678     703     718     675     662     717     643     766     728
     664     752     748     718     672     784     705     744     699     704
     729     721     662     750     692     650     696     659     661     724
     632     661     677     628     665     619     627     622     577     625
     648     637     598     638     684     622     616     639     635     659
     564     613     605     639     588     612     644     629     598     630
     585     574     594     631     632     598     626     590     648     614
     611     648     643     648     632     591     649     631     621     612
     582     666     558     594     644     622     604     620     592     635
     588     572     587     605     561     584     643     631     580     536
     574     607     574     565     650     608     569     562     558     618
     583     571     581     585     601     568     607     582     551     617
     572     590     542     559     594     559     577     559     572     583
     533     579     593     545     554     559     605     594     530     551
     591     595     534     551     554     562     538     533     538     586
     548     552     539     584     574     649     532     549     563     600
     598     567     587     569     576     613     565     595     609     601
     571     566     599     563     585     599     592     629     590     616
     613     598     568     622     572     546     584     582     569     630
     584     579     580     601     520     567     498     518     518     575
     524     559     554     551     551     517     530     555     528     545
     568     534     551     565     503     530     575     587     542     513
     568     480     559     566     540     572     534     511     582     527
     517     504     563     526     535     502     550     546     511     521
     515     549     512     554     499     506     535     517     542     558
     519     531     522     515     480     524     570     552     527     531
     532     536     514     478     539     524     448     494     528     504
     519     506     491     519     499     515     532     547     525     516
     488     565     513     499     563     568     528     530     520     538
     493     484     533     508     481     497     527     502     484     532
     586     503     519     472     513     517     472     491     510     506
     528     551     557     517     498     511     494     516     458     499
     536     501     485     494     499     509     534     517     562     496
     527     568     515     492     537     492     489     513     477     484
     532     479     502     480     534     503     500     532     540     574
     482     542     506     503     549     492     511     535     507     518
     568     527     467     550     476     551     503     499     534     534
     531     546     565     549     536     509     524     552     506     530
     507     518     499     515     537     540     563     554     529     576
     544     517     602     549     501     563     546     558     528     571
     547     551     557     557     566     574     594     563     583     566
     559     572     606     609     579     599     636     661     555     558
     584     623     555     585     680     635     559     564     637     645
     644     612     619     663     637     653     667     669     659     631
     669     649     665     643     767     715     719     785     799     755
     755     718     796     802     804     820     896     848     844     897
     952     919     907     981    1023     986    1040    1048    1112    1137
    1228    1177    1254    1261    1253    1337    1348    1393    1483    1487
    1556    1611    1588    1637    1834    1763    1783    1865    2165    2191
    2025    2154    2257    2237    2265    2453    2513    2571    2659    2612
    2842    2787    2731    2847    3010    2895    3021    3064    3224    3270
    3152    3196    3310    3269    3219    3148    3354    3314    3325    3134
    3710    3431    3179    3167    3250    3247    3211    3167    3146    3139
    2986    2877    3024    2827    2843    2740    2713    2739    2475    2462
    2425    2424    2332    2219    2309    2098    1958    1875    1974    1867
    1747    1648    1741    1568    1478    1444    1408    1328    1387    1247
    1305    1218    1139    1097    1044    1041    1008     951    1047     940
     928     865     902     880     843     850     849     830     802     788
     884     880     868     858    1006     961     922    1021    1056    1054
    1042    1136    1241    1249    1280    1306    1396    1429    1463    1497
    1630    1712    1638    1728    1741    1761    1718    1791    1795    1724
    1625    1673    1669    1629    1479    1485    1537    1421    1301    1328
    1242    1167    1127    1103     941     956     891     819     761     729
     685     646     683     603     580     564     543     533     512     432
     509     484     478     446     474     478     432  244246
