$Informacoes da Fluorescencia de Raios-X:
"Sample    : GHA-676",                                                                    
"Operator  : THIAGO",                                                                     
"Comment  : ",                                                                            
"Group     : thiago_acra2010ma",                                                          
"Date       : 2010-06-19 07:25:46",                                                       
"",                                                                                       
"Mesurement Condition",                                                                   
"------------------------------------------------------------------------------------",   
"Instrument : 700HS2   Atmosphere : Vac.   Collimator : 10(mm)   Spin : No",              
"------------------------------------------------------------------------------------",   
"Analyte               TG kV   uA      FI Acq.(keV)  Anal.(keV)  Time(sec)     DT(%)",    
"------------------------------------------------------------------------------------",   
"Na                    Rh 50 1000-Auto Al  0 - 20    0.8 - 1.2   Live -  959   17",       
"Channel_info_start",                                                                     
"Channel : Na",                                                                           
"Points : 2048
"Range : 0.000000 - 20.480000",                                                           
"Step : 0.010000",                                                                        
"Channel_info_end",                                                                       
$DATA:
       0    2047
       0       0       0       0       0       0       0       0       0    2048
       0       0       0       0       0       0       0       0       0       0
       0       0       0       0       0       0       0       0       0       0
       0       0       0       0       0       0       0       0       3      11
      74     192     166     209     150     197     200     223     194     192
     174     190     181     179     180     193     198     228     190     223
     239     274     225     296     276     295     290     314     289     287
     290     317     275     374     310     315     260     293     289     327
     325     285     273     230     207     272     212     212     219     233
     179     220     250     232     207     233     235     251     283     246
     240     242     216     215     182     214     237     229     204     230
     233     253     287     327     267     293     230     275     229     245
     251     268     195     241     186     226     194     193     244     292
     294     328     314     399     352     356     382     416     348     336
     337     328     318     307     262     350     357     426     447     646
     772    1098    1301    1929    2061    2649    2796    3215    3361    3532
    3287    3277    2910    2676    2274    2016    1651    1342    1107    1004
     850     981    1017    1461    1995    2893    3792    5395    7029    9141
   10334   12464   13591   14860   14179   15291   13286   12871   10742    9786
    7567    6328    4542    3495    2490    1925    1386    1126     877     845
     703     698     656     663     630     674     609     620     625     659
     624     616     546     590     544     551     482     457     463     429
     403     442     415     387     401     489     421     542     568     660
     871    1170    1429    1874    2353    3037    3467    4298    4440    5345
    5174    5523    5249    5266    4574    4245    3759    3204    2478    2087
    1551    1329    1033     893     786     789     680     696     730     730
     771     918     981    1224    1365    2028    2115    2734    2943    3536
    3861    4116    4032    4331    4088    3965    3402    3134    2789    2370
    1704    1532    1122    1040     771     722     620     685     663     720
     671     752     705     761     707     670     570     626     546     535
     446     472     442     431     393     378     357     392     371     384
     361     364     423     442     398     442     409     441     424     449
     423     511     475     581     611     676     861     973    1282    1923
    2526    3534    4400    6182    7769   10012   11388   13963   15577   18183
   18195   19752   19359   19692   17787   17773   14677   13439   10623    9130
    6921    5548    3915    2985    2152    1637    1302    1089    1052    1072
    1152    1431    1644    2052    2275    3056    3530    4409    5063    6425
    7670    9801   10885   13249   14840   17543   18148   20840   20523   22076
   20332   20739   18955   18043   15476   13690   11366    9370    7186    5456
    4186    3175    2129    1716    1111     978     679     723     648     711
     758     917    1038    1257    1447    1810    1962    2362    2355    2776
    2634    2892    2746    2870    2602    2456    2190    2067    1749    1594
    1249    1151     914     790     620     585     502     444     416     384
     401     391     384     403     380     400     385     387     426     433
     370     421     434     488     476     536     594     811     933    1213
    1461    1885    2130    2617    3152    3797    4146    4810    5324    5787
    5546    6103    5752    5745    5202    5111    4452    4193    3406    3030
    2567    2243    1803    1597    1290    1195    1093     995     860     875
     777     764     700     722     662     707     664     712     732     782
     747     823     834     934    1013    1156    1146    1205    1238    1354
    1367    1457    1421    1568    1442    1537    1457    1416    1274    1200
    1111    1031     964     899     863     804     728     738     706     678
     686     737     643     671     683     698     728     713     706     712
     736     739     669     715     745     790     762     796     702     819
     787     804     794     930     834     897     861     994     899     951
     990    1051     942    1044     987    1029     897     960     900     992
     913     929     908     901     868     861     825     900     916     942
     858     900     840     916     874     864     823     856     882     951
     869     939     956    1094    1001    1048    1036    1236    1186    1318
    1411    1591    1623    1835    1927    2125    2021    2263    2268    2435
    2363    2422    2281    2372    2110    2183    1898    1889    1647    1680
    1483    1532    1386    1315    1240    1354    1205    1265    1256    1332
    1210    1323    1283    1422    1305    1485    1528    1699    1683    2017
    2447    3036    3586    4965    6286    8489   10530   14293   17700   23160
   26608   33840   39977   47754   51149   60189   65139   71786   72226   82078
   76343   79248   72440   72372   66254   62730   53205   49548   41434   36095
   28493   24597   19036   15673   11510    9531    6852    5490    4025    3237
    2732    2220    1854    1667    1623    1487    1408    1479    1452    1459
    1378    1445    1440    1433    1431    1443    1464    1557    1409    1474
    1452    1558    1420    1588    1610    1756    1767    2021    2006    2420
    2445    2911    3304    3824    4119    4951    5605    6551    7017    7780
    8762    9604    9894   10778   10785   11538   10696   11128   10448   10218
    9328    9092    7987    7299    6267    5702    4829    4370    3561    3291
    2760    2483    2087    1928    1757    1643    1472    1503    1421    1392
    1399    1428    1344    1374    1362    1351    1490    1431    1322    1437
    1395    1470    1389    1399    1342    1501    1421    1387    1478    1468
    1389    1494    1460    1464    1313    1463    1424    1384    1342    1367
    1350    1413    1268    1267    1363    1387    1344    1322    1329    1457
    1298    1511    1336    1436    1241    1428    1366    1471    1266    1363
    1375    1564    1393    1528    1280    1482    1395    1462    1470    1445
    1516    1547    1544    1612    1557    1750    1734    1813    1819    1957
    1870    2024    1869    1896    1970    1998    1913    1940    1872    1950
    1715    1773    1664    1558    1565    1566    1471    1414    1389    1428
    1308    1375    1305    1313    1265    1324    1278    1288    1179    1346
    1203    1225    1234    1231    1229    1282    1261    1292    1167    1276
    1149    1330    1198    1259    1293    1361    1385    1421    1415    1623
    1514    1716    1708    1813    1946    2140    2155    2291    2377    2468
    2527    2686    2550    2651    2772    2805    2504    2454    2327    2462
    2210    2159    1996    1949    1737    1720    1627    1581    1413    1479
    1322    1398    1344    1240    1355    1237    1265    1360    1252    1282
    1221    1276    1199    1309    1245    1265    1331    1232    1171    1209
    1181    1280    1160    1214    1210    1240    1219    1227    1151    1193
    1189    1253    1111    1220    1159    1179    1189    1191    1129    1191
    1178    1151    1195    1213    1186    1223    1129    1232    1234    1292
    1140    1255    1136    1229    1184    1271    1191    1132    1093    1216
    1145    1247    1191    1215    1212    1225    1232    1220    1229    1315
    1258    1294    1311    1361    1324    1376    1343    1347    1326    1320
    1352    1366    1356    1309    1278    1324    1250    1280    1231    1227
    1221    1220    1225    1225    1118    1299    1156    1165    1094    1142
    1126    1078    1082    1172    1152    1075    1087    1130    1149    1174
    1082    1131    1166    1175    1049    1132    1143    1221    1114    1104
    1128    1118    1096    1174    1159    1135    1113    1118    1105    1177
    1088    1153    1162    1171    1114    1121    1120    1231    1070    1094
    1139    1122    1130    1145    1163    1163    1070    1085    1064    1101
    1046    1185    1119    1260    1139    1104    1134    1204    1129    1185
    1164    1237    1231    1184    1216    1246    1200    1258    1234    1270
    1261    1358    1329    1261    1248    1379    1278    1327    1176    1292
    1276    1246    1226    1297    1216    1291    1164    1199    1183    1265
    1173    1145    1150    1223    1159    1102    1159    1157    1111    1149
    1195    1206    1050    1188    1165    1200    1071    1160    1177    1119
    1126    1149    1178    1093    1066    1102    1192    1152    1142    1133
    1105    1232    1058    1153    1105    1100    1163    1179    1121    1164
    1149    1110    1146    1197    1113    1164    1133    1154    1076    1197
    1163    1178    1046    1153    1184    1177    1077    1080    1120    1118
    1128    1071    1159    1099    1113    1133    1075    1128    1111    1147
    1046    1147    1027    1202    1097    1088    1014    1062    1090    1183
    1038    1184    1097    1088    1108    1055    1113    1039    1054    1044
    1099    1118    1080    1089    1121    1149    1092    1041    1018    1178
    1052    1096    1120    1098    1099    1156    1115    1204    1171    1197
    1223    1295    1282    1217    1355    1336    1276    1358    1340    1446
    1252    1378    1321    1360    1215    1286    1278    1304    1189    1251
    1221    1302    1191    1244    1089    1140    1097    1113    1098    1107
    1077    1077    1080    1085    1007    1027     982    1055    1077     975
    1008    1078    1002    1092    1014    1040     994     983     970    1022
    1047    1020     997    1056     977    1039     940    1038    1003     985
    1025    1151    1004    1054    1040     982    1020    1062    1098    1048
    1009    1060    1028    1037    1122    1098    1161    1088    1050    1075
    1079    1065    1072    1077    1122    1152    1030    1120    1069    1073
    1054    1122    1072    1082    1092    1080    1080    1075     985    1068
    1081    1088     994     994    1008    1024     999    1020    1007    1043
     950     982     953     981     907     993    1005    1025     904     985
     992     981     931     927     940     933     880     945    1012     967
     920    1038    1026    1008     929     970     996    1018     941    1020
     972    1029     999    1026    1089    1020    1044    1101    1029    1129
     996    1086    1064    1092    1076    1054    1121    1100    1029    1048
    1035    1059    1041    1028    1004    1019    1011    1027     961    1002
     982     946    1038     971     914     960     970     982     900     941
     903     945     906     935     927     954     943     884     917     901
     910     939     887     978     875     902     944     896     867     901
     864     859     892     974     880     923     843     869     819     875
     827     904     911     939     874     885     978     945     980     955
     969    1024     962     948    1031    1045     987    1011    1114    1071
    1035    1126    1029    1159    1068    1077    1096    1069    1049    1114
    1015    1051     970    1099    1008    1093     970     945     917     962
     920     908     934     876     838     874     827     876     760     864
     847     826     814     900     839     875     853     790     850     834
     824     838     824     859     801     824     822     837     774     821
     848     903     792     775     847     818     780     959     845     851
     791     800     837     839     782     855     854     911     824     770
     827     868     829     824     844     887     842     859     848     877
     813     877     851     865     845     779     844     848     800     837
     794     825     784     752     858     821     829     804     790     844
     795     803     797     868     781     810     782     810     784     772
     792     771     771     781     806     806     795     752     726     787
     806     748     708     764     765     727     797     783     715     750
     786     794     762     734     747     835     750     749     781     755
     768     786     772     775     790     786     796     800     800     835
     851     840     811     853     904     928     846     821     891     940
     890     986     973     922     865     954     961     925     913     908
     920     930     901     889     875     857     848     869     826     857
     792     837     847     814     786     815     723     772     727     769
     768     795     709     724     705     771     739     721     772     738
     696     684     744     793     723     660     699     717     710     719
     703     699     675     722     708     723     630     680     707     675
     685     674     766     700     680     712     680     727     681     712
     743     777     691     702     659     753     683     747     707     697
     705     730     678     745     667     724     760     773     690     760
     724     722     716     745     702     721     715     772     723     765
     645     703     699     726     730     732     681     731     685     741
     666     722     707     686     708     718     664     697     717     708
     706     695     652     701     727     699     658     699     688     721
     683     724     654     708     740     736     618     730     711     678
     683     681     685     703     674     699     691     718     664     707
     726     703     657     745     662     713     658     713     721     720
     669     699     700     745     705     702     707     729     705     697
     691     729     692     684     713     734     615     702     721     752
     718     736     716     705     667     679     700     707     659     703
     759     671     673     762     744     776     686     722     757     752
     739     709     710     743     695     715     765     752     700     807
     743     690     700     741     796     732     738     677     825     742
     667     663     912     712     701     769     780     797     720     722
     703     764     742     761     833     777     764     801     764     762
     710     794     807     816     763     787     802     716     702     845
     773     824     764     785     867     847     775     794     814     858
     797     907     868     861     861     900     902     908     872     932
     901     983     908     941     919     978     914     978    1023    1007
     980    1043    1077    1120    1099    1066    1087    1123    1067    1134
    1156    1255    1170    1192    1319    1304    1348    1378    1420    1424
    1489    1527    1623    1648    1630    1693    1778    1901    1852    1882
    2052    2051    2029    2146    2317    2452    2284    2479    2686    2736
    2626    2789    2947    2972    3067    3117    3233    3361    3292    3390
    3610    3658    3617    3670    3843    3981    3834    3974    4147    4155
    4172    4193    4327    4351    4039    4363    4492    4306    4336    4264
    4736    4433    4299    4229    4317    4271    3991    4238    4133    4106
    3912    3943    3855    3912    3682    3745    3670    3646    3388    3366
    3329    3331    3093    2960    2924    2879    2620    2651    2614    2459
    2497    2331    2411    2262    2193    2150    2003    1889    1809    1796
    1811    1723    1574    1483    1422    1537    1399    1365    1369    1337
    1189    1314    1192    1200    1125    1048    1159    1157    1069    1028
    1083    1080    1071    1088    1295    1173    1203    1239    1355    1365
    1357    1459    1587    1572    1600    1702    1797    1860    1916    1991
    2102    2095    2038    2246    2178    2339    2340    2323    2444    2480
    2345    2406    2463    2357    2271    2131    2357    2183    1852    1990
    1880    1871    1649    1668    1662    1505    1385    1234    1261    1168
    1038    1098    1009     960     806     890     804     748     752     723
     722     727     660     621     663     594     628  332659
