$Informacoes da Fluorescencia de Raios-X:
"Sample    : GHA-646",                                                                    
"Operator  : THIAGO",                                                                     
"Comment  : ",                                                                            
"Group     : thiago_acra2010ma",                                                          
"Date       : 2010-06-18 21:13:23",                                                       
"",                                                                                       
"Mesurement Condition",                                                                   
"------------------------------------------------------------------------------------",   
"Instrument : 700HS2   Atmosphere : Vac.   Collimator : 10(mm)   Spin : No",              
"------------------------------------------------------------------------------------",   
"Analyte               TG kV   uA      FI Acq.(keV)  Anal.(keV)  Time(sec)     DT(%)",    
"------------------------------------------------------------------------------------",   
"Na                    Rh 50  991-Auto Al  0 - 20    0.8 - 1.2   Live -  959   21",       
"Channel_info_start",                                                                     
"Channel : Na",                                                                           
"Points : 2048
"Range : 0.000000 - 20.480000",                                                           
"Step : 0.010000",                                                                        
"Channel_info_end",                                                                       
$DATA:
       0    2047
       0       0       0       0       0       0       0       0       0    2048
       0       0       0       0       0       0       0       0       0       0
       0       0       0       0       0       0       0       0       0       0
       0       0       0       0       0       0       0       2       2       9
      79     244     215     206     239     240     224     224     195     230
     245     231     227     210     221     226     247     226     234     275
     255     261     274     319     283     311     305     343     325     347
     325     347     312     362     312     364     329     345     348     331
     316     296     300     275     299     275     261     260     260     321
     293     307     350     396     416     474     515     500     454     494
     446     473     415     394     357     312     314     333     347     330
     343     394     379     434     391     407     387     422     402     343
     329     307     271     316     245     265     262     267     262     293
     334     385     393     396     430     405     395     419     433     432
     437     388     378     313     343     353     377     475     542     705
     935    1222    1560    2189    2394    2992    3171    3500    3668    3856
    3530    3581    3214    2891    2489    2080    1721    1456    1189    1124
    1020    1061    1193    1571    2028    3087    4025    5746    7238    9225
   10924   12842   13747   14613   14443   15426   13532   12583   10525    9327
    7374    5999    4277    3409    2459    1864    1405    1224    1016     968
     896     863     896     915     908     955    1031     952     966     951
     840     897     787     796     831     716     654     657     578     534
     546     561     485     560     514     575     592     649     786     888
    1044    1274    1599    1987    2501    3149    3517    4091    4576    5255
    5183    5312    5047    5159    4460    4182    3763    3090    2545    2104
    1663    1484    1226    1141    1102    1081    1045    1148    1264    1529
    1825    2288    3156    4127    5275    7599    8469   10886   12260   14458
   15743   17092   17023   17442   15906   15777   13148   12241    9796    8183
    6451    5158    3685    3026    2228    2018    1917    1802    1790    1991
    1934    2046    1980    1933    1903    1777    1554    1422    1131    1109
     946     787     684     602     524     477     423     502     477     437
     489     488     485     439     472     503     476     488     523     538
     552     578     590     667     742     862    1023    1183    1542    2233
    2840    3984    5200    6753    8773   10876   12536   15709   16929   18848
   19478   20702   20430   20317   18534   17790   14916   13305   10541    8930
    6960    5492    3991    3123    2167    1690    1363    1279    1268    1350
    1442    1762    2124    2745    3146    4222    5209    6812    8232   10816
   13334   16961   19728   23913   27961   31826   34142   38578   38651   39896
   38143   37405   34758   32064   27340   24111   19809   15926   12077    9404
    6951    4966    3434    2619    1827    1321    1052    1043    1016    1161
    1266    1561    1830    2380    2661    3086    3592    4237    4311    4939
    4875    5309    5122    5039    4702    4327    3796    3598    2929    2545
    1985    1644    1336    1000     827     770     577     514     459     443
     457     403     407     389     385     424     382     442     442     402
     421     475     437     601     558     650     865    1023    1241    1615
    1923    2604    2939    3525    4301    5191    5700    6473    7121    7319
    7296    7678    7454    7310    6495    6169    5568    5077    4183    3523
    3095    2615    2149    1828    1474    1372    1225    1079    1028     937
     898     842     818     869     786     810     779     813     808     878
     938     989    1009    1145    1213    1284    1359    1502    1562    1631
    1655    1743    1817    1709    1682    1752    1650    1647    1431    1406
    1294    1240    1172    1049     904     905     812     762     779     745
     732     790     718     761     744     787     819     809     727     771
     770     819     826     871     827     838     842     861     813     924
     925     963     951     997    1017    1097    1002    1089     965    1175
    1154    1195    1132    1215    1153    1077    1092    1087    1089    1055
     986    1009     975    1041     964     942    1019     977     950    1009
     960     934     971     971    1007     960     913    1000     971    1119
     998    1027    1066    1140    1081    1217    1144    1273    1326    1387
    1593    1665    1795    1969    2043    2217    2259    2308    2351    2403
    2278    2482    2257    2310    2249    2174    1980    1977    1744    1731
    1649    1567    1431    1450    1413    1424    1391    1489    1372    1460
    1417    1493    1477    1630    1637    1710    1809    2148    2284    2641
    3412    4317    5300    7128    9387   12325   15516   20324   26361   33514
   39651   48817   57777   67747   73738   82762   91409   98438   99518  109592
  104095  104426   95756   93587   86383   79518   67995   61553   50635   43728
   34610   28669   22650   17771   13221   10689    7770    6137    4406    3611
    2891    2377    1942    1922    1735    1685    1661    1585    1588    1589
    1532    1592    1616    1665    1525    1554    1631    1592    1552    1616
    1750    1793    1714    1814    1939    2064    2116    2425    2580    2911
    3228    3834    4278    5176    5693    6812    7680    8900    9777   10834
   12057   12960   13054   14211   14625   15036   14110   14192   13539   13207
   11876   10941    9901    9004    7579    6630    5945    4969    4213    3694
    3020    2658    2230    2092    1887    1716    1583    1554    1476    1503
    1460    1455    1461    1538    1411    1450    1488    1517    1468    1455
    1474    1609    1429    1545    1537    1550    1485    1552    1532    1498
    1540    1564    1587    1560    1537    1523    1545    1523    1421    1456
    1567    1443    1387    1480    1466    1529    1526    1419    1526    1566
    1456    1434    1485    1542    1480    1459    1518    1573    1457    1577
    1509    1516    1511    1543    1527    1583    1471    1603    1595    1722
    1654    1728    1710    1779    1814    1926    1935    2051    2000    2105
    2279    2154    2106    2274    2176    2204    2234    2252    1991    2142
    2028    1840    1803    1771    1649    1749    1629    1639    1503    1485
    1527    1466    1406    1466    1357    1387    1390    1316    1360    1396
    1434    1429    1360    1383    1330    1331    1340    1350    1293    1355
    1331    1432    1448    1419    1432    1477    1477    1653    1661    1860
    1948    1985    2106    2331    2413    2602    2823    2923    3103    3168
    3325    3506    3293    3401    3330    3337    3198    3113    2975    2853
    2547    2499    2556    2248    2044    1984    1871    1708    1571    1543
    1577    1550    1435    1484    1350    1439    1318    1385    1403    1396
    1385    1365    1378    1439    1344    1319    1376    1373    1316    1382
    1334    1347    1317    1329    1303    1350    1236    1183    1271    1318
    1284    1286    1314    1322    1288    1321    1211    1352    1244    1296
    1381    1293    1291    1309    1257    1327    1317    1250    1372    1344
    1325    1250    1292    1249    1296    1313    1334    1345    1208    1317
    1348    1317    1345    1398    1329    1399    1386    1389    1420    1354
    1379    1498    1494    1573    1429    1501    1526    1573    1463    1432
    1555    1445    1446    1458    1386    1381    1323    1419    1409    1379
    1287    1348    1310    1286    1259    1295    1259    1296    1217    1199
    1278    1214    1231    1252    1185    1244    1282    1204    1200    1236
    1226    1248    1225    1222    1215    1226    1214    1254    1235    1264
    1267    1178    1198    1267    1257    1285    1175    1218    1343    1249
    1251    1245    1245    1273    1249    1224    1254    1274    1209    1162
    1260    1215    1225    1261    1302    1242    1264    1227    1267    1260
    1174    1236    1176    1253    1153    1235    1252    1275    1275    1355
    1339    1300    1337    1345    1406    1413    1334    1449    1408    1451
    1383    1498    1432    1517    1489    1447    1472    1480    1399    1428
    1490    1449    1406    1394    1284    1325    1290    1304    1271    1317
    1311    1287    1284    1299    1248    1273    1233    1300    1244    1251
    1278    1182    1163    1228    1224    1257    1184    1184    1214    1239
    1213    1230    1264    1222    1200    1278    1241    1287    1260    1211
    1213    1266    1223    1278    1172    1197    1228    1248    1240    1297
    1219    1234    1198    1243    1250    1296    1221    1228    1196    1208
    1260    1286    1164    1157    1234    1185    1216    1267    1175    1250
    1145    1193    1161    1233    1232    1153    1208    1238    1133    1200
    1230    1152    1088    1213    1145    1218    1202    1136    1236    1191
    1152    1244    1207    1138    1159    1187    1208    1227    1135    1200
    1146    1184    1217    1148    1210    1221    1195    1167    1211    1126
    1146    1257    1226    1300    1239    1374    1301    1372    1381    1412
    1534    1510    1537    1520    1580    1663    1588    1597    1682    1733
    1589    1737    1685    1584    1599    1606    1569    1533    1557    1430
    1419    1424    1346    1294    1323    1244    1200    1224    1249    1189
    1131    1164    1116    1165    1119    1111    1131    1138    1131    1045
    1119    1178    1032    1116    1174    1086    1088    1147    1105    1120
    1085    1174    1044    1171    1032    1112    1165    1141    1122    1046
    1156    1141    1084    1092    1075    1116    1187    1152    1214    1111
    1072    1100    1123    1189    1166    1192    1223    1195    1184    1191
    1254    1253    1219    1197    1197    1262    1161    1207    1242    1230
    1190    1209    1231    1202    1180    1208    1197    1231    1149    1149
    1224    1159    1155    1110    1097    1111    1083    1126    1176    1128
    1060    1052    1050    1100    1103    1141    1004    1123    1045    1105
    1064    1105     998    1085    1018    1085     983    1060    1064    1092
    1011    1012    1025    1027    1027    1072    1146    1057    1053    1129
    1129    1121    1139    1121    1076    1116    1114    1213    1163    1210
    1157    1164    1209    1191    1196    1155    1198    1215    1152    1184
    1227    1189    1096    1111    1154    1139    1050    1147    1077    1080
    1029    1114    1087    1076    1054    1058    1050    1026     935    1036
    1025     990    1010    1034     949    1052     966     939     986    1000
     956     956     942     980     963     940     983     980     928     965
     977     976     907     965    1008     993     908     986    1034     999
     952     954     937     999     967    1008    1008    1133    1041    1072
    1187    1148    1142    1131    1185    1162    1150    1249    1251    1329
    1178    1230    1268    1279    1190    1303    1232    1258    1116    1187
    1222    1238    1054    1162    1152    1079    1081    1077    1026    1033
     997     999    1024    1023     923     925     940     995     915     907
     966     971     904     909     937     879     949     957     954     915
     882     902     919     902     877     930     930     908     929     877
     954     902     853     842     925     917     872     837     937     840
     899     887     942     907     886     923     954     878     948     886
     906     889     916     928     889     877     885     877     923     926
     854     895     874     908     930     872     957     969     904     836
     874     887     899     908     938     906     905     888     872     864
     883     890     938     900     845     834     916     836     839     846
     907     829     889     782     830     794     800     820     836     871
     756     821     864     828     842     791     911     826     769     822
     811     877     807     802     862     869     843     829     878     813
     821     874     846     845     874     851     874     976     846     917
     926     920     955     967     948     994    1052     964    1024    1031
     992     978     990    1086    1007    1050    1023    1045    1018     976
    1053    1007     999     951     922     971     958     930     982     831
     939     902     909     920     847     778     847     880     797     827
     842     862     777     805     844     826     808     792     813     813
     757     765     850     816     792     836     770     830     809     732
     828     751     722     758     835     758     764     759     739     757
     757     728     767     797     751     803     765     782     745     762
     787     826     757     783     793     796     776     791     808     767
     745     766     797     776     716     748     778     793     756     751
     741     796     782     804     799     791     757     773     785     753
     768     728     804     759     718     717     736     781     725     721
     728     726     719     759     712     762     658     735     766     741
     748     744     750     732     750     681     828     775     722     740
     733     783     732     760     764     773     706     708     769     779
     713     730     754     774     769     683     716     712     674     715
     760     754     752     744     741     689     721     676     809     760
     734     762     698     767     728     769     734     791     757     785
     782     747     700     752     752     766     734     734     803     724
     781     736     773     794     721     758     778     802     782     747
     810     817     754     814     768     797     776     782     835     795
     765     744     831     845     779     796     840     814     743     757
     782     771     721     777     819     766     773     792     793     810
     741     719     903     791     775     784     785     824     816     807
     827     796     879     801     826     829     775     873     839     842
     770     822     886     822     828     816     885     812     809     847
     840     836     845     808     958     811     926     863     933     954
     824     923     890     916     930     859     966     924     993     988
    1015    1035     940     963    1046    1054    1042    1003    1075    1114
    1110    1089    1142    1157    1141    1119    1262    1149    1214    1226
    1353    1307    1290    1277    1389    1477    1423    1441    1571    1581
    1544    1594    1639    1688    1708    1864    1966    1949    1995    2021
    2190    2125    2182    2223    2561    2580    2458    2494    3006    2946
    2892    3013    3154    3197    3180    3207    3384    3630    3542    3670
    3933    3949    3784    4020    4346    4198    4165    4239    4311    4509
    4383    4341    4606    4585    4468    4502    4693    4623    4563    4431
    5168    4795    4481    4660    4692    4513    4383    4391    4441    4315
    4091    4231    4372    4000    3844    3787    3706    3718    3521    3515
    3562    3448    3188    3141    3219    2958    2749    2802    2848    2765
    2476    2371    2483    2375    2174    2111    2042    2052    1933    1797
    1888    1828    1619    1680    1599    1482    1426    1429    1428    1450
    1268    1285    1261    1250    1204    1179    1235    1243    1207    1136
    1196    1205    1184    1179    1412    1336    1407    1340    1480    1573
    1520    1665    1728    1826    1813    1922    2056    1987    2038    2226
    2368    2377    2352    2489    2584    2563    2582    2524    2707    2645
    2562    2513    2598    2533    2450    2278    2497    2300    2148    2023
    2077    1907    1754    1691    1764    1626    1450    1365    1279    1221
    1157    1079    1076     938     915     889     803     782     776     745
     774     676     718     722     693     689     661  355832
