$Informacoes da Fluorescencia de Raios-X:
"Sample    : GHA-679",                                                                    
"Operator  : THIAGO",                                                                     
"Comment  : ",                                                                            
"Group     : thiago_acra2010ma",                                                          
"Date       : 2010-06-19 08:42:58",                                                       
"",                                                                                       
"Mesurement Condition",                                                                   
"------------------------------------------------------------------------------------",   
"Instrument : 700HS2   Atmosphere : Vac.   Collimator : 10(mm)   Spin : No",              
"------------------------------------------------------------------------------------",   
"Analyte               TG kV   uA      FI Acq.(keV)  Anal.(keV)  Time(sec)     DT(%)",    
"------------------------------------------------------------------------------------",   
"Na                    Rh 50 1000-Auto Al  0 - 20    0.8 - 1.2   Live -  959   10",       
"Channel_info_start",                                                                     
"Channel : Na",                                                                           
"Points : 2048
"Range : 0.000000 - 20.480000",                                                           
"Step : 0.010000",                                                                        
"Channel_info_end",                                                                       
$DATA:
       0    2047
       0       0       0       0       0       0       0       0       0    2048
       0       0       0       0       0       0       0       0       0       0
       0       0       0       0       0       0       0       0       0       0
       0       0       0       0       0       0       0       0       1       5
      63     142     126     157     146     140     125     164     132     133
     121     134     127     132     148     158     115     149     153     172
     163     185     183     173     197     208     168     218     210     225
     186     236     225     269     242     248     270     277     236     267
     243     225     210     197     179     191     147     134     146     163
     140     186     151     183     165     163     167     195     205     194
     167     165     154     169     147     140     127     166     135     152
     175     176     165     167     170     165     179     157     159     158
     145     129     129     172     155     173     151     150     152     149
     151     179     168     180     186     202     218     219     200     179
     163     190     177     186     159     195     166     173     188     252
     267     345     408     502     518     667     674     793     829     892
     857     921     827     837     748     759     620     605     512     511
     517     462     444     515     530     684     867    1206    1483    1932
    2170    2529    2561    2900    2901    3215    2841    2667    2326    2071
    1621    1435    1045     844     656     537     398     369     301     297
     280     273     240     256     256     265     274     249     254     262
     289     267     252     279     238     243     201     262     245     242
     218     256     235     249     241     275     273     282     308     404
     448     619     752    1011    1207    1553    1728    2156    2433    2715
    2718    2859    2712    2791    2407    2301    1959    1689    1334    1232
     880     743     634     508     508     460     400     456     483     476
     553     641     732     914    1110    1545    1696    2301    2445    2994
    3083    3581    3580    3740    3543    3538    2952    2715    2297    2057
    1560    1343     982     859     613     567     536     609     539     550
     578     600     622     635     545     548     523     530     441     453
     391     410     382     392     292     315     313     311     297     314
     269     310     309     328     291     359     341     310     320     359
     374     365     392     442     464     588     732     917    1272    1765
    2433    3409    4387    6275    7914   10141   11929   14766   15903   18732
   18977   20653   20461   20641   18551   18801   15347   14389   11186    9715
    7345    5906    4160    3103    2187    1650    1133    1020     840     885
     956    1161    1301    1634    1834    2121    2357    2820    2961    3357
    3489    3822    3905    4294    4368    4667    4611    4843    4763    4849
    4427    4340    3956    3816    3074    2784    2393    1979    1518    1215
    1002     804     572     519     405     393     288     313     311     336
     312     355     416     411     468     531     557     600     582     675
     628     749     644     694     670     637     590     551     487     496
     386     390     335     300     304     294     316     281     272     274
     264     242     250     258     271     269     258     261     233     308
     289     313     262     309     271     308     330     344     378     388
     489     497     566     662     784     879     905    1032    1086    1160
    1211    1201    1192    1266    1129    1062     984     910     845     806
     721     690     573     582     473     500     462     420     418     439
     382     453     419     417     400     433     422     429     418     448
     462     457     457     493     509     555     535     524     574     557
     536     606     570     591     571     597     523     557     587     540
     476     538     462     461     462     488     392     443     498     479
     435     515     456     442     423     443     429     460     478     478
     479     481     472     492     481     506     496     540     502     528
     499     565     545     584     532     615     598     603     617     608
     608     653     630     653     607     639     649     652     608     663
     680     611     646     655     638     637     647     686     625     683
     662     638     676     685     635     713     688     672     664     732
     670     678     706     725     670     748     719     774     792     803
     773     875     824     954     958     957     952    1080    1062    1075
    1022    1067    1039    1092    1021    1015     910     996     948     929
     896     943     817     927     817     915     871     898     831     858
     768     884     928     896     854     935     932     960     972    1015
    1031    1236    1323    1552    1715    2214    2418    3142    3595    4546
    5239    6407    7297    8850    9243   10832   11705   12795   12883   14805
   13503   14244   12985   13425   12040   11520    9712    9506    8042    7077
    5713    4995    4097    3486    2746    2512    2015    1831    1471    1351
    1300    1207    1077    1210    1063    1070    1118    1118    1029    1064
    1058    1066    1015    1118    1028    1141    1089    1171    1101    1112
    1063    1134    1078    1143    1137    1181    1122    1278    1193    1377
    1264    1359    1484    1574    1517    1764    1879    2039    2051    2233
    2358    2521    2507    2745    2839    2770    2728    2842    2685    2664
    2480    2423    2271    2211    2020    1851    1765    1753    1517    1531
    1301    1358    1301    1270    1253    1191    1162    1144    1196    1191
    1089    1085    1113    1171    1122    1051    1156    1153    1103    1209
    1144    1185    1134    1142    1188    1216    1094    1131    1197    1204
    1112    1223    1170    1194    1120    1191    1178    1220    1116    1180
    1098    1170    1062    1107    1137    1192    1103    1120    1144    1173
    1105    1165    1047    1162    1121    1171    1123    1204    1073    1126
    1137    1272    1104    1218    1202    1230    1191    1248    1194    1298
    1284    1228    1326    1307    1362    1382    1440    1502    1409    1615
    1538    1597    1609    1700    1614    1610    1607    1533    1579    1553
    1401    1442    1394    1441    1269    1335    1229    1238    1167    1093
    1118    1051    1101    1093    1074    1092    1021    1057    1005    1075
    1008    1077    1041    1047     972    1045    1086    1020     970    1078
    1016    1100     973    1063    1042    1117    1086    1179    1119    1272
    1277    1306    1343    1498    1459    1595    1798    1701    1752    1941
    1912    2109    1947    2002    2075    2117    1856    1987    1892    1759
    1744    1685    1546    1527    1288    1335    1303    1178    1110    1204
    1139    1080    1016    1060    1050    1070    1025    1059    1052    1070
    1041    1064    1003    1053    1037    1047    1047    1083     984    1039
    1034     966     987     954    1018     997     932     915     987    1069
    1016    1080     912     981     958     971     950    1031     988    1001
    1013     964     937     895     952    1022     996    1018     928     968
     987     948     989     992     965     986     937     970     927    1014
     984    1013     933    1010    1030     993     945     974    1022    1045
    1010    1000    1078    1052    1092    1034    1068    1049    1044    1105
    1086    1111    1038    1075    1052    1056     942    1011     974    1014
     971     988     924     965     922     987     943     984     913     896
     909     970     897     932     965     987     849     924     922     926
     864     938     935     930     886     910     938     922     840     959
     958     965     893     933     926     950     885     929     888     940
     963     933     959     906     920     922     934     924     949     941
     890     987     953     948     924     955     896     942     952     950
     909     950    1013     986     973     959     924    1006     933    1016
     983    1012     967    1005    1019    1030     993    1076    1083    1040
    1050    1158    1123    1126    1064    1089    1079    1080    1085    1086
    1044    1024    1104    1045    1042    1028    1021    1044     992    1034
     950    1048     975    1000     900    1032     973    1052     894    1011
     953    1015     958     936     949     926     988     955     919     940
     905     984     923    1030     924     943     965    1026     930     960
     976    1014     994    1002     934     985     926     931     957     968
    1007     985    1004    1005     931     987     965     950     964     945
     996     936     909     919     905     992     919     953     920     983
     920     954     939    1024     869    1006     985     977     904     959
     959    1032     936     951     906     977     914     901     986     926
     918     990     880     952     921     900     946     948     877     917
     942     936     891     978     897     949     945     965     939     972
     926     989    1070    1130    1050    1138    1181    1234    1226    1323
    1390    1448    1467    1520    1559    1709    1687    1729    1753    1902
    1722    1749    1834    1840    1735    1667    1660    1531    1531    1590
    1449    1446    1285    1295    1211    1257    1087    1027    1046    1057
    1002    1012     969     996     933     946     929     961     860     934
     866     966     888     858     893     916     829     902     890     867
     806     922     857     920     804     860     853     857     843     824
     872     893     823     933     899     858     838     933     928     911
     901     885     837     894     880     952     945     954     866     924
     975     933     902     978     938     975     899     932    1003     921
     888     868     935     930     861     876     911     862     824     923
     859     845     794     868     840     814     835     791     862     840
     814     790     837     809     803     807     810     901     806     863
     824     844     824     823     849     847     818     826     821     894
     771     848     845     875     798     848     860     840     892     951
     892     946     888     922     997     959     918     989     954     973
     905    1005     966     948     974     971    1001     969     899     990
     943     968     888     848     917     902     892     895     862     872
     823     824     776     841     733     856     793     761     807     831
     789     769     809     774     770     823     720     817     801     816
     770     788     768     771     755     721     789     765     681     787
     744     773     767     762     752     785     745     726     783     786
     706     739     770     774     729     771     809     817     774     794
     813     833     736     758     786     787     738     805     812     858
     814     826     809     806     804     789     769     801     794     786
     761     764     691     845     761     785     689     804     765     769
     714     767     759     756     700     734     720     763     703     753
     704     744     662     748     706     691     637     704     718     754
     671     744     731     781     701     746     658     770     677     673
     737     677     693     738     713     735     661     684     736     703
     677     754     761     774     718     716     709     790     681     748
     741     730     709     720     689     729     678     712     704     748
     663     693     729     686     716     726     709     678     697     719
     763     693     649     657     706     703     670     651     677     734
     643     613     748     682     707     678     679     701     704     686
     644     710     629     703     676     761     652     617     635     708
     665     609     628     698     693     652     732     659     619     723
     644     654     645     646     618     655     639     628     637     659
     638     656     644     701     637     616     641     716     631     651
     618     725     620     631     682     656     626     666     702     682
     643     663     638     694     628     730     633     709     673     647
     683     682     618     691     658     690     598     607     663     671
     677     595     654     708     633     637     608     581     581     646
     631     608     556     648     624     665     574     658     615     636
     597     595     640     609     607     646     617     624     590     619
     611     682     652     608     603     601     602     590     621     636
     593     628     615     626     610     617     591     598     582     618
     580     645     609     574     658     627     608     593     633     624
     627     589     630     633     551     625     626     637     572     598
     637     607     584     626     613     598     591     644     618     565
     589     563     639     621     605     575     573     603     598     583
     617     585     611     608     609     585     591     620     594     605
     560     609     600     586     580     571     634     558     637     601
     549     602     582     586     606     595     551     608     601     566
     557     592     599     548     612     603     631     643     604     600
     604     609     575     611     611     539     613     566     636     639
     609     563     604     613     568     624     593     603     598     637
     620     601     585     581     621     600     589     600     597     578
     553     615     591     610     597     579     624     634     545     566
     625     610     573     639     586     715     658     593     633     676
     598     595     644     605     648     619     639     609     611     579
     616     648     605     633     635     631     574     672     672     670
     634     598     682     595     609     651     654     635     623     665
     667     653     627     648     677     679     647     640     619     617
     652     639     624     685     666     645     653     701     677     747
     722     707     701     678     774     783     736     713     727     706
     700     747     729     767     682     774     792     785     745     804
     795     787     734     802     806     854     801     838     843     854
     831     906     898     971     909     896    1005     981     964    1010
     975    1044    1075    1139    1152    1208    1137    1193    1252    1334
    1210    1333    1401    1462    1288    1541    1468    1580    1582    1562
    1832    1857    1782    1867    1877    2036    2020    2136    2309    2325
    2292    2474    2541    2727    2621    2644    2899    2869    2852    3039
    3117    3181    3132    3304    3378    3469    3420    3430    3566    3561
    3554    3587    3859    3911    3821    3795    3862    3953    3755    3740
    4149    3856    3773    3925    3867    3940    3677    3831    3672    3761
    3451    3555    3420    3442    3243    3317    3260    3180    3004    2881
    3062    2910    2766    2668    2731    2536    2368    2328    2271    2284
    2118    2049    2050    2002    1871    1790    1748    1625    1552    1641
    1549    1541    1333    1318    1325    1263    1201    1201    1172    1126
    1044    1067    1046    1038     995     972    1075    1004     983     984
    1006     927     947     934    1099    1104    1077    1144    1104    1222
    1226    1215    1369    1397    1458    1524    1544    1602    1689    1766
    1809    1871    1901    1911    1954    1937    1916    2027    2198    2035
    1909    2023    1983    2034    1838    1776    1852    1753    1556    1598
    1531    1448    1326    1231    1308    1244    1085    1046     917     928
     892     807     806     764     735     670     686     701     621     598
     626     581     579     546     578     560     545  286281
