$Informacoes da Fluorescencia de Raios-X:
"Sample    : GHA-727",                                                                    
"Operator  : THIAGO",                                                                     
"Comment  : ",                                                                            
"Group     : thiago_acra2010ma",                                                          
"Date       : 2010-06-20 02:26:18",                                                       
"",                                                                                       
"Mesurement Condition",                                                                   
"------------------------------------------------------------------------------------",   
"Instrument : 700HS2   Atmosphere : Vac.   Collimator : 10(mm)   Spin : No",              
"------------------------------------------------------------------------------------",   
"Analyte               TG kV   uA      FI Acq.(keV)  Anal.(keV)  Time(sec)     DT(%)",    
"------------------------------------------------------------------------------------",   
"Na                    Rh 50 1000-Auto Al  0 - 20    0.8 - 1.2   Live -  960   13",       
"Channel_info_start",                                                                     
"Channel : Na",                                                                           
"Points : 2048
"Range : 0.000000 - 20.480000",                                                           
"Step : 0.010000",                                                                        
"Channel_info_end",                                                                       
$DATA:
       0    2047
       0       0       0       0       0       0       0       0       0    2048
       0       0       0       0       0       0       0       0       0       0
       0       0       0       0       0       0       0       0       0       0
       0       0       0       0       0       0       0       1       0       6
      77     153     134     131     149     154     124     175     161     152
     137     158     155     157     156     148     156     156     160     193
     189     197     217     255     248     225     277     232     256     264
     227     241     255     225     242     241     227     267     226     247
     198     251     195     224     157     162     168     158     180     171
     220     188     206     206     226     238     240     226     249     246
     220     225     209     216     182     212     189     210     211     235
     232     253     258     299     288     288     260     259     230     251
     212     198     168     185     172     186     181     178     202     214
     227     249     238     272     278     283     282     320     220     297
     239     239     207     230     195     255     236     278     283     417
     505     691     831    1148    1251    1506    1703    1785    1902    1986
    1896    1997    1739    1658    1377    1139    1035     909     710     697
     586     656     726    1008    1345    2052    2571    3674    4657    5972
    6790    8058    8629    9509    9077    9669    8662    8265    7126    6378
    4973    4175    3144    2331    1792    1322     947     831     654     568
     529     532     503     502     486     516     514     516     515     549
     511     515     411     471     427     394     348     387     351     374
     368     377     336     364     350     413     378     517     494     638
     822    1125    1465    1781    2393    3000    3373    4138    4507    4903
    5016    5195    5038    4950    4356    4114    3607    3026    2371    2022
    1536    1294    1012     912     782     706     766     732     760     846
     887    1059    1339    1675    1996    2832    3075    3985    4373    5173
    5642    6219    6040    6384    5837    5583    5023    4600    3903    3270
    2579    2189    1497    1282     955     886     752     750     743     743
     796     832     810     810     802     735     658     684     561     542
     458     408     386     320     288     330     276     275     280     309
     277     278     231     282     303     307     291     299     290     329
     341     325     339     359     390     479     578     679     814    1284
    1577    2187    2875    3883    4933    6156    7059    8710    9582   10802
   11054   11636   11622   11740   10724   10625    8765    7962    6416    5408
    4299    3434    2478    1930    1364    1091     865     743     669     760
     838     994    1220    1523    1760    2229    2679    3328    4147    5391
    6347    8160    9279   11301   12990   14983   15793   18006   17636   18741
   17614   17978   16584   15292   13188   12017    9559    8267    6186    4953
    3768    2721    1899    1391    1083     846     597     569     582     665
     699     871     934    1248    1273    1486    1718    2008    2028    2362
    2391    2484    2336    2482    2276    2136    1945    1764    1568    1289
    1105     940     787     632     519     497     366     336     302     294
     278     272     296     321     269     291     276     282     292     306
     267     319     346     376     359     373     487     533     632     792
     956    1139    1330    1644    1943    2269    2440    2869    3090    3143
    3134    3231    3272    3143    2926    2909    2522    2280    1911    1732
    1509    1363    1103    1010     862     845     646     636     627     602
     543     553     535     541     529     523     494     590     546     552
     594     640     646     711     706     694     726     835     898     893
     872     930     935    1041     914     965     837     907     795     812
     781     709     590     653     545     598     518     509     525     524
     493     524     549     572     473     582     561     521     488     526
     539     564     547     514     561     566     557     585     571     601
     566     608     634     622     625     664     656     768     690     752
     697     809     735     697     699     774     732     737     708     717
     685     752     695     699     656     693     685     729     640     705
     655     729     670     696     693     733     710     658     715     695
     672     672     766     782     757     831     807     890     883     993
    1098    1093    1268    1299    1376    1502    1514    1630    1716    1748
    1600    1759    1622    1624    1454    1504    1374    1360    1202    1218
    1117    1132    1028    1021    1016    1022     951    1006     921     933
     979     981     993    1060     960    1123    1170    1347    1341    1584
    1777    2279    2786    3594    4531    5953    7386    9707   12249   15492
   18276   22600   26618   31294   34249   38956   42666   46432   46835   51896
   49269   49708   46300   45498   41787   39219   33697   31150   25835   22635
   18071   15043   12066    9766    7314    5919    4467    3485    2658    2274
    1883    1627    1372    1215    1244    1211    1134    1107    1104    1086
    1064    1124    1023    1095    1045    1176    1154    1134    1093    1187
    1206    1199    1169    1290    1223    1275    1329    1538    1539    1835
    1841    2165    2338    2722    3006    3505    3900    4499    4759    5380
    5880    6451    6610    7020    7387    7599    6933    7043    6829    6641
    5967    5875    5077    4732    4088    3694    3103    2842    2449    2185
    1891    1730    1500    1395    1308    1204    1167    1114    1139    1128
    1104    1062    1169    1072    1078    1044    1109    1123    1101    1091
    1164    1121    1067    1135    1147    1131    1050    1095    1147    1140
    1095    1155    1119    1135    1103    1098    1084    1133    1072    1055
    1085    1070    1050    1011    1008    1108    1037    1018    1148    1070
     960    1093    1079    1090    1067    1076    1024    1145    1070    1079
    1129    1112    1147    1123    1148    1165    1140    1232    1205    1313
    1212    1301    1315    1381    1403    1447    1557    1686    1675    1716
    1715    1839    1749    1855    1866    1816    1835    1696    1815    1686
    1553    1490    1490    1429    1334    1355    1211    1249    1124    1136
    1085    1113    1016    1048    1010    1063    1041    1003     956    1001
    1016     997     975     982    1006     973     917     994     960     968
     910    1024    1013    1009    1064    1059    1063    1134    1191    1395
    1344    1432    1586    1674    1692    1814    1919    2099    2040    2297
    2335    2416    2444    2417    2585    2398    2134    2360    2113    2042
    1911    1769    1676    1628    1521    1543    1359    1238    1173    1219
    1094    1095     988    1118     949    1038     983    1020    1021    1078
     970     974    1090    1024    1027     984    1010     983     989    1022
     967     945     933     966     955     945     875     912     968     951
     917    1026     963     952     893     880     979     982     967    1024
     961     955     874     954     949     943     933     921     968     951
     947     949     928     943     868     918     940     896     902    1002
     981     976     963     976     983     998     972     996     975    1012
    1024    1079    1083    1063    1020    1114    1159    1036    1073    1088
    1078    1059    1001    1046     939     989     961     999     976    1003
     961     929     974    1004     882     896     958     928     861     897
     899     919     812     911     884     907     869     862     864     862
     859     861     934     896     861     852     946     927     859     941
     882     883     854     895     889     890     929     901     891     910
     842     965     905     901     866     914     851     942     912     941
     907     879     856     932     885     989     841     891     899     914
     850     911     901     897     845     979     995     993     902     999
     947     997     932     926    1000    1044     998    1056    1142    1105
    1046    1045    1073    1119    1049    1139    1093    1143    1031    1066
    1090    1028     996    1080     985    1058     953    1011     966     993
     948    1008     898     957     859     934     944     967     895     944
     930     914     819     884     959     987     901     914     905     955
     901     944     875     948     896     940     887     896     869     898
     862     862     880     919     905     952     885     919     872     933
     912     925     932     895     884     895     917     878     860     920
     994     903     886     900     983     848     903     971     943     916
     882     880     842     929     870     928     935     892     891     889
     909     910     835     866     917     906     874     856     852     878
     858     896     921     847     878     862     895     951     826     898
     893     915     860     912     883     962     880     911     900     918
     906     970     991    1041     996    1042    1060    1204    1121    1209
    1256    1285    1286    1318    1400    1484    1455    1624    1573    1622
    1608    1555    1562    1584    1430    1466    1562    1385    1249    1405
    1246    1299    1173    1110    1044    1085    1072     959     998     968
     857     871     879     849     836     865     852     840     826     879
     855     845     812     780     875     876     799     817     815     863
     806     847     862     892     789     769     801     831     764     849
     805     776     768     783     821     826     779     872     862     886
     831     905     865     858     935     892     920     947     860     923
     956     977     828     913     921     951     915     860     907     844
     858     847     900     880     812     883     799     877     829     814
     837     785     765     827     793     824     717     816     791     863
     752     828     767     803     737     822     843     862     753     790
     752     792     775     746     767     821     782     798     804     763
     743     766     783     764     754     821     806     821     851     847
     860     822     830     850     870     914     879     888     948     917
     838     876     945     897     871     958     942     902     840     885
     933     889     812     875     841     817     808     790     796     777
     751     765     753     778     747     776     690     719     737     735
     774     759     696     761     708     738     762     739     775     749
     724     758     717     720     715     678     765     739     674     759
     691     676     746     683     759     698     622     744     717     701
     692     689     723     747     720     729     788     731     738     739
     783     776     739     788     823     774     844     828     862     878
     804     878     844     851     826     835     796     882     768     813
     824     793     792     777     740     773     765     754     767     704
     651     730     692     695     672     696     706     622     674     692
     730     674     685     666     646     668     675     627     663     642
     713     695     656     710     699     625     682     649     616     663
     655     609     649     683     709     660     625     650     701     662
     662     687     680     729     618     653     664     653     646     682
     657     655     633     685     663     644     706     665     713     703
     663     660     679     713     669     668     683     695     641     641
     704     654     638     593     675     656     597     646     651     655
     585     690     632     621     605     670     648     614     619     634
     655     666     625     606     625     651     597     593     635     622
     583     606     635     665     649     598     656     615     633     599
     593     625     577     610     695     593     635     516     594     669
     624     604     599     630     621     653     623     609     611     649
     672     638     654     639     660     693     691     658     638     701
     637     679     691     724     665     707     701     679     650     674
     683     733     616     638     664     637     682     684     674     626
     614     615     625     640     618     591     608     614     620     608
     605     607     587     634     615     624     600     588     570     608
     557     611     627     554     535     571     594     556     507     580
     573     571     552     579     612     525     568     607     596     566
     600     545     582     580     599     580     572     596     519     564
     601     583     613     544     580     598     594     572     574     587
     549     569     556     570     600     570     607     571     601     543
     592     581     523     554     585     572     550     555     568     550
     551     577     540     569     565     535     542     602     550     587
     593     566     532     527     518     515     564     586     577     522
     554     546     523     585     555     511     572     559     558     543
     588     597     558     511     563     542     569     579     530     524
     531     595     508     594     591     501     556     542     568     537
     538     539     536     521     515     549     560     537     613     556
     563     527     557     563     518     528     532     567     528     571
     564     575     530     556     571     533     563     529     607     614
     568     526     545     573     629     574     577     577     546     574
     611     622     580     539     597     594     584     580     597     605
     561     566     563     536     539     560     593     602     559     569
     611     588     621     554     594     622     591     574     627     579
     605     538     633     607     555     560     580     626     586     605
     628     585     585     595     599     629     552     623     602     625
     590     605     663     624     581     634     665     629     651     594
     666     616     610     644     672     718     655     685     660     656
     691     642     716     712     690     762     717     761     712     690
     776     769     729     791     747     782     788     740     789     851
     801     882     816     838     835     912     924     873     891     884
     930     969     988    1025    1086    1103    1052    1129    1159    1198
    1181    1266    1257    1384    1295    1364    1412    1605    1559    1542
    1701    1700    1772    1788    2026    1929    1980    2006    2196    2136
    2248    2250    2425    2416    2457    2707    2601    2759    2691    2729
    2911    2935    2888    2914    3272    3201    3215    3213    3404    3427
    3329    3353    3514    3566    3414    3435    3470    3601    3472    3361
    3887    3641    3452    3534    3549    3487    3351    3366    3339    3291
    3201    3074    3272    3115    2937    3062    2888    2812    2651    2791
    2632    2527    2396    2354    2390    2326    2132    2162    2175    2036
    1878    1912    1826    1639    1599    1622    1582    1489    1439    1359
    1389    1329    1222    1127    1156    1143    1059    1088    1000    1000
     930     953     945     942     911     854     882     949     889     869
     889     885     875     929    1046    1049     991    1112    1118    1154
    1132    1220    1298    1413    1334    1398    1575    1514    1637    1644
    1772    1771    1736    1817    1854    1926    1807    1900    1911    1874
    1915    1803    1836    1817    1792    1609    1815    1612    1567    1402
    1377    1316    1256    1197    1199    1090     985     928     899     871
     746     679     731     677     606     606     608     594     540     481
     542     522     505     475     521     513     523  263848
