$Informacoes da Fluorescencia de Raios-X:
"Sample    : GHA-707",                                                                    
"Operator  : THIAGO",                                                                     
"Comment  : ",                                                                            
"Group     : thiago_acra2010ma",                                                          
"Date       : 2010-06-19 19:00:56",                                                       
"",                                                                                       
"Mesurement Condition",                                                                   
"------------------------------------------------------------------------------------",   
"Instrument : 700HS2   Atmosphere : Vac.   Collimator : 10(mm)   Spin : No",              
"------------------------------------------------------------------------------------",   
"Analyte               TG kV   uA      FI Acq.(keV)  Anal.(keV)  Time(sec)     DT(%)",    
"------------------------------------------------------------------------------------",   
"Na                    Rh 50  570-Auto Al  0 - 20    0.8 - 1.2   Live -  959   21",       
"Channel_info_start",                                                                     
"Channel : Na",                                                                           
"Points : 2048
"Range : 0.000000 - 20.480000",                                                           
"Step : 0.010000",                                                                        
"Channel_info_end",                                                                       
$DATA:
       0    2047
       0       0       0       0       0       0       0       0       0    2048
       0       0       0       0       0       0       0       0       0       0
       0       0       0       0       0       0       0       0       0       0
       0       0       0       0       0       0       0       0       2       5
      88     246     233     229     212     250     243     244     233     241
     209     241     220     259     224     269     233     227     254     310
     260     288     297     294     320     329     305     331     292     329
     290     279     311     316     276     271     286     330     273     293
     271     315     301     278     295     302     283     309     331     381
     377     483     522     583     626     713     744     797     814     827
     774     692     625     584     454     400     365     353     371     359
     411     437     428     459     448     488     426     432     433     433
     385     379     299     321     324     280     296     306     313     355
     335     377     397     450     449     504     477     526     433     458
     410     423     357     411     347     385     383     420     495     599
     798     999    1242    1680    1909    2369    2493    2889    2876    3083
    3051    3065    2817    2752    2386    2138    1988    1810    1544    1452
    1338    1425    1346    1640    1936    2612    3463    4797    5992    7680
    8729   10455   11469   12207   11899   12419   11177   10402    8437    7488
    5983    4806    3395    2802    1954    1607    1321    1146     978     943
     940     941     860     888     905     988     895     970     945     976
     920     939     924     857     816     833     726     705     677     703
     632     666     626     666     653     747     835     824     881    1036
    1184    1482    1687    2233    2672    3347    3615    4294    4671    5097
    5209    5593    5241    5099    4450    4096    3715    3077    2640    2253
    1936    1721    1496    1502    1482    1556    1560    1701    2008    2530
    3091    4271    5831    8209   10516   14978   17319   22246   25478   29538
   32315   35268   34436   36091   32832   31375   26801   23662   19825   15939
   12186    9844    6907    5514    4205    3820    3364    3446    3395    3860
    3755    3993    3944    3804    3672    3509    3049    2779    2312    1979
    1692    1494    1225    1153     990     944     903     849     809     851
     841     895     841     905     880     889     849     920     957    1045
    1121    1128    1273    1336    1535    1826    2304    3125    4289    6350
    8460   12002   15555   21159   27581   35128   40660   49797   54894   62454
   63781   67425   67244   65795   59456   57086   47101   41800   32817   26840
   20896   15472   10942    7954    5731    4021    3037    2643    2587    2891
    3210    3892    4762    5948    6740    8123    9286   11282   12861   14834
   16887   20283   21835   24804   27215   30428   31750   34313   34408   35167
   33188   31961   29542   26888   22665   19444   16034   13010    9746    7447
    5571    4037    2651    2001    1435    1088     867     808     917     985
    1072    1358    1636    1983    2209    2709    3104    3458    3794    4177
    4248    4431    4432    4364    4003    3743    3245    2854    2407    2043
    1657    1362    1067     845     701     596     528     461     417     367
     356     388     365     390     375     356     347     350     445     393
     388     420     403     471     515     504     663     825     897    1080
    1378    1696    2020    2649    2993    3612    3938    4450    4870    5015
    5107    5183    5074    4920    4555    4298    3773    3315    2759    2509
    2110    1787    1497    1358    1117     933     850     816     739     770
     676     693     690     738     629     684     643     654     665     732
     757     824     784     953     956    1025    1076    1196    1192    1301
    1234    1345    1356    1349    1215    1332    1226    1195    1114    1130
    1011     926     849     780     741     735     705     701     667     608
     651     652     662     653     623     632     654     744     677     701
     671     728     700     746     740     696     675     750     752     778
     754     814     836     851     842     865     891     918     876     976
    1036     948     974     996     976     952     947     980     895     910
     896     945     874     920     880     883     881     921     913     867
     901     940     878     927     941     929     840     893     910     948
     935     950     959     967     984    1076    1111    1152    1147    1303
    1381    1486    1527    1714    1722    1912    1804    1927    2083    2040
    2017    2077    2009    2031    1816    1888    1803    1686    1551    1551
    1517    1388    1338    1303    1341    1270    1252    1285    1251    1288
    1237    1402    1270    1347    1410    1439    1604    1677    1796    2091
    2478    3068    3729    4774    6045    8319   10133   13118   16789   21180
   24796   30879   36843   42422   46549   52244   58168   62162   62805   68749
   64858   65665   60351   58103   53707   48573   41960   37981   31210   26806
   21187   17387   13970   11256    8371    6846    4967    4007    3066    2573
    2168    1917    1700    1630    1486    1539    1380    1466    1452    1431
    1391    1398    1419    1389    1475    1399    1448    1494    1422    1453
    1473    1499    1543    1572    1612    1790    1869    1989    2093    2364
    2468    2770    3184    3737    4083    4822    5338    6184    6462    7264
    8180    8558    8817    9434    9823    9586    9491    9169    8940    8624
    7766    7235    6535    5800    4918    4477    4042    3458    2925    2719
    2372    2066    1822    1878    1702    1543    1484    1479    1450    1514
    1346    1363    1457    1418    1425    1415    1519    1469    1433    1551
    1598    1534    1504    1577    1569    1592    1505    1580    1600    1610
    1501    1597    1518    1495    1459    1500    1519    1445    1424    1397
    1458    1462    1431    1422    1449    1376    1381    1354    1484    1410
    1408    1415    1482    1500    1366    1478    1430    1484    1374    1384
    1512    1565    1539    1541    1454    1522    1452    1553    1564    1574
    1564    1668    1723    1697    1687    1853    1843    1955    1940    2039
    2062    1979    2127    2017    2073    2166    1955    1995    1919    1920
    1789    1781    1788    1752    1678    1543    1592    1486    1426    1466
    1440    1371    1382    1294    1400    1356    1383    1323    1369    1344
    1265    1369    1319    1276    1286    1340    1217    1283    1273    1334
    1370    1338    1311    1300    1313    1511    1454    1607    1539    1756
    1769    1865    2087    2188    2221    2448    2581    2696    2733    2750
    2936    3081    3133    3101    3233    2994    2876    2755    2669    2628
    2268    2366    2256    2062    1860    1810    1719    1624    1615    1547
    1382    1362    1380    1397    1401    1366    1273    1396    1345    1366
    1345    1293    1343    1335    1335    1309    1362    1358    1297    1225
    1321    1355    1243    1287    1304    1262    1257    1271    1249    1336
    1234    1308    1308    1261    1191    1233    1294    1259    1224    1295
    1335    1252    1254    1256    1277    1254    1278    1298    1304    1302
    1263    1219    1228    1223    1318    1239    1219    1236    1259    1270
    1239    1275    1288    1308    1283    1270    1286    1309    1395    1318
    1355    1449    1360    1479    1373    1439    1479    1421    1557    1476
    1547    1469    1400    1480    1361    1361    1295    1369    1338    1347
    1282    1268    1286    1289    1190    1260    1347    1295    1198    1211
    1174    1226    1171    1178    1250    1240    1175    1208    1197    1207
    1140    1147    1291    1235    1149    1222    1187    1248    1221    1249
    1254    1169    1143    1208    1270    1201    1292    1314    1245    1215
    1148    1235    1223    1202    1241    1155    1216    1216    1265    1277
    1207    1308    1208    1165    1182    1239    1215    1217    1241    1250
    1204    1247    1232    1191    1205    1219    1201    1213    1261    1365
    1235    1321    1243    1332    1326    1324    1312    1363    1358    1331
    1371    1313    1332    1465    1358    1382    1405    1363    1308    1416
    1375    1324    1273    1320    1288    1345    1271    1240    1210    1173
    1156    1237    1184    1222    1223    1269    1199    1197    1259    1224
    1201    1218    1184    1239    1245    1164    1206    1180    1154    1275
    1131    1173    1165    1200    1161    1218    1182    1213    1206    1196
    1230    1198    1145    1201    1236    1190    1086    1221    1258    1223
    1198    1207    1205    1242    1109    1202    1268    1227    1205    1174
    1256    1164    1157    1198    1204    1247    1153    1146    1240    1178
    1122    1167    1231    1244    1146    1201    1163    1162    1089    1174
    1202    1185    1196    1121    1172    1179    1137    1167    1131    1213
    1163    1140    1155    1159    1193    1150    1085    1192    1145    1147
    1174    1187    1139    1082    1137    1175    1145    1156    1156    1223
    1206    1222    1258    1241    1248    1343    1381    1458    1364    1427
    1486    1575    1616    1584    1791    1731    1616    1731    1746    1838
    1748    1779    1816    1851    1633    1729    1633    1567    1537    1541
    1402    1445    1388    1344    1353    1300    1199    1137    1178    1150
    1108    1079    1175    1211    1149    1104    1187    1106    1019    1051
    1061    1086    1091    1087    1139    1082    1065    1042    1042    1120
    1065    1051    1065    1088    1061    1140    1048    1131    1076    1069
    1076    1118    1020    1026    1096    1065    1084    1053    1171    1086
    1040    1207    1155    1105    1128    1205    1109    1180    1108    1179
    1222    1117    1114    1111    1149    1233    1084    1123    1176    1128
    1067    1087    1126    1181    1063    1114    1119    1078    1059    1074
    1060    1143    1016    1037    1016    1104    1089    1095    1066    1057
    1006    1067    1037    1063    1042    1019    1027     976     991     985
     952    1040     999    1048    1052    1050    1011    1016    1005    1011
    1020     966    1141    1058    1028    1096    1070    1077    1044    1157
    1198    1105    1190    1174    1259    1181    1315    1288    1338    1348
    1294    1339    1360    1303    1308    1372    1237    1340    1317    1341
    1392    1230    1282    1291    1296    1217    1164    1123    1192    1128
    1051    1103    1070    1014     984    1027    1042    1042    1025     954
     972    1045     997    1005    1048     948     988     984     930     947
     946     932     901     921     911     945     984     945     939     911
     961     893     939     924     939     933     922     937    1039     991
     935    1002    1065    1067     985    1022    1109    1079    1101    1048
    1163    1119    1158    1176    1230    1256    1221    1209    1387    1357
    1273    1232    1270    1346    1288    1296    1249    1328    1240    1236
    1204    1217    1154    1215    1174    1089    1059    1074    1193    1024
     981    1006     976     991     932     946     946     946     911     858
     987     927     872     967     927     862     876     921     901     865
     886     840     885     881     883     868     953     928     883     869
     877     878     854     853     898     850     820     861     907     854
     817     881     967     893     880     914     897     906     860     929
     837     903     836     877     889     906     885     920     945     884
     870     886     867     893     887     875     881     920     880     869
     903     875     853     764     923     859     840     914     853     860
     871     859     869     823     836     766     854     800     840     861
     875     877     853     774     839     813     835     780     805     773
     791     822     782     796     763     765     858     829     757     834
     815     817     783     785     788     801     798     793     839     797
     771     845     791     791     782     811     816     858     851     906
     797     846     879     870     932     896     961     878     932     945
     991     954     964    1030     930     990    1105     940     953     928
     941     947     929     900     901     884     836     888     894     876
     880     825     876     844     809     806     780     842     787     805
     791     730     775     759     826     840     793     797     791     831
     696     767     719     754     719     764     818     785     730     752
     753     759     728     776     774     799     701     819     757     789
     727     714     799     746     692     737     698     841     719     738
     748     756     671     750     768     738     742     741     833     784
     764     758     771     767     752     722     776     775     756     744
     709     733     703     779     780     810     740     767     732     843
     752     763     772     742     701     727     721     713     690     738
     716     755     694     737     742     713     738     701     718     749
     670     695     806     750     754     701     736     763     697     676
     742     721     733     714     762     680     677     711     748     727
     794     724     705     759     672     724     736     722     702     701
     765     740     703     733     700     763     710     695     768     761
     694     739     722     749     728     747     715     700     716     705
     706     762     781     770     765     826     745     703     756     772
     728     783     774     752     721     739     694     766     770     672
     813     742     756     742     764     714     672     722     780     746
     749     721     765     722     791     707     752     752     762     689
     762     794     690     789     785     747     739     749     749     741
     731     736     852     728     779     754     797     761     744     774
     780     745     783     710     772     871     854     793     770     844
     761     844     809     885     815     807     842     836     836     823
     885     836     842     804     879     886     787     921     839     843
     876     912     910     905     881     921     954     933     926     924
     952     997     935     958     978    1013     987    1019    1102    1076
    1063    1076    1113    1115    1126    1180    1233    1200    1123    1121
    1261    1193    1256    1285    1382    1401    1453    1458    1563    1484
    1538    1570    1687    1790    1781    1770    1939    1911    1947    1979
    2113    2273    2235    2282    2535    2536    2524    2504    2867    2816
    2760    2906    3130    3039    3196    3344    3459    3494    3464    3736
    3790    3811    3675    3876    4214    4129    4122    4115    4359    4285
    4237    4310    4502    4396    4487    4320    4592    4520    4370    4203
    4854    4414    4256    4292    4485    4366    4211    4297    4247    4140
    4058    3962    4032    3931    3721    3792    3746    3610    3384    3454
    3269    3176    3138    3049    3032    2918    2780    2668    2637    2514
    2443    2273    2432    2208    2056    1997    2059    1963    1849    1716
    1764    1711    1614    1452    1551    1564    1399    1309    1362    1301
    1235    1197    1269    1175    1065    1163    1156    1182    1157    1036
    1230    1154    1204    1121    1311    1321    1279    1386    1469    1427
    1450    1647    1697    1786    1749    1912    1989    2129    2048    2180
    2374    2278    2342    2412    2600    2493    2508    2588    2704    2701
    2570    2451    2595    2483    2378    2191    2460    2198    2152    1998
    1966    1906    1763    1660    1581    1492    1421    1326    1190    1096
    1061    1017    1024     917     836     826     762     767     713     672
     714     689     649     609     694     648     702  343294
