$Informacoes da Fluorescencia de Raios-X:
"Sample    : GHA-741",                                                                    
"Operator  : THIAGO",                                                                     
"Comment  : ",                                                                            
"Group     : thiago_acra2010ma",                                                          
"Date       : 2010-06-20 08:25:14",                                                       
"",                                                                                       
"Mesurement Condition",                                                                   
"------------------------------------------------------------------------------------",   
"Instrument : 700HS2   Atmosphere : Vac.   Collimator : 10(mm)   Spin : No",              
"------------------------------------------------------------------------------------",   
"Analyte               TG kV   uA      FI Acq.(keV)  Anal.(keV)  Time(sec)     DT(%)",    
"------------------------------------------------------------------------------------",   
"Na                    Rh 50 1000-Auto Al  0 - 20    0.8 - 1.2   Live -  960   14",       
"Channel_info_start",                                                                     
"Channel : Na",                                                                           
"Points : 2048
"Range : 0.000000 - 20.480000",                                                           
"Step : 0.010000",                                                                        
"Channel_info_end",                                                                       
$DATA:
       0    2047
       0       0       0       0       0       0       0       0       0    2048
       0       0       0       0       0       0       0       0       0       0
       0       0       0       0       0       0       0       0       0       0
       0       0       0       0       0       0       1       1       0       5
      86     167     174     156     139     189     165     157     178     163
     159     181     166     168     178     190     174     204     185     224
     215     232     258     253     271     284     295     300     270     278
     273     300     270     316     278     265     278     300     275     237
     244     252     241     222     197     188     187     162     161     200
     159     151     155     197     192     212     189     177     192     177
     208     203     192     206     225     211     181     205     207     239
     271     237     246     288     257     263     250     258     242     252
     236     225     182     201     170     181     195     216     218     248
     278     287     303     324     324     365     344     420     344     330
     325     316     279     270     253     293     314     313     388     492
     657     894    1150    1498    1728    2035    2323    2432    2577    2727
    2552    2609    2217    2177    1830    1555    1334    1185     925     872
     732     800     894    1128    1486    2115    2895    4107    5187    6707
    7555    8781    9815   10597   10149   10769    9549    9337    7712    6689
    5562    4565    3225    2525    1817    1467    1040     826     716     667
     566     540     499     469     450     472     447     486     442     476
     432     432     447     466     435     444     421     450     342     397
     350     374     369     374     368     391     469     505     596     757
     982    1304    1586    2103    2700    3417    3923    4611    5191    5758
    5909    6126    5910    5842    5109    4767    4037    3429    2741    2285
    1814    1413    1077     929     808     738     660     736     733     724
     718     733     734     908     994    1342    1317    1760    1886    2130
    2330    2468    2503    2624    2376    2283    2016    1788    1665    1350
    1098     953     761     619     553     486     477     523     460     492
     495     571     507     509     495     454     471     443     467     394
     394     360     372     341     360     354     322     299     290     307
     316     316     324     342     317     345     320     362     381     351
     422     387     410     438     479     590     746     964    1301    1855
    2382    3288    4200    5859    7263    9564   10668   13352   14523   16625
   16739   17869   17568   17716   15961   15572   13165   11847    9472    8063
    6008    4871    3419    2627    1785    1413    1042    1012     896     965
    1054    1298    1471    1770    1966    2490    2792    3501    3967    4754
    5456    6390    6981    8106    9111   10131   10531   11665   11691   12022
   11321   10944   10446    9405    8194    7350    5929    4990    3830    3023
    2280    1783    1206    1014     754     617     533     531     523     545
     611     735     741     875     964    1128    1207    1486    1419    1630
    1496    1631    1690    1631    1483    1511    1247    1215    1087     935
     798     701     581     496     442     400     401     364     303     336
     315     339     324     321     336     353     342     337     343     337
     340     391     345     426     412     502     494     629     788     996
    1071    1364    1663    2011    2386    2728    2994    3488    3694    3957
    3847    4150    3911    3897    3643    3541    3117    2713    2421    2103
    1737    1551    1282    1180     979     889     779     750     706     592
     640     669     584     567     602     559     633     594     589     709
     671     710     733     760     795     872     818    1002     946    1083
    1030    1144    1089    1169    1035    1174    1061    1072    1037     972
     865     848     763     732     667     688     640     633     616     571
     542     623     571     611     620     587     612     623     594     638
     602     609     625     627     592     667     633     705     663     700
     670     673     711     758     770     736     737     751     731     836
     777     828     806     858     838     777     742     768     776     839
     751     758     774     783     714     759     745     773     769     856
     746     819     805     771     796     761     738     799     744     848
     762     792     886     897     887     992     953    1019    1064    1172
    1227    1325    1342    1616    1640    1755    1760    1978    1924    2037
    2015    2153    2040    1966    1797    1757    1668    1577    1428    1368
    1264    1279    1166    1163    1156    1167    1092    1060    1075    1194
    1083    1090    1148    1206    1174    1252    1294    1479    1533    1746
    2041    2502    3042    3943    5001    6792    8160   10674   13233   17008
   20350   25063   29201   34773   37230   42382   46033   50436   50562   56504
   52830   54402   49653   49295   45244   42106   36207   33005   27244   23692
   19093   16084   12644   10239    7644    6302    4718    3874    2782    2396
    1985    1686    1541    1408    1337    1296    1199    1262    1201    1224
    1206    1219    1260    1318    1210    1229    1274    1326    1233    1341
    1364    1310    1336    1427    1513    1489    1446    1694    1846    1928
    2072    2328    2541    3073    3254    3836    4394    4897    5366    5936
    6514    6947    7184    7709    7880    8109    7559    7853    7351    7311
    6575    6308    5644    5275    4412    4157    3578    3160    2640    2458
    2103    1946    1677    1660    1511    1377    1276    1252    1199    1278
    1222    1311    1311    1262    1299    1224    1282    1308    1245    1267
    1253    1323    1263    1298    1326    1381    1345    1324    1352    1286
    1318    1318    1330    1345    1187    1226    1310    1294    1213    1278
    1178    1249    1137    1200    1184    1225    1165    1199    1359    1285
    1214    1215    1245    1209    1209    1287    1227    1289    1201    1247
    1250    1295    1262    1390    1277    1262    1308    1332    1270    1374
    1448    1506    1541    1643    1571    1668    1699    1882    1823    1976
    1966    1990    1969    2061    2050    2102    2023    1938    1861    1903
    1696    1824    1642    1620    1533    1519    1366    1407    1307    1281
    1249    1211    1190    1198    1136    1198    1128    1147    1178    1141
    1110    1115    1195    1176    1142    1091    1150    1178    1153    1150
    1177    1253    1172    1340    1349    1396    1504    1708    1836    1974
    2112    2463    2696    3052    3261    3860    3964    4354    4452    4754
    4911    5190    5099    5303    5188    5247    4755    4627    4452    4215
    3818    3539    3264    2868    2553    2378    2134    1984    1764    1654
    1541    1492    1396    1374    1278    1236    1206    1212    1231    1188
    1187    1192    1190    1218    1162    1119    1214    1160    1127    1157
    1102    1090    1073    1151    1093    1106    1036    1077    1108    1128
    1058    1088    1066    1116    1058    1048    1113    1114    1059    1111
    1133    1134    1124    1131    1127    1064    1024    1059    1101    1144
    1060    1093    1045    1095    1058    1042    1048    1115    1068    1111
    1154    1190    1125    1146    1247    1280    1226    1359    1352    1438
    1468    1456    1485    1631    1480    1556    1703    1576    1538    1567
    1564    1509    1437    1469    1339    1387    1274    1299    1225    1219
    1114    1190    1156    1134    1057    1105    1038    1059    1032    1059
    1029    1081    1030    1025    1087    1045    1009     986    1043    1035
     965    1004    1062    1042     983    1080    1002    1043    1042    1049
     970    1076     991    1012     998    1010     965     986    1073    1027
    1039     948     997    1087    1009    1015    1049    1059     959     970
     965    1111     918    1076    1077    1089    1003    1089     980    1036
    1075    1080    1053    1116    1068    1060    1109    1201    1060    1248
    1179    1209    1263    1340    1422    1430    1414    1553    1536    1555
    1565    1535    1669    1627    1584    1576    1518    1625    1505    1489
    1535    1581    1324    1365    1243    1244    1250    1211    1211    1156
    1098    1139    1092     999    1081    1067    1021    1051    1040    1055
    1024    1040     940    1011    1054    1033    1035    1035    1032    1045
     971    1014    1017    1013     974    1055    1003    1016    1049    1020
     973    1061     945    1063    1027    1020    1024     995    1052    1008
    1007    1014    1015    1064     986     994    1030    1050     954     996
    1052    1061    1000    1036    1011    1077    1057    1065    1074    1020
    1023     999    1046    1033     971    1030    1007    1048     994    1047
    1010     976    1022    1014     973    1008    1024    1034    1022     995
    1002    1086     972    1008     962     950     986    1019    1008     947
    1033    1074     998    1021    1122    1035    1007    1049    1134    1126
    1036    1078    1198    1214    1249    1367    1429    1402    1404    1463
    1630    1624    1662    1722    1883    1937    1920    1941    2000    2011
    1941    2002    1940    1978    1880    1836    1701    1697    1576    1612
    1589    1567    1336    1370    1294    1227    1144    1130    1121    1045
    1000    1093    1047    1036     937     960    1014     936     889     903
     980     966     909     969     923     945     880     957     910     928
     897     948     889     932     922     952     924    1024     908     972
     949     907     903     966     883     988     937     983     989    1058
    1017    1015    1096    1098    1054    1135    1111    1128    1101    1113
    1181    1036    1098    1137    1057    1184    1081    1115    1076    1084
     958     999    1062    1074     960     916     933    1004     904     938
     992     926     974     914     883     951     885     982     969     860
     864     872     887     903     931     899     868     922     837     914
     864     928     818     913     958     900     843     853     858     885
     904     871     980     948     934     933     932     970     957     975
     997     995     976    1021    1047    1131     977    1090    1075    1064
    1053    1101    1167    1080    1095    1050    1081    1024    1068    1035
    1019     977     985     979    1024    1009     901     985     985     942
     939     877     878     958     824     889     876     884     876     920
     860     914     806     869     806     844     851     858     819     882
     794     834     814     849     771     781     877     834     798     784
     825     876     817     848     864     819     813     783     831     817
     831     815     835     865     836     802     818     855     812     909
     932     931     831     883     926     860     923     970     914     969
     895     941     953     910     932     952     954     937     869     928
     887     920     922     885     855     908     859     857     842     809
     847     877     806     789     779     757     751     798     804     741
     783     751     749     744     792     786     730     745     733     768
     770     785     736     800     757     767     807     771     739     782
     746     731     772     717     795     758     771     792     766     807
     771     717     852     776     763     795     823     768     760     776
     843     834     729     780     830     807     720     815     814     773
     751     741     755     781     735     793     717     760     767     749
     773     782     741     705     795     786     766     756     759     758
     733     695     734     767     736     716     699     698     689     689
     701     764     675     697     745     696     669     700     706     745
     724     671     692     712     721     662     798     688     696     663
     707     743     721     704     673     724     676     667     657     704
     656     723     709     705     716     699     725     699     726     754
     771     749     723     707     762     761     710     686     773     804
     745     759     797     817     735     769     757     749     771     736
     786     801     731     757     744     711     696     743     733     732
     725     751     698     722     688     676     713     697     678     721
     704     666     634     734     689     751     643     653     644     699
     665     685     640     628     656     691     704     698     657     671
     620     650     613     658     699     686     625     649     598     700
     662     676     698     667     643     672     687     675     602     619
     658     635     642     669     670     618     685     671     621     656
     620     656     648     646     622     654     643     631     611     635
     662     667     656     669     645     681     655     646     683     630
     618     670     641     651     647     651     645     665     624     604
     657     647     624     630     611     645     634     610     623     608
     618     643     666     636     600     608     711     612     628     631
     611     655     643     575     659     685     655     627     604     689
     605     613     599     623     607     584     634     661     625     636
     675     634     572     670     641     627     592     582     613     654
     629     608     584     609     633     602     649     620     635     630
     610     643     609     610     635     703     577     547     636     641
     606     623     681     669     646     653     672     663     611     633
     719     630     645     679     686     692     642     644     699     645
     656     635     674     663     678     678     698     660     649     676
     680     691     642     651     650     678     623     648     692     680
     661     593     749     703     619     587     659     698     698     662
     668     697     643     661     722     691     716     718     721     756
     663     686     723     748     686     714     733     737     707     760
     752     746     779     720     794     745     730     771     774     830
     809     751     820     821     784     782     837     842     784     837
     882     857     804     847     925     944     880     883     900     864
     855     934     946     918     928    1015    1087    1035    1010    1017
    1102    1083    1137    1156    1248    1231    1190    1212    1326    1382
    1383    1379    1475    1549    1495    1532    1566    1802    1703    1766
    1957    1969    1972    2044    2053    2200    2181    2243    2489    2533
    2490    2599    2660    2871    2781    2881    3090    3112    3047    3251
    3273    3335    3428    3463    3586    3646    3649    3679    3967    3828
    3698    3882    4089    3986    3974    3997    4086    3935    3959    3988
    4310    4084    3899    4052    4050    4005    3926    3929    3926    3829
    3556    3620    3683    3556    3441    3423    3432    3428    3087    3085
    3087    2950    2818    2696    2775    2686    2491    2400    2383    2395
    2283    2008    2141    2047    1922    1823    1751    1733    1604    1547
    1564    1510    1394    1353    1426    1337    1254    1256    1295    1143
    1129    1111    1078    1009    1032     980    1071    1035     967     996
     984    1131    1002    1087    1226    1189    1160    1220    1243    1294
    1318    1392    1406    1571    1565    1625    1786    1705    1793    1867
    1973    2104    1979    2011    2120    2109    2165    2103    2205    2156
    2167    2090    2089    2011    2007    1768    1976    1787    1750    1669
    1634    1506    1455    1371    1345    1306    1113    1054    1045     950
     959     827     837     810     744     681     678     631     658     587
     619     600     539     541     575     571     551  303332
