$Informacoes da Fluorescencia de Raios-X:
"Sample    : GHA-973",                                                                    
"Operator  : luisf",                                                                      
"Comment  : ",                                                                            
"Group     : thiago_acra2010ma",                                                          
"Date       : 2010-06-23 23:46:37",                                                       
"",                                                                                       
"Mesurement Condition",                                                                   
"------------------------------------------------------------------------------------",   
"Instrument : 700HS2   Atmosphere : Vac.   Collimator : 10(mm)   Spin : No",              
"------------------------------------------------------------------------------------",   
"Analyte               TG kV   uA      FI Acq.(keV)  Anal.(keV)  Time(sec)     DT(%)",    
"------------------------------------------------------------------------------------",   
"Na                    Rh 50 1000-Auto Al  0 - 20    0.8 - 1.2   Live -  959   14",       
"Channel_info_start",                                                                     
"Channel : Na",                                                                           
"Points : 2048
"Range : 0.000000 - 20.480000",                                                           
"Step : 0.010000",                                                                        
"Channel_info_end",                                                                       
$DATA:
       0    2047
       0       0       0       0       0       0       0       0       0    2048
       0       0       0       0       0       0       0       0       0       0
       0       0       0       0       0       0       0       0       0       0
       0       0       0       0       0       0       0       4       3       8
      71     178     150     168     186     178     205     166     212     191
     165     209     156     178     197     231     199     206     192     220
     199     218     218     268     238     241     218     248     288     270
     285     291     294     313     323     309     305     325     324     360
     318     315     277     260     224     205     207     246     166     211
     185     195     212     206     223     214     200     211     224     239
     233     264     196     197     220     212     199     239     227     237
     246     241     265     268     293     239     234     228     231     236
     231     219     197     209     183     193     181     205     220     214
     241     235     225     259     233     256     259     255     238     246
     266     243     195     198     250     239     211     247     247     249
     365     371     478     665     728     870     895     999     945    1087
    1093    1017     979     881     810     685     616     547     450     441
     358     391     451     518     682     875    1203    1562    1971    2521
    2865    3306    3572    3899    3780    3967    3574    3500    2964    2675
    2035    1729    1304    1056     832     632     521     476     389     381
     331     359     343     321     323     346     347     370     344     382
     402     334     320     330     326     315     289     317     259     288
     265     293     270     276     275     325     295     346     372     472
     508     652     866    1062    1372    1692    1921    2270    2498    2696
    2843    2879    2856    2762    2422    2298    1971    1672    1267    1196
    1005     794     667     611     533     561     470     470     521     541
     559     658     797    1031    1237    1686    1788    2358    2485    3051
    3251    3593    3397    3670    3446    3441    2810    2654    2262    1983
    1572    1266    1008     817     664     590     550     517     570     572
     541     560     568     600     593     554     497     496     419     386
     345     342     333     271     252     226     251     269     247     246
     251     255     227     259     254     268     249     228     278     263
     285     271     313     322     310     327     419     497     597     873
    1091    1528    1877    2499    2977    3817    4504    5671    6066    7125
    7135    7620    7318    7608    6975    6772    5710    5078    4173    3621
    2799    2268    1632    1309     898     768     599     535     490     504
     603     677     719     987    1100    1341    1553    2040    2332    2844
    3437    4196    4765    5713    6625    7527    7853    8956    8810    9135
    8761    8783    8129    7577    6507    5939    4859    3941    3084    2451
    1915    1428    1040     839     616     567     468     484     449     452
     518     589     617     784     816     971    1022    1149    1073    1355
    1322    1480    1305    1279    1240    1154    1102    1055     934     887
     713     638     570     526     484     432     370     322     363     381
     332     361     338     387     365     364     351     365     390     415
     352     404     433     390     406     430     462     501     518     684
     705     861     864    1093    1143    1313    1411    1615    1649    1838
    1716    1877    1839    1739    1670    1581    1478    1388    1159    1101
    1020     943     784     771     762     701     653     642     666     659
     614     595     602     621     598     604     601     627     630     585
     686     668     693     748     771     738     785     814     762     800
     828     873     831     873     816     887     821     808     755     795
     707     726     670     715     729     668     610     616     615     640
     656     773     575     753     607     649     631     706     669     706
     630     682     616     721     682     717     665     755     745     730
     713     765     729     785     810     887     822     862     808     845
     888     894     853     935     920     937     881     889     889     953
     850     920     876     898     892     919     898     897     847     907
     882     869     901     960     940     883     917     917     873     931
     922     959     978     974    1003    1068    1081    1105    1138    1175
    1254    1264    1233    1462    1440    1558    1547    1636    1752    1711
    1620    1809    1605    1732    1631    1570    1475    1520    1339    1356
    1288    1307    1165    1249    1113    1215    1163    1199    1258    1254
    1168    1228    1189    1281    1183    1301    1279    1464    1439    1542
    1660    1890    2156    2642    3062    3934    4560    5952    7081    8702
   10207   12463   14481   17476   18453   20896   22837   25064   25120   28457
   26020   27305   25008   25219   22832   21419   18439   17145   14608   12885
   10077    8765    7183    5907    4650    4086    3245    2840    2258    2122
    1872    1760    1533    1579    1605    1565    1455    1533    1464    1548
    1432    1515    1523    1601    1463    1570    1494    1565    1468    1615
    1591    1677    1612    1662    1629    1688    1629    1834    1694    1947
    1915    2088    2219    2384    2466    2783    3024    3228    3327    3874
    4051    4289    4426    4707    4755    4920    4666    4679    4540    4664
    4054    4039    3740    3582    3162    3038    2713    2534    2310    2142
    2002    1967    1826    1810    1653    1695    1548    1618    1600    1587
    1508    1641    1562    1542    1489    1552    1673    1547    1552    1653
    1630    1583    1621    1625    1621    1645    1560    1511    1591    1616
    1575    1701    1537    1600    1564    1598    1563    1650    1534    1574
    1543    1587    1472    1566    1577    1590    1523    1521    1738    1530
    1490    1542    1586    1584    1545    1685    1583    1703    1580    1612
    1544    1640    1586    1732    1613    1684    1595    1669    1655    1660
    1769    1846    1840    1853    1882    1931    1909    2138    2030    2215
    2241    2311    2106    2365    2241    2322    2147    2187    2185    2078
    1929    1990    1914    1884    1741    1786    1786    1672    1622    1563
    1603    1580    1397    1532    1461    1494    1434    1514    1471    1546
    1459    1478    1448    1451    1370    1487    1436    1491    1384    1472
    1504    1553    1560    1581    1716    1787    1760    2022    2025    2263
    2393    2646    2848    3329    3440    3794    4080    4532    4640    4946
    5193    5514    5177    5409    5536    5400    5024    4957    4699    4737
    3976    3749    3624    3306    2918    2631    2427    2411    1913    2013
    1727    1744    1594    1611    1519    1536    1379    1471    1403    1478
    1453    1423    1460    1472    1409    1535    1441    1450    1286    1381
    1376    1444    1294    1338    1366    1412    1318    1344    1354    1378
    1296    1383    1305    1346    1276    1347    1372    1380    1395    1363
    1333    1403    1309    1419    1322    1336    1299    1337    1330    1375
    1301    1427    1280    1300    1361    1395    1431    1440    1255    1382
    1411    1468    1352    1454    1511    1567    1542    1574    1621    1667
    1547    1730    1771    1756    1804    1829    1907    1874    1774    1800
    1761    1831    1683    1754    1723    1548    1560    1605    1506    1572
    1371    1399    1453    1442    1350    1352    1361    1321    1291    1347
    1283    1332    1257    1325    1316    1326    1281    1262    1265    1283
    1266    1268    1369    1343    1196    1270    1224    1298    1241    1270
    1258    1291    1200    1270    1262    1315    1210    1350    1255    1344
    1217    1273    1214    1323    1216    1241    1328    1326    1156    1287
    1312    1267    1239    1324    1337    1306    1254    1284    1223    1271
    1263    1250    1341    1313    1263    1351    1332    1347    1287    1356
    1307    1456    1336    1369    1360    1485    1390    1422    1450    1471
    1386    1499    1432    1563    1466    1558    1513    1474    1407    1501
    1367    1546    1333    1434    1404    1425    1402    1357    1346    1392
    1296    1400    1355    1361    1291    1311    1322    1380    1286    1291
    1378    1339    1309    1280    1329    1277    1313    1402    1241    1339
    1328    1393    1356    1413    1288    1295    1322    1381    1300    1230
    1337    1403    1277    1461    1250    1386    1253    1322    1353    1358
    1311    1292    1407    1327    1266    1337    1301    1349    1281    1336
    1353    1341    1327    1335    1265    1395    1257    1325    1361    1354
    1196    1334    1343    1315    1319    1284    1339    1327    1294    1260
    1287    1348    1202    1255    1298    1307    1280    1274    1314    1342
    1283    1380    1278    1425    1269    1265    1153    1310    1318    1270
    1276    1354    1235    1297    1286    1277    1264    1292    1321    1392
    1363    1385    1308    1460    1392    1421    1530    1623    1576    1654
    1702    1814    1750    1908    1996    1990    1984    2137    2065    2125
    2030    2129    1978    2121    1919    1913    1941    1953    1811    1850
    1704    1685    1579    1532    1499    1459    1454    1409    1419    1409
    1255    1313    1322    1280    1230    1168    1281    1299    1124    1195
    1239    1256    1181    1218    1193    1212    1190    1184    1243    1258
    1162    1287    1117    1193    1228    1254    1228    1216    1119    1239
    1171    1259    1149    1137    1158    1210    1205    1161    1238    1171
    1151    1207    1250    1306    1201    1308    1237    1314    1265    1330
    1267    1243    1209    1297    1287    1259    1183    1214    1235    1186
    1224    1236    1295    1140    1203    1196    1168    1223    1088    1195
    1197    1254    1115    1232    1241    1157    1201    1171    1193    1179
    1109    1151    1078    1103    1099    1133    1069    1118    1088    1160
    1102    1091    1085    1156    1100    1162    1140    1179    1127    1105
    1088    1167    1100    1208    1089    1228    1157    1210    1118    1198
    1198    1301    1190    1176    1254    1258    1187    1302    1296    1305
    1239    1280    1204    1280    1181    1219    1221    1311    1221    1188
    1264    1176    1165    1278    1163    1071    1127    1124    1078    1179
    1073    1093    1123    1184    1072    1182    1126    1130    1061    1199
    1105    1163    1045    1087    1149    1129    1054    1089    1092    1088
    1086    1098    1128    1068    1073    1026    1089    1031    1074    1047
    1039    1064    1004    1084    1063    1055    1001    1086    1018    1086
    1032    1088    1041    1074    1031    1170    1125    1046    1018    1029
    1097    1126    1018    1040    1124    1047    1021    1076    1043    1123
    1047    1100    1081    1092    1124    1095    1096    1086    1025    1016
    1062    1112     991    1137    1081    1076    1020    1022    1083    1058
    1035     989    1061    1082    1030    1027    1047    1046    1002    1028
    1029    1051     951    1032    1002    1017     991    1062    1037    1027
     954    1031     986    1025     925     971     970     993     942    1060
     980    1054     928     932    1006    1004     923    1002     970    1029
     994     964    1014    1015     907     900     978    1026     952    1045
    1012     992     996     979     990    1018     954     980    1004     991
     892     948     937    1016     981     935    1019     943     909     943
     964     915     935     904    1026     994     956     900     952     990
     947     943     958     974     947     902     994     906     896     949
     898     943     884     975     943     919     875     929     953     936
     879     912     891     921     902     846     971     900     897     966
     897     837     877     877     916     923     886     904     907     945
     925     964     880     912     862     942     902     918     816     904
     939     936     901     900     894     930     911     989    1009     940
     890     918     947     929     924     937     952     938     904     962
     922     951     922     958     923     967     884     842     895     915
     950     886     901     910     847     891     873     902     867     889
     921     835     860     881     873     840     844     869     814     886
     791     862     875     863     882     914     844     882     887     854
     891     858     841     839     792     886     799     870     825     883
     811     882     876     828     833     844     828     891     841     888
     852     897     777     832     811     922     783     882     860     866
     853     765     859     878     794     850     870     924     779     823
     872     864     777     898     875     834     868     876     844     896
     826     854     849     844     794     802     867     811     825     844
     796     869     818     824     846     784     842     820     891     840
     821     777     806     813     782     782     839     847     769     818
     808     787     809     847     851     800     803     844     836     817
     822     856     833     841     808     763     825     800     762     798
     764     859     778     793     780     888     792     777     868     768
     764     858     842     860     835     839     851     892     839     830
     807     844     810     878     842     833     914     795     889     839
     785     832     881     922     834     867     873     849     880     798
     852     854     837     919     846     896     772     849     880     852
     839     812     790     926     873     883     883     859     864     921
     919     892     873     854     947     892     848     852     898     848
     880     848     971     929     831     886     806     896     855     864
     856     900     902     877     915     989     898     892     928     930
     938     971     891     931     935     940     961     971     915     966
     971     984     968     939    1047    1031     900     933    1017    1055
    1012    1033    1047    1105     998    1079    1081    1068    1127    1059
    1134    1153    1099    1175    1132    1179    1123    1187    1254    1200
    1230    1252    1250    1325    1243    1380    1483    1354    1355    1384
    1350    1426    1450    1548    1651    1629    1521    1646    1767    1831
    1699    1850    1950    1980    1981    2088    2185    2308    2239    2264
    2422    2565    2521    2636    2860    2895    2997    2963    3314    3210
    3246    3628    3618    3730    3678    3736    3967    4089    4121    4187
    4415    4462    4549    4744    4832    4835    4851    4919    4877    5175
    4963    5100    5146    5370    5287    5240    5355    5469    5227    5117
    5890    5358    5221    5330    5334    5176    5127    5120    5185    5138
    4826    4827    4796    4778    4430    4589    4549    4507    4090    4178
    4004    3981    3739    3775    3649    3458    3253    3192    3291    2995
    2829    2919    2912    2607    2624    2491    2445    2425    2205    2095
    2095    2002    1838    1865    1765    1705    1637    1637    1649    1475
    1426    1437    1482    1425    1347    1364    1395    1403    1314    1271
    1365    1421    1319    1306    1507    1444    1469    1545    1528    1655
    1696    1810    1853    1891    1976    2045    2225    2320    2235    2326
    2461    2536    2410    2521    2645    2635    2588    2784    2824    2743
    2749    2715    2717    2748    2521    2420    2522    2471    2244    2186
    2215    2104    1898    1764    1746    1686    1569    1467    1425    1321
    1227    1149    1127    1103     966     999     905     893     830     798
     844     784     768     766     709     711     739  399704
