$Informacoes da Fluorescencia de Raios-X:
"Sample    : GHA-905",                                                                    
"Operator  : THIAGO",                                                                     
"Comment  : ",                                                                            
"Group     : thiago_acra2010ma",                                                          
"Date       : 2010-06-22 20:29:17",                                                       
"",                                                                                       
"Mesurement Condition",                                                                   
"------------------------------------------------------------------------------------",   
"Instrument : 700HS2   Atmosphere : Vac.   Collimator : 10(mm)   Spin : No",              
"------------------------------------------------------------------------------------",   
"Analyte               TG kV   uA      FI Acq.(keV)  Anal.(keV)  Time(sec)     DT(%)",    
"------------------------------------------------------------------------------------",   
"Na                    Rh 50 1000-Auto Al  0 - 20    0.8 - 1.2   Live -  959   20",       
"Channel_info_start",                                                                     
"Channel : Na",                                                                           
"Points : 2048
"Range : 0.000000 - 20.480000",                                                           
"Step : 0.010000",                                                                        
"Channel_info_end",                                                                       
$DATA:
       0    2047
       0       0       0       0       0       0       0       0       0    2048
       0       0       0       0       0       0       0       0       0       0
       0       0       0       0       0       0       0       0       0       0
       0       0       0       0       0       0       0       2       3       7
      98     230     210     248     174     226     209     187     202     223
     229     211     217     216     211     206     210     244     226     264
     255     274     248     272     263     290     250     305     314     320
     317     327     301     328     319     334     300     328     289     379
     305     319     269     299     268     296     275     241     248     291
     266     301     349     395     392     418     440     503     429     442
     406     424     388     401     342     320     318     319     301     331
     338     353     353     399     423     415     343     363     355     380
     327     317     309     279     253     297     247     272     299     354
     364     388     438     436     428     463     440     521     453     459
     420     417     365     359     341     404     388     459     564     720
     931    1333    1591    2195    2438    2996    3205    3584    3644    3742
    3602    3580    3239    3054    2550    2277    1844    1516    1209    1092
    1060    1132    1230    1788    2440    3501    4511    6298    7859   10209
   11187   13337   14193   15432   14835   15855   14090   13619   11308   10264
    8344    6929    4890    3856    2812    2299    1549    1328    1133    1096
     935     926     956     943     916     901     860     907     903     914
     799     845     758     749     695     684     590     608     496     560
     497     508     487     514     504     537     580     646     738     827
     971    1258    1499    1860    2239    2850    3139    3834    4001    4298
    4399    4683    4507    4573    3904    3801    3191    2852    2343    2005
    1633    1471    1236    1124    1005    1034    1011    1131    1236    1492
    1789    2327    3006    4184    5290    7411    8174   10512   11754   13837
   14494   15674   15684   16562   15065   15011   12828   11752    9749    8269
    6331    5455    3751    3182    2334    2198    1805    1833    1693    1858
    1948    1968    1884    1864    1774    1731    1482    1419    1167    1142
     850     811     699     630     509     537     480     455     482     470
     442     470     436     481     447     495     490     525     549     530
     549     589     612     682     725     775     966    1223    1534    2331
    2897    3961    4833    6544    8309   10481   11598   14419   15573   17702
   17990   18924   19096   18792   17174   16924   13893   12932   10562    8752
    6862    5511    4010    3263    2332    1842    1414    1390    1297    1435
    1486    1808    2258    2743    3228    4289    5324    7020    8697   11326
   13912   17685   20275   24995   28400   33086   34551   39233   39137   41559
   38690   38936   36014   33771   28865   25912   21318   18025   13393   10768
    8031    5935    3954    3015    2113    1563    1209    1161    1069    1209
    1394    1620    1954    2516    2746    3296    3746    4251    4485    5265
    5067    5456    5086    5147    4795    4699    4012    3828    3130    2774
    2276    1843    1467    1214     920     825     654     561     444     444
     420     408     411     398     383     395     403     413     405     460
     436     428     453     531     562     667     738     983    1112    1504
    1856    2326    2832    3427    3969    4769    5003    5806    6168    6795
    6627    7009    6853    6773    6114    5781    5013    4793    4022    3553
    2966    2605    2005    1872    1521    1314    1130    1066     943     953
     795     871     739     832     774     760     752     795     742     763
     879     978    1018    1119    1140    1261    1266    1401    1471    1482
    1541    1638    1627    1748    1555    1646    1508    1438    1340    1360
    1190    1155    1031    1022     925     897     798     792     715     744
     678     749     642     732     659     718     745     736     723     722
     716     807     729     812     820     836     790     826     738     844
     795     856     871     970     838     996     984    1071    1009    1062
    1026    1107    1041    1068    1011    1039     967    1052     948     970
     931     932    1006     905     893     924     872     899     897     964
     934     908     867     826     908     960     831     953     941     976
     868     888    1018    1064    1024    1179    1121    1287    1260    1364
    1476    1629    1662    1893    2013    2116    2145    2339    2331    2464
    2341    2447    2240    2339    2098    2091    1953    1927    1771    1674
    1577    1451    1319    1420    1382    1371    1302    1284    1351    1322
    1306    1335    1508    1436    1478    1577    1670    1941    2097    2563
    3151    4140    4967    6748    8617   11909   14741   19216   24256   31322
   36474   44832   53277   62407   67351   76493   83044   90341   91036  101192
   94670   97384   88797   88241   80481   75484   64486   58731   49162   43415
   34180   28437   22894   18297   13364   10797    7962    6340    4439    3655
    2924    2541    1918    1897    1701    1688    1480    1562    1410    1463
    1430    1457    1545    1481    1428    1422    1478    1537    1462    1534
    1501    1564    1491    1699    1841    1917    1995    2212    2354    2716
    2977    3440    4110    4754    5245    6343    6981    8313    8618    9878
   10490   11812   12353   13098   13596   13831   12976   13377   12706   12436
   10927   10228    9331    8733    7206    6680    5430    4795    3947    3656
    3044    2557    2217    1968    1836    1699    1436    1532    1382    1421
    1326    1362    1341    1402    1373    1359    1384    1421    1340    1417
    1444    1474    1374    1451    1395    1499    1427    1398    1441    1469
    1387    1311    1459    1474    1320    1350    1372    1385    1323    1354
    1288    1391    1256    1337    1373    1350    1338    1381    1436    1362
    1296    1357    1292    1426    1327    1368    1364    1371    1266    1405
    1434    1399    1400    1425    1309    1498    1337    1495    1465    1629
    1462    1606    1661    1724    1666    1698    1812    1881    1878    1889
    1934    1956    1995    2072    2092    2059    1987    1991    1857    1945
    1726    1791    1637    1627    1611    1601    1465    1539    1373    1363
    1347    1313    1294    1309    1347    1308    1308    1297    1291    1279
    1255    1302    1268    1169    1243    1274    1217    1212    1226    1299
    1252    1204    1236    1283    1313    1319    1420    1518    1487    1600
    1684    1925    1907    2053    2160    2359    2542    2664    2630    2838
    2867    2991    3014    2974    3035    3058    2811    2734    2723    2677
    2337    2240    2110    2008    1866    1711    1707    1645    1422    1550
    1394    1490    1310    1354    1304    1294    1213    1309    1296    1299
    1249    1283    1236    1263    1281    1205    1297    1264    1164    1215
    1190    1259    1085    1269    1181    1259    1186    1134    1205    1146
    1222    1220    1150    1186    1197    1213    1329    1190    1200    1231
    1267    1319    1172    1185    1206    1211    1095    1226    1211    1269
    1147    1163    1150    1175    1157    1259    1167    1205    1116    1215
    1188    1278    1160    1254    1226    1239    1263    1257    1249    1360
    1323    1368    1363    1364    1297    1351    1421    1365    1380    1347
    1395    1369    1230    1302    1291    1304    1212    1206    1205    1203
    1217    1215    1149    1199    1147    1246    1209    1242    1097    1178
    1158    1147    1123    1150    1116    1147    1106    1105    1105    1155
    1071    1048    1194    1185    1083    1192    1077    1097    1092    1181
    1172    1170    1145    1160    1123    1165    1132    1238    1228    1220
    1136    1219    1218    1140    1113    1165    1188    1213    1080    1137
    1139    1115    1123    1178    1197    1161    1166    1167    1167    1134
    1096    1263    1116    1218    1096    1159    1238    1176    1142    1276
    1203    1185    1205    1250    1256    1366    1278    1358    1313    1464
    1385    1354    1330    1355    1329    1344    1348    1403    1304    1333
    1336    1392    1229    1270    1314    1265    1172    1197    1227    1269
    1152    1247    1169    1199    1098    1148    1127    1204    1107    1091
    1103    1119    1134    1084    1120    1110    1087    1118    1150    1133
    1047    1190    1150    1143    1111    1132    1105    1137    1043    1165
    1127    1145    1092    1111    1057    1185    1104    1105    1101    1158
    1125    1088    1055    1160    1039    1159    1123    1164    1066    1080
    1120    1175    1070    1133    1141    1166    1165    1098    1078    1129
    1086    1111    1142    1112    1178    1120    1122    1106     992    1092
    1095    1091    1058    1119    1060    1122    1051    1079    1122    1101
    1032    1194    1077    1082    1104    1064    1123    1095    1041    1092
    1111    1119    1018    1077    1102    1106    1048    1146    1096    1129
    1029    1133    1155    1102    1123    1232    1194    1194    1224    1241
    1243    1330    1269    1396    1428    1355    1348    1440    1399    1459
    1328    1526    1375    1447    1248    1362    1428    1389    1204    1315
    1308    1286    1181    1204    1088    1096    1100    1137    1098    1077
    1024    1059     995    1048     943    1056    1122    1071     959    1016
     982    1107    1094    1067    1037    1046    1067    1009     988     989
    1006    1029     984    1018     921     911    1057    1004     995    1011
    1079    1024    1033    1051    1071    1083    1030    1051    1100    1038
    1066    1082    1076    1029    1035    1115    1209    1127    1059    1159
    1133    1203    1177    1172    1150    1146    1134    1093    1132    1137
    1098    1091    1058    1100    1038    1029    1139    1136    1039    1114
    1114    1024     937    1061    1064    1066     997    1014    1002    1002
     955     960     876    1032     979     974     956    1024    1006     925
     998     966     895     893     921     924     894     889     922     917
     984     950    1006     973     926     983     964     957     914     980
    1001    1001     944    1033    1011    1059    1055    1073    1092    1120
    1110    1065    1059    1142    1021    1130    1160    1124    1022    1134
    1115    1058    1067    1069    1096    1034    1037    1046    1003    1046
     966     958     913     992     919     887     923     979     899     942
     860     940     869     911     890     939     870     895     940     962
     834     922     857     930     892     874     905     931     865     896
     857     875     830     915     875     901     834     960     914     930
     878     892     940     952     880     956     955     967     925    1005
    1046    1058    1042    1084    1142    1151    1115    1098    1174    1132
    1202    1215    1174    1264    1156    1266    1247    1221    1136    1159
    1071    1167    1087    1156    1083    1047     992     950     941     956
     896     903     922     865     874     821     833     902     862     854
     906     913     812     878     804     894     834     893     888     821
     754     754     779     843     783     787     892     811     762     817
     785     839     794     862     781     826     752     852     820     827
     834     844     841     843     781     901     842     830     841     839
     854     924     869     866     897     851     804     851     863     836
     798     824     881     878     833     858     889     808     822     810
     839     871     759     743     860     854     796     821     810     836
     797     778     776     812     771     754     769     797     697     794
     756     776     750     813     788     813     748     748     798     807
     680     786     772     754     787     698     836     790     690     725
     750     801     740     778     749     815     717     738     756     771
     761     770     784     794     771     822     779     902     771     839
     832     822     902     843     847     913     868     880     979     938
     917     978     912     914     944     938     958     949     935     930
     992     924     883     947     863     916     844     893     875     906
     853     838     807     847     760     798     733     799     790     807
     758     753     735     784     772     691     740     721     777     735
     704     761     765     706     690     693     713     745     702     716
     682     796     678     678     712     735     793     705     714     738
     689     672     739     726     691     721     753     748     681     663
     703     760     702     650     722     671     716     702     713     700
     722     740     707     696     642     673     729     695     705     749
     648     734     680     726     760     744     688     676     686     644
     686     689     744     732     689     722     720     680     693     698
     708     712     704     657     689     672     637     705     730     679
     654     644     651     735     627     643     693     709     625     654
     623     690     707     723     688     653     615     693     662     698
     635     671     660     661     695     668     664     652     640     655
     654     699     623     711     639     688     635     685     704     679
     653     661     699     688     651     698     724     721     702     681
     745     680     641     722     723     718     646     713     706     696
     651     735     739     673     630     723     722     714     655     699
     779     734     698     729     708     698     706     663     748     718
     659     712     743     736     659     706     694     661     687     725
     707     725     667     713     717     743     720     714     772     689
     729     685     807     752     693     702     706     768     752     734
     726     769     695     776     688     822     753     768     744     763
     730     765     747     762     717     760     757     766     741     739
     770     784     802     750     803     840     769     774     854     842
     783     799     862     820     815     790     866     908     841     869
     919     928     886     952     910     893     905     929    1000     998
    1014     995    1037    1011    1103    1003    1141    1075    1058    1112
    1168    1183    1220    1203    1249    1301    1345    1332    1454    1444
    1430    1494    1580    1576    1581    1665    1756    1778    1781    1824
    1984    2046    2102    2146    2246    2228    2353    2324    2643    2635
    2568    2732    2886    2868    2929    2997    3210    3292    3254    3194
    3506    3549    3483    3718    3825    3890    3739    3851    4104    4070
    3976    4003    4245    4194    4060    4098    4312    4180    4223    4172
    4618    4280    4030    4171    4162    4357    4000    4066    4113    3964
    3879    3793    3823    3790    3555    3700    3471    3461    3253    3338
    3216    3094    2932    2932    2912    2787    2668    2658    2525    2458
    2262    2227    2351    2134    2022    1951    1937    1929    1729    1659
    1735    1736    1553    1476    1437    1466    1305    1335    1275    1293
    1157    1223    1019    1168    1100    1064    1204    1096    1025    1119
    1065    1158    1131    1095    1259    1204    1218    1233    1332    1360
    1400    1555    1597    1683    1577    1724    1879    1932    1846    2017
    2040    2161    2083    2282    2342    2362    2332    2411    2454    2457
    2310    2339    2265    2281    2133    2138    2276    2009    2001    1897
    1852    1849    1700    1573    1543    1463    1321    1218    1195    1169
    1076    1010    1011     922     798     793     727     706     721     687
     712     693     654     668     664     639     589  324787
