$Informacoes da Fluorescencia de Raios-X:
"Sample    : GHA-959",                                                                    
"Operator  : luisf",                                                                      
"Comment  : ",                                                                            
"Group     : thiago_acra2010ma",                                                          
"Date       : 2010-06-23 17:07:32",                                                       
"",                                                                                       
"Mesurement Condition",                                                                   
"------------------------------------------------------------------------------------",   
"Instrument : 700HS2   Atmosphere : Vac.   Collimator : 10(mm)   Spin : No",              
"------------------------------------------------------------------------------------",   
"Analyte               TG kV   uA      FI Acq.(keV)  Anal.(keV)  Time(sec)     DT(%)",    
"------------------------------------------------------------------------------------",   
"Na                    Rh 50 1000-Auto Al  0 - 20    0.8 - 1.2   Live -  959   17",       
"Channel_info_start",                                                                     
"Channel : Na",                                                                           
"Points : 2048
"Range : 0.000000 - 20.480000",                                                           
"Step : 0.010000",                                                                        
"Channel_info_end",                                                                       
$DATA:
       0    2047
       0       0       0       0       0       0       0       0       0    2048
       0       0       0       0       0       0       0       0       0       0
       0       0       0       0       0       0       0       0       0       0
       0       0       0       0       0       0       0       0       6      11
      71     148     163     183     162     178     181     212     193     184
     175     179     160     182     175     188     177     194     177     225
     181     214     222     220     211     221     248     274     255     243
     277     303     244     323     274     307     278     333     280     276
     254     280     248     261     202     227     224     216     216     257
     227     245     316     413     418     497     442     480     450     478
     442     438     410     345     316     293     243     314     271     325
     346     345     373     410     407     403     412     416     350     354
     317     306     274     243     218     231     222     253     274     314
     364     364     369     377     447     431     360     460     435     410
     331     375     311     306     334     319     311     370     446     601
     741    1028    1278    1821    2053    2491    2602    2924    3068    3234
    3021    3041    2665    2510    2067    1776    1547    1224    1000     926
     840     885     999    1368    1832    2783    3701    5312    6503    8451
    9772   11736   12303   13518   13135   14061   12179   12023   10036    8966
    7090    5950    4170    3417    2444    1769    1325    1089     972     871
     788     790     702     808     722     814     809     819     738     757
     698     692     622     681     609     572     556     524     458     440
     458     466     467     478     423     461     485     546     594     674
     831    1008    1183    1579    1981    2339    2625    3124    3337    3747
    3726    4140    3853    3894    3352    3119    2822    2415    2039    1782
    1514    1295    1024    1064     920    1024     943    1021    1187    1440
    1794    2321    3127    4218    5303    7971    8582   11694   12747   15092
   16096   18111   17474   18404   16971   16634   14319   13104   10731    9236
    6889    5902    3950    3359    2448    2190    2026    1931    1796    1972
    1951    1990    1964    1926    1865    1910    1573    1525    1262    1091
     863     743     648     530     469     426     397     398     342     353
     357     357     337     389     403     429     428     391     462     429
     470     468     472     555     588     676     787     967    1202    1752
    2127    3102    3970    5329    6719    8483    9754   12013   13058   14899
   15021   16314   16000   16298   14406   14675   11859   11195    8708    7434
    5777    4737    3285    2648    1858    1558    1234    1106    1053    1063
    1261    1453    1698    2164    2530    3372    3989    5327    6562    8695
   10433   13460   15576   19234   22388   25593   27142   31084   30631   32819
   30614   31384   28310   27000   22697   20192   16897   13920   10624    8385
    5992    4655    3207    2394    1629    1288     978     885     830    1038
    1008    1345    1491    1881    2071    2539    2912    3363    3515    4061
    4003    4283    3979    4025    3857    3662    3193    2887    2434    2086
    1727    1507    1167    1029     717     610     520     448     398     376
     350     323     343     332     310     300     312     322     349     349
     364     337     391     423     468     530     653     770     889    1141
    1411    1833    2137    2751    3201    3736    4064    4763    5166    5497
    5394    5744    5516    5437    4896    4774    4214    3909    3271    2810
    2357    2039    1667    1445    1207    1153     905     848     801     739
     638     640     670     636     629     652     621     649     626     696
     809     839     848     897     933    1048    1015    1146    1243    1253
    1326    1309    1391    1410    1377    1360    1277    1257    1168    1033
    1054     936     876     847     749     747     636     665     616     608
     541     619     598     618     556     607     576     588     626     621
     574     700     613     697     661     666     643     718     608     693
     687     732     716     761     723     811     828     792     796     864
     864     896     884     910     855     926     850     826     862     784
     778     797     776     825     776     798     758     771     752     773
     771     794     709     752     732     790     773     786     755     773
     766     812     846     880     834     965     999    1076    1021    1227
    1287    1473    1492    1659    1754    1912    1854    2103    2050    2262
    2148    2250    2138    2005    1858    1862    1773    1717    1469    1474
    1368    1341    1273    1199    1125    1202    1063    1162    1185    1202
    1187    1189    1162    1272    1259    1338    1420    1605    1708    1894
    2367    3052    3670    5093    6513    8726   10770   14669   18039   23202
   27139   33793   40063   47148   51316   58833   64073   69921   70420   79345
   73478   75978   69715   69135   63298   59473   50796   46332   38530   34055
   26886   22710   17766   14358   10496    8593    6106    4976    3577    2896
    2366    1929    1588    1572    1364    1375    1217    1238    1264    1193
    1162    1250    1240    1273    1215    1251    1251    1295    1256    1283
    1325    1376    1359    1418    1430    1593    1570    1886    1931    2227
    2286    2855    3220    3685    4014    4873    5467    6282    6723    7794
    8459    9132    9161   10533   10604   10860   10369   10328    9949    9834
    8836    8443    7662    6888    5855    5117    4528    3910    3254    2869
    2401    2135    1766    1678    1570    1496    1290    1253    1152    1261
    1098    1106    1119    1171    1112    1120    1157    1179    1143    1170
    1166    1240    1187    1249    1219    1264    1196    1232    1246    1191
    1214    1251    1252    1206    1181    1186    1192    1183    1166    1210
    1119    1168    1106    1174    1128    1195    1125    1089    1213    1214
    1118    1108    1152    1159    1141    1229    1102    1217    1162    1200
    1118    1220    1103    1343    1213    1256    1175    1274    1219    1277
    1282    1377    1401    1437    1406    1441    1523    1611    1606    1750
    1711    1815    1772    1759    1708    1900    1763    1760    1705    1773
    1497    1583    1465    1465    1399    1407    1281    1262    1203    1146
    1202    1174    1071    1100    1077    1161    1074    1078    1056    1097
    1016    1095    1115    1151    1016    1047    1058    1070    1096    1125
    1096    1069    1059    1087    1109    1237    1250    1339    1445    1514
    1556    1709    1811    2094    2007    2262    2534    2658    2661    2951
    3099    3077    2980    3056    3193    3152    2869    2848    2722    2747
    2283    2273    2149    2070    1804    1697    1556    1496    1360    1359
    1253    1178    1174    1205    1152    1171    1092    1142    1146    1136
    1068    1056    1056    1143    1083    1054    1068    1127    1021    1011
    1016    1068    1044    1055    1059    1081     958     997     996    1057
    1038    1035     975     989    1004    1043     970    1101     990    1027
    1044    1063    1040    1090     942    1023     989    1057    1031    1056
     989    1004     968    1021     931     999     985     972     987    1004
    1028    1078    1054    1070    1059    1053    1059    1102    1093    1150
    1152    1147    1131    1215    1240    1196    1293    1267    1187    1239
    1239    1221    1135    1154    1159    1150    1139    1136    1047    1061
     990    1083    1081    1045    1018    1054     968     996    1029    1038
     981     941    1006     996     993    1008     927     960    1014     978
     863     918    1003     974     941     961     947     989     944     949
     963    1026     968     973     975     960     979    1028     987     982
     983    1007    1005     949     982     892     932     973     948     983
     954     950    1014     967     950     965     867     985    1001     973
     979    1036     955     994     962     958     952    1029     942    1044
    1032    1082    1003    1028    1080    1079    1081    1107    1130    1225
    1139    1132    1198    1154    1182    1221    1206    1182    1185    1173
    1155    1171    1004    1090    1150    1080    1053    1017     993    1039
    1012    1044     947     974     967     973     948     948     857     929
    1001    1011     942    1021     995    1031     918     991     985     971
     961     973     959     972     930    1004     972     991     946     917
     933     976     979     960     937     950     931     986     906     975
     911     959     932     986     936     952     968    1040     960     958
     936     982     896     981     938     995     909     929     929     954
     960     926     911     967     886     967     962     973     892     925
     968     964     925     968     892     899     892     906     954     963
     890     997     920     920     908     898     926     985     867     954
     917     948     893     944     974     959     898     985     948     989
     960    1043    1079    1040    1092    1142    1211    1192    1243    1285
    1269    1491    1379    1579    1652    1624    1664    1666    1653    1678
    1647    1718    1646    1789    1586    1581    1505    1577    1456    1477
    1346    1376    1226    1211    1130    1185    1074    1070    1007    1003
     932     888     896     953     856     916     916     906     847     861
     856     876     892     892     842     857     830     857     858     868
     897     848     841     878     792     857     829     846     889     858
     874     895     848     846     874     895     847     841     909     957
     857     877     941     982     914     960     963    1054     915     950
     959     982     942     983     973     997     887     969     978     978
     876     926     961     924     929     903     892     897     877     880
     962     899     889     890     858     917     839     851     841     833
     798     871     783     820     807     868     854     826     821     856
     857     814     788     868     792     828     776     759     815     826
     826     841     780     847     816     865     811     928     842     874
     864    1000     844     939     959     935     910     980     978     996
     943    1014    1057     967     907     969    1006     985     954     996
     942     927     892     935     893     893     910     845     861     866
     801     843     823     832     764     799     874     815     736     820
     792     772     750     775     777     720     749     735     755     799
     732     761     759     796     732     773     802     770     768     718
     707     728     754     725     793     732     743     749     798     751
     775     765     773     856     762     779     851     862     819     848
     868     909     898     883     920    1008     939    1031    1050    1056
     984    1019    1090    1018    1066    1025    1061    1039     978     974
     962     962     888    1003     920     887     815     874     864     857
     812     813     808     757     727     743     739     754     746     690
     741     776     655     746     686     756     673     600     673     706
     669     717     664     706     718     709     680     740     700     722
     661     701     656     729     739     697     745     714     740     734
     665     736     756     747     719     713     700     732     694     705
     666     718     668     677     696     709     679     687     679     695
     683     700     684     735     688     687     668     728     676     687
     727     684     701     714     713     719     711     683     682     682
     652     684     674     762     651     695     688     631     631     594
     647     648     663     670     724     677     640     653     670     695
     626     629     662     663     585     602     708     636     632     620
     620     656     645     688     606     656     591     656     645     701
     633     692     658     672     636     712     723     704     725     696
     784     770     720     760     811     757     747     739     751     789
     802     790     814     818     818     880     802     856     826     863
     818     884     794     860     739     765     738     757     733     750
     732     677     681     679     653     679     679     661     629     659
     692     623     606     645     616     601     639     621     640     604
     611     627     634     605     583     630     650     645     547     656
     592     586     578     621     597     548     613     564     610     622
     563     516     611     631     579     631     561     621     634     566
     583     587     574     595     574     605     600     616     617     589
     592     596     581     607     573     594     595     594     576     580
     639     579     588     613     611     647     552     577     629     639
     579     586     629     587     599     595     554     606     577     613
     597     577     569     573     551     581     548     579     558     597
     574     613     570     620     576     570     552     594     561     580
     542     556     568     567     595     601     534     587     551     604
     551     533     577     573     595     587     577     555     563     548
     557     554     542     574     568     600     579     556     627     567
     554     574     586     604     547     600     604     601     575     594
     626     624     558     626     574     589     616     577     598     627
     637     589     592     580     586     675     572     621     585     606
     637     597     604     622     583     647     591     612     624     626
     567     581     624     626     565     607     597     650     606     612
     576     631     561     607     655     624     565     596     610     640
     562     577     722     594     610     613     647     622     589     638
     636     644     619     606     608     664     611     666     643     645
     575     660     607     611     642     642     675     632     656     672
     673     694     711     718     729     717     653     633     684     696
     664     749     728     722     715     693     756     744     693     751
     739     855     770     773     814     765     758     809     908     874
     873     847     909     924     886     941     971     933     932     999
    1043    1031    1053    1095    1091    1125    1149    1184    1171    1257
    1202    1269    1292    1414    1397    1413    1513    1550    1570    1578
    1729    1730    1752    1834    1857    1981    1876    2040    2266    2307
    2217    2274    2393    2507    2467    2657    2716    2900    2783    2839
    3013    3024    3077    3047    3214    3273    3194    3338    3407    3575
    3316    3332    3581    3642    3545    3505    3504    3615    3581    3484
    3971    3868    3423    3466    3631    3577    3366    3404    3398    3430
    3238    3234    3216    3232    3063    3136    2989    2901    2818    2798
    2777    2694    2495    2478    2469    2436    2136    2232    2144    2114
    1954    1875    1912    1787    1719    1640    1588    1600    1449    1443
    1442    1365    1228    1266    1238    1159    1130    1155    1061    1054
    1013     984     984     930     955     992     884    1000     957     910
     936     996     950     905    1090    1075    1026    1075    1122    1133
    1142    1199    1381    1455    1446    1523    1545    1602    1625    1769
    1784    1803    1843    1950    2000    1974    2005    2019    2123    1997
    2037    2043    1976    1979    1854    1699    1910    1784    1599    1651
    1630    1573    1326    1330    1266    1159    1053    1049    1082     943
     839     867     798     737     656     652     660     618     525     557
     569     585     478     500     493     537     470  274526
