$Informacoes da Fluorescencia de Raios-X:
"Sample    : GHA-947",                                                                    
"Operator  : luisf",                                                                      
"Comment  : ",                                                                            
"Group     : thiago_acra2010ma",                                                          
"Date       : 2010-06-23 12:45:01",                                                       
"",                                                                                       
"Mesurement Condition",                                                                   
"------------------------------------------------------------------------------------",   
"Instrument : 700HS2   Atmosphere : Vac.   Collimator : 10(mm)   Spin : No",              
"------------------------------------------------------------------------------------",   
"Analyte               TG kV   uA      FI Acq.(keV)  Anal.(keV)  Time(sec)     DT(%)",    
"------------------------------------------------------------------------------------",   
"Na                    Rh 50  849-Auto Al  0 - 20    0.8 - 1.2   Live -  959   20",       
"Channel_info_start",                                                                     
"Channel : Na",                                                                           
"Points : 2048
"Range : 0.000000 - 20.480000",                                                           
"Step : 0.010000",                                                                        
"Channel_info_end",                                                                       
$DATA:
       0    2047
       0       0       0       0       0       0       0       0       0    2048
       0       0       0       0       0       0       0       0       0       0
       0       0       0       0       0       0       0       0       0       0
       0       0       0       0       0       0       0       1       1      10
      89     200     168     214     179     213     197     226     172     184
     194     205     186     202     204     203     194     214     202     223
     229     236     238     283     257     265     256     291     231     297
     258     259     258     302     244     303     284     283     280     280
     262     285     273     265     248     233     236     226     194     258
     218     302     303     319     361     411     366     391     390     381
     404     364     319     320     267     285     267     271     232     253
     292     331     319     339     342     366     324     312     293     291
     254     247     282     267     247     234     234     286     292     342
     345     354     414     452     483     439     448     503     407     447
     390     408     374     392     347     370     383     498     615     804
    1116    1546    1953    2724    3114    3803    4218    4732    4914    5003
    4618    4667    4070    3660    3008    2579    2117    1749    1332    1203
    1124    1214    1455    2017    2778    4177    5598    8093   10407   13630
   15560   18483   19704   21626   20813   21784   19267   18526   15432   13288
   10508    8577    6014    4698    3437    2576    1819    1428    1192    1036
     968     959     938     903     872     917     901     955     847     892
     824     812     744     736     680     641     529     578     461     459
     445     453     412     411     453     494     520     534     580     716
     781    1077    1186    1570    1869    2383    2575    3097    3374    3743
    3711    3916    3859    3718    3369    2985    2625    2244    1929    1620
    1261    1180     988     895     801     829     780     894     980    1186
    1333    1783    2321    3195    3948    5617    6459    8243    9213   11147
   11775   13078   12840   13498   12419   12066   10244    9115    7730    6520
    4889    4117    2888    2391    1813    1626    1447    1468    1458    1512
    1510    1616    1422    1574    1431    1406    1285    1098    1010     900
     655     572     546     537     468     456     423     449     411     458
     375     377     450     467     395     443     447     498     495     497
     507     506     564     632     611     789     851    1024    1323    1894
    2405    3285    4181    5702    6998    9275   10464   13232   14077   16313
   16330   17538   17365   17306   15751   15488   12707   11541    9000    7790
    5895    4715    3333    2623    1903    1489    1186    1196    1053    1242
    1311    1620    1964    2484    2880    3829    4790    6304    7780   10601
   13077   17128   19881   24448   28095   32760   34712   39668   39756   42769
   39948   39844   36527   34213   28718   25756   21032   17334   12641   10053
    7399    5438    3656    2609    1812    1446    1021    1033    1016    1070
    1218    1551    1853    2382    2645    3161    3674    4233    4544    5294
    5299    5546    5239    5206    4958    4682    4072    3713    3115    2710
    2058    1691    1404    1150     877     713     615     502     384     408
     364     348     333     367     349     358     372     369     343     407
     397     446     409     495     520     667     798    1016    1245    1629
    2044    2800    3239    4125    4800    5824    6417    7445    7928    8729
    8244    8961    8593    8526    7695    7519    6459    5988    4747    4179
    3457    3062    2290    2121    1656    1446    1217    1133     979     985
     837     824     784     781     672     714     670     790     761     819
     870     953     955    1214    1188    1347    1402    1467    1592    1745
    1763    1892    1921    1847    1870    1839    1757    1707    1617    1468
    1351    1272    1046    1056     920     863     740     736     697     724
     698     738     624     638     647     682     704     743     708     787
     758     687     703     807     686     778     777     796     751     836
     779     870     890     894     881     915     940    1035     947     990
    1095    1075     970    1037    1003    1071     989     979     958     956
     883     854     879     854     809     812     838     846     779     848
     866     845     827     839     842     837     833     873     879     924
     827     868     940     986     941    1102    1063    1259    1261    1495
    1616    1713    1869    2082    2200    2410    2478    2600    2655    2695
    2539    2821    2619    2627    2355    2351    2249    2067    1848    1728
    1681    1513    1456    1343    1338    1330    1239    1290    1241    1333
    1269    1321    1330    1433    1458    1615    1754    1949    2024    2634
    3251    4127    5156    7307    9315   12893   16152   21696   27424   35350
   42146   52023   62151   73310   79011   91319   99324  109471  109586  122170
  113982  117815  106803  105792   96197   90460   76129   69747   58438   50492
   39016   32476   25675   20455   14951   11938    8424    6684    4690    3704
    2710    2416    1853    1685    1555    1513    1344    1405    1356    1263
    1270    1305    1306    1330    1195    1332    1272    1415    1306    1397
    1401    1467    1509    1607    1750    1830    1832    2144    2332    2832
    3079    3752    4308    5078    5804    6923    7914    9257    9873   11555
   12329   13801   14095   15242   16110   16209   15273   15704   14669   14391
   12790   12063   10760    9929    8120    7245    6125    5412    4246    3776
    3030    2617    2118    1848    1564    1530    1341    1301    1257    1238
    1153    1160    1217    1158    1146    1171    1207    1231    1171    1145
    1205    1276    1163    1224    1245    1248    1240    1259    1183    1239
    1160    1323    1188    1251    1178    1174    1156    1225    1114    1201
    1263    1131    1161    1156    1118    1212    1101    1218    1216    1205
    1089    1129    1082    1173    1145    1183    1120    1322    1140    1245
    1205    1230    1160    1292    1276    1341    1188    1357    1294    1367
    1250    1455    1433    1493    1489    1538    1603    1611    1654    1759
    1744    1869    1775    1888    1826    1923    1721    1841    1733    1766
    1495    1619    1428    1510    1347    1430    1280    1214    1223    1244
    1125    1242    1125    1132    1146    1084    1039    1116    1180    1105
    1011    1134    1083    1089    1111    1056    1124    1113    1044    1107
    1107    1153    1016    1173    1129    1201    1204    1323    1332    1423
    1456    1606    1718    1866    1926    2106    2331    2495    2480    2563
    2704    2757    2699    2718    2786    2813    2587    2476    2529    2388
    2107    2094    1911    1897    1575    1575    1533    1367    1278    1292
    1257    1230    1133    1196    1174    1214    1031    1135    1179    1169
    1129    1150    1116    1196    1051    1136    1156    1122    1043    1052
    1034    1090    1011    1088    1031    1106    1051    1042    1108    1064
    1015    1090    1001    1114    1019    1097    1086    1100    1097    1027
    1055    1043    1028    1116    1025    1097    1008    1052    1049    1000
     995    1012    1019    1075     968    1019    1064    1073     988     998
    1060    1091     968    1107    1096    1140    1040    1057    1087    1156
    1113    1118    1164    1214    1171    1316    1260    1226    1199    1179
    1297    1207    1171    1162    1172    1198    1147    1083    1118    1091
    1008    1029    1070    1110    1026    1027     974    1037    1000    1006
    1026     991    1011     982     952    1016     989     993    1035     977
     883     947    1083    1009     964     968     986    1022     958    1001
     950    1043     999    1037    1034    1052    1018     995    1022    1072
    1037    1002    1052    1028     968    1054    1107    1021     956    1019
     953    1046     970     928     992     994     972    1044     957     993
    1013    1039     979     991    1006     971     994    1055    1009    1187
    1064    1099    1058    1060    1061    1064    1123    1132    1084    1182
    1145    1199    1196    1221    1115    1147    1154    1241    1134    1196
    1196    1235    1102    1137    1039    1079    1030    1067    1054    1065
    1022    1063    1064    1027     950    1021    1002    1017     986     990
    1035    1019     985     962    1035     972    1009    1097     979    1019
     968    1006     984    1026     944     976     956     980     856     999
     928     961     919     928     999     956     944    1021     957     979
     933    1002     966     998     863     948     963    1051     973     952
     938     940     939     965     948     984     919    1004     984    1015
     944    1009     967     957     918     985     953     956     911     988
     994     935     883     963     930     896     900     917    1001     975
     856     972     930     908     883     940     911     949     900     909
     939     938     937     935     928     957     910    1035     968    1067
     961     980     977    1031    1000    1036    1109    1170    1180    1203
    1260    1387    1303    1413    1402    1519    1384    1448    1459    1497
    1447    1494    1495    1538    1442    1462    1399    1424    1311    1306
    1265    1160    1156    1208    1100    1110     993    1044    1037     926
     875     915     946     933     829     926     884     887     845     921
     881     899     869     849     858     882     810     895     867     922
     856     894     831     883     858     876     901     861     890     834
     829     919     795     838     847     899     887     847     970     954
     955     887     971    1008     937     943     891     954     961     959
     915     970     957    1029     992     922     959     983     961     977
     876     955    1047     965     941     980     931     914     955     968
    1025     976     859     940     931     924     863     834     888     957
     819     878     910     878     858     887     807     926     859     845
     830     850     799     813     820     836     774     840     842     815
     850     795     813     885     849     838     821     845     906     909
     866     892     928     964     918     947     935     956     976     972
     939    1012    1016    1037     980    1019    1006    1000     975    1002
    1008    1002     946     973     938     922     872     920     865     890
     861     832     857     873     772     859     870     829     785     794
     770     781     784     780     750     741     756     790     798     778
     726     705     742     714     731     735     797     804     723     747
     741     748     749     740     787     778     749     741     750     802
     772     751     819     819     846     743     842     884     881     886
     929     922     810     929     961    1003    1022    1000    1073    1141
    1075    1047    1042    1082    1089    1101    1122    1090    1040     972
     986    1034    1025     995     953     943     867     856     868     879
     774     793     794     854     700     736     721     743     738     715
     777     742     661     675     708     720     665     716     727     757
     662     681     740     784     704     736     680     785     704     707
     716     722     703     735     697     686     724     664     731     688
     695     645     748     709     745     712     715     702     687     709
     734     732     704     735     742     768     704     752     718     750
     690     762     713     754     689     744     722     788     736     770
     689     694     671     678     774     715     688     709     682     691
     682     721     706     678     676     647     673     644     631     673
     659     654     623     638     705     672     611     670     703     655
     646     636     635     658     663     625     661     638     659     677
     652     642     642     679     633     660     609     619     685     670
     644     711     735     696     684     761     720     720     711     758
     747     783     740     766     765     848     783     830     901     873
     798     864     899     914     899     893     958     863     828     861
     894     861     797     845     801     885     823     751     769     751
     753     742     681     699     656     651     707     678     625     651
     670     679     634     619     631     571     586     571     623     632
     654     685     617     635     583     591     597     649     587     592
     600     635     625     649     617     633     561     586     609     644
     578     590     653     631     565     638     586     547     572     620
     606     650     618     662     629     611     596     633     593     658
     647     580     631     607     521     626     604     631     566     628
     586     597     620     595     592     579     619     597     634     596
     599     600     628     588     618     586     622     645     583     618
     571     593     553     562     555     605     578     559     557     570
     548     552     573     563     559     537     640     591     571     548
     561     586     551     566     524     618     556     590     569     581
     519     640     580     569     574     598     568     611     557     560
     610     563     568     581     588     543     512     570     597     574
     572     596     600     561     592     597     581     627     556     578
     590     604     570     579     614     660     629     590     644     564
     559     649     598     633     599     587     608     611     596     625
     646     624     616     616     646     608     581     622     593     616
     629     628     610     619     556     587     593     641     609     562
     624     636     628     663     616     589     620     608     595     624
     615     545     694     627     631     617     628     595     577     601
     676     610     604     618     650     624     602     641     632     698
     617     619     682     644     678     659     723     638     661     588
     662     672     675     668     716     673     676     680     706     680
     679     677     686     732     700     748     730     756     715     754
     805     738     759     788     777     804     794     837     856     896
     846     881     878     866     877     879     962     902     932     962
     890    1017    1031    1075    1098    1106    1026    1144    1232    1230
    1173    1210    1284    1338    1343    1396    1474    1472    1551    1571
    1623    1728    1662    1795    1950    1991    1978    1904    2228    2197
    2261    2231    2453    2424    2341    2599    2680    2777    2712    2825
    3003    2921    2928    3157    3215    3243    3098    3259    3357    3323
    3311    3370    3499    3531    3406    3593    3547    3652    3459    3447
    3904    3628    3425    3461    3555    3464    3306    3243    3402    3305
    3142    3195    3195    3199    2998    2973    2936    2987    2683    2784
    2686    2753    2444    2462    2495    2223    2230    2120    2088    2033
    1962    1880    1976    1851    1671    1660    1636    1560    1358    1396
    1455    1405    1259    1226    1195    1205     975    1091    1080    1117
    1043    1096    1012    1034     914     863     965     972     874     888
     952     970     913     931    1084    1038    1035    1125    1159    1235
    1244    1259    1357    1432    1411    1510    1644    1655    1651    1840
    1840    1840    1900    1978    1888    2024    2044    2101    2198    2177
    2027    1983    2074    2130    1959    1807    1975    1843    1681    1631
    1671    1593    1390    1365    1249    1240    1123    1051    1084     946
     865     798     832     846     698     676     661     711     581     595
     566     535     538     525     526     506     535  274326
