$Informacoes da Fluorescencia de Raios-X:
"Sample    : GHA-995",                                                                    
"Operator  : luisf",                                                                      
"Comment  : ",                                                                            
"Group     : thiago_acra2010ma",                                                          
"Date       : 2010-06-24 07:30:43",                                                       
"",                                                                                       
"Mesurement Condition",                                                                   
"------------------------------------------------------------------------------------",   
"Instrument : 700HS2   Atmosphere : Vac.   Collimator : 10(mm)   Spin : No",              
"------------------------------------------------------------------------------------",   
"Analyte               TG kV   uA      FI Acq.(keV)  Anal.(keV)  Time(sec)     DT(%)",    
"------------------------------------------------------------------------------------",   
"Na                    Rh 50 1000-Auto Al  0 - 20    0.8 - 1.2   Live -  959   14",       
"Channel_info_start",                                                                     
"Channel : Na",                                                                           
"Points : 2048
"Range : 0.000000 - 20.480000",                                                           
"Step : 0.010000",                                                                        
"Channel_info_end",                                                                       
$DATA:
       0    2047
       0       0       0       0       0       0       0       0       0    2048
       0       0       0       0       0       0       0       0       0       0
       0       0       0       0       0       0       0       0       0       0
       0       0       0       0       0       0       1       3       0       9
      69     166     151     177     173     170     171     177     188     171
     161     158     156     176     148     177     162     165     196     170
     175     189     192     249     198     227     254     237     227     240
     242     304     235     276     307     316     281     336     303     356
     269     246     203     223     242     205     195     189     217     180
     203     205     219     241     235     316     266     275     287     299
     263     284     256     257     235     243     214     217     229     227
     233     252     269     287     277     279     265     250     268     262
     235     224     208     177     176     203     160     213     186     212
     223     240     225     265     253     263     286     304     253     267
     232     266     216     218     230     236     210     280     294     351
     442     603     731     951    1070    1420    1490    1606    1651    1768
    1617    1615    1467    1405    1137    1058     884     746     644     551
     483     575     581     758    1022    1446    1851    2650    3303    4212
    4932    6025    6277    6879    6535    7147    6449    5988    5082    4664
    3651    2977    2234    1725    1282    1030     710     650     523     509
     454     432     446     469     417     471     459     471     459     469
     466     446     416     405     406     407     342     336     303     333
     281     292     285     342     309     345     374     391     416     525
     594     760     913    1211    1495    1835    1963    2525    2724    3095
    3028    3312    3116    3146    2676    2567    2178    1905    1521    1373
    1018     918     761     656     601     621     591     683     679     822
     940    1209    1581    2162    2510    3731    4149    5485    5912    7357
    7783    8507    8503    8909    8285    7884    6910    6338    5203    4467
    3456    2970    2023    1707    1278    1136     960     968     932    1029
     976    1102    1072    1097     992     988     869     779     680     683
     507     469     402     394     311     311     291     282     277     279
     255     248     251     276     254     268     293     284     284     345
     316     348     347     345     342     441     471     645     789    1145
    1412    2049    2576    3584    4293    5601    6380    8107    8819   10109
   10162   11005   10791   10952    9886    9854    8195    7502    5952    5015
    3785    3133    2250    1770    1272    1016     789     713     656     698
     711     886    1067    1247    1447    1901    2291    2862    3292    4427
    5226    6733    7464    9377   10420   12337   12715   14930   14446   15477
   14499   15113   13443   12995   10571    9712    8238    6819    5058    4218
    2942    2277    1508    1163     866     682     569     590     545     580
     551     685     851     995    1123    1316    1511    1711    1736    2006
    1952    2081    1974    2090    2001    1927    1607    1515    1337    1142
     931     821     683     631     474     453     363     396     323     323
     303     318     334     342     337     355     310     352     319     317
     356     358     390     362     423     426     470     616     599     748
     882    1179    1308    1606    1837    2189    2336    2650    2933    3122
    3197    3282    3126    3237    2804    2758    2544    2359    2047    1771
    1531    1315    1151    1074     880     806     697     693     630     660
     570     620     552     612     522     554     577     629     557     629
     641     665     678     722     719     749     859     878     859     917
     926     984    1014    1002     933     976     957     915     911     854
     829     785     643     665     616     652     535     598     563     579
     507     589     533     565     563     588     553     603     603     593
     559     608     571     618     583     696     596     693     666     715
     631     653     619     757     712     752     731     838     818     808
     802     812     799     871     808     827     774     755     771     812
     787     766     815     748     797     801     768     752     763     780
     816     779     766     743     759     789     743     794     804     832
     785     773     838     797     841     880     893     942     931    1008
    1101    1218    1138    1279    1352    1415    1432    1506    1516    1596
    1474    1724    1511    1596    1512    1507    1409    1351    1155    1265
    1176    1133    1079    1044    1065    1072    1027    1086    1046    1078
    1044    1142    1107    1171    1099    1259    1243    1450    1347    1713
    1881    2327    2686    3589    4405    6128    7274    9690   11900   15369
   17929   22230   26494   31094   34341   39027   42363   46893   46696   53074
   49468   51417   46779   46774   42443   39869   34144   31608   26619   23577
   18279   15651   12282   10179    7589    6319    4603    3719    2744    2351
    1979    1770    1517    1446    1343    1399    1225    1288    1302    1258
    1193    1262    1249    1306    1238    1276    1248    1337    1280    1400
    1295    1392    1303    1325    1402    1536    1424    1672    1704    1864
    2039    2248    2544    2841    3136    3769    4068    4722    4928    5502
    5946    6526    6470    7252    7512    7621    7170    7538    7250    6993
    6337    5981    5354    5102    4380    3860    3473    3142    2625    2543
    2115    1944    1701    1637    1542    1335    1342    1336    1263    1249
    1269    1244    1167    1226    1178    1240    1255    1187    1211    1257
    1348    1295    1255    1322    1286    1315    1288    1348    1295    1300
    1242    1310    1271    1313    1258    1268    1270    1256    1262    1290
    1292    1305    1294    1258    1248    1293    1239    1298    1248    1266
    1205    1208    1260    1243    1219    1353    1295    1316    1205    1311
    1265    1339    1214    1339    1296    1319    1280    1373    1298    1439
    1318    1434    1471    1556    1457    1537    1603    1739    1644    1743
    1801    1863    1850    1871    1830    1887    1765    1820    1723    1661
    1593    1556    1519    1516    1380    1524    1329    1387    1268    1290
    1285    1178    1132    1155    1168    1205    1134    1205    1179    1164
    1158    1159    1198    1179    1194    1183    1129    1183    1097    1102
    1155    1195    1124    1204    1177    1217    1163    1326    1261    1330
    1374    1469    1526    1602    1658    1810    1842    2016    1949    2105
    2176    2166    2159    2242    2350    2308    2103    2117    2029    2068
    1833    1796    1676    1716    1541    1497    1378    1418    1272    1268
    1233    1223    1142    1205    1200    1166    1133    1085    1216    1155
    1101    1162    1162    1196    1126    1145    1212    1164    1068    1114
    1111    1154    1039    1080    1114    1114     968    1123    1076    1110
    1053    1125    1060    1128    1016    1138    1009    1086    1057    1092
    1108    1154    1072    1041    1118    1111    1113    1120    1122    1106
     948    1052    1046    1100    1065    1134    1088    1111    1030    1036
    1024    1013    1036    1080    1049    1168    1060    1096    1138    1142
    1097    1193    1215    1162    1149    1180    1133    1205    1180    1150
    1227    1175    1101    1101    1153    1177    1070    1113    1084    1138
    1053    1068    1030    1019    1079    1096    1073    1123     987    1020
    1012    1042    1055    1067    1011    1041    1024    1082     987    1046
    1004    1040    1047    1093     950    1042     951     988    1055    1015
     997    1091    1036    1081    1011    1089     980    1078    1064    1026
     979    1017    1027    1128    1051    1031    1008    1057    1002    1054
    1051    1047     972    1026    1032    1057     921    1036     992    1080
    1006    1019    1076    1128    1007    1049    1065    1052    1024    1155
    1079    1104    1048    1115    1098    1106    1114    1186    1158    1113
    1116    1195    1129    1134    1255    1259    1098    1125    1217    1255
    1131    1193    1072    1114    1099    1062    1100    1073    1033    1147
     986    1094    1038    1100     994    1062    1007    1060    1042    1028
    1008    1086     944    1057    1060    1081    1003    1059    1040    1084
    1085    1114    1044    1082    1024    1082    1064    1027    1068    1003
    1017    1068     985    1058    1013    1046     936    1001    1066    1029
     967    1033    1070    1104    1025    1088    1068    1069    1009    1080
    1082    1064    1027    1015     984    1089    1059    1065    1058    1076
    1007    1021     968    1092    1027    1100    1091    1017     982    1012
     977     999     946    1025    1048    1086    1051    1000     958    1014
     948    1025    1040     978     936     966     959     991     929    1002
     959    1080    1082    1080    1011    1036    1036    1036     988    1001
    1062    1049    1099    1058    1065    1135    1150    1127    1114    1106
    1105    1223    1124    1207    1217    1202    1253    1187    1274    1260
    1192    1303    1255    1313    1205    1266    1229    1232    1078    1205
    1087    1123    1136    1036    1038    1093     954    1017    1042     997
     937    1021     967     925     945     936     948     987     965     966
     906     924     891     958     895     949     922     984     892     953
     924     957     980     957     908    1004     934     929     959     929
     938     963     937     945     897    1030     958     919     942     941
     953    1008    1011     974     958     951     977    1008     894    1013
     991    1009     992    1038    1038     976     960     997     957     949
     963     929     998     960     938     953    1016     952     907     919
     904    1017     896     928     901     907     918     940     915     936
     915     914     853     911     888     929     891     939     898     912
     928     939     873     869     881     931     898     831     870     946
     893     867     888     896     867     882     923     908     920     910
     910     953     895     891     948     934     936     985     883     911
     915     902     984     959     928     919    1038     952     900     947
     912     968     892     964     958     880     846     937     873     909
     851     906     883     938     840     882     881     859     884     827
     811     894     826     860     842     886     789     887     878     856
     802     817     877     820     840     856     902     857     793     838
     857     879     786     770     832     824     852     895     837     853
     777     888     840     807     805     859     829     908     873     862
     894     900     829     865     848     931     895     906     976     975
     929     990     906     923     934     974     913     946     931     961
     924     991     851     891     885     871     837     850     838     891
     772     842     840     807     808     895     770     807     744     812
     792     806     761     743     790     812     719     804     762     776
     775     789     747     764     768     785     827     789     764     788
     748     797     724     783     822     781     768     737     753     795
     731     680     817     799     752     799     730     786     766     784
     784     807     723     766     757     737     773     819     737     817
     755     751     844     697     725     727     766     790     745     763
     763     806     752     707     734     815     779     694     722     773
     714     740     696     760     780     724     710     695     706     730
     767     730     706     692     736     780     657     750     683     748
     746     737     685     740     693     651     787     726     674     709
     732     686     700     733     711     800     659     666     768     715
     637     777     733     740     731     717     748     722     676     728
     744     785     741     725     787     781     711     799     764     794
     736     843     766     815     776     808     787     815     799     740
     799     768     767     779     759     805     783     766     720     807
     701     687     728     724     753     691     731     713     686     690
     733     652     672     717     698     725     686     679     712     694
     667     666     700     677     636     668     632     746     668     701
     617     673     658     660     686     668     627     671     645     671
     652     615     712     730     652     624     615     699     687     683
     673     661     614     693     676     732     633     610     682     717
     634     646     631     671     656     667     681     682     646     706
     691     667     663     665     733     652     657     699     626     634
     651     604     670     653     594     676     659     734     639     723
     633     642     644     651     661     643     639     612     673     674
     656     625     617     647     583     641     673     586     682     628
     638     651     608     624     688     669     633     608     648     676
     638     642     615     613     624     684     601     655     619     663
     647     634     597     683     656     670     659     629     630     654
     575     696     623     621     627     665     659     628     624     657
     626     647     647     688     634     656     700     620     647     666
     653     654     658     605     629     676     688     720     650     580
     685     684     599     644     673     625     631     658     666     668
     617     668     664     703     669     688     726     703     648     679
     663     652     668     758     719     668     674     670     714     673
     706     653     766     645     642     638     764     723     654     710
     671     722     721     700     704     711     657     755     781     740
     760     701     720     708     730     670     711     778     723     736
     735     791     714     727     749     763     763     770     759     792
     747     856     797     830     842     761     847     882     808     856
     820     922     819     898     874     919     925     870     920     960
     870     950    1020    1019     981     974    1079    1094    1074    1125
    1047    1029    1154    1128    1169    1233    1222    1288    1247    1315
    1356    1462    1487    1610    1564    1620    1671    1724    1750    1840
    1882    1938    1920    2034    2257    2286    2199    2166    2472    2503
    2516    2605    2739    2893    2798    2879    2996    3159    3119    3194
    3236    3426    3411    3447    3744    3664    3700    3745    3920    3896
    3837    3910    4124    4179    4001    4051    4208    4160    4080    3960
    4424    4239    4063    4089    4099    4002    3972    3991    3920    3931
    3781    3794    3721    3700    3408    3660    3477    3414    3280    3187
    3148    3082    2939    2872    2844    2825    2659    2618    2479    2460
    2233    2163    2269    2117    2028    1998    1925    1830    1699    1678
    1645    1636    1460    1461    1372    1420    1306    1265    1256    1250
    1152    1108    1167    1067    1069    1041    1078    1057     992    1028
    1055    1086    1055    1020    1191    1132    1187    1229    1258    1252
    1270    1402    1497    1610    1579    1662    1737    1788    1834    1972
    2008    2104    1955    2038    2183    2191    2072    2215    2373    2251
    2070    2148    2258    2191    1941    1947    2073    1999    1743    1704
    1592    1582    1529    1399    1341    1320    1190    1053    1035    1039
     955     966     813     846     743     744     709     712     654     632
     696     615     564     576     615     601     564  309309
