$Informacoes da Fluorescencia de Raios-X:
"Sample    : GHA-983",                                                                    
"Operator  : luisf",                                                                      
"Comment  : ",                                                                            
"Group     : thiago_acra2010ma",                                                          
"Date       : 2010-06-24 03:17:12",                                                       
"",                                                                                       
"Mesurement Condition",                                                                   
"------------------------------------------------------------------------------------",   
"Instrument : 700HS2   Atmosphere : Vac.   Collimator : 10(mm)   Spin : No",              
"------------------------------------------------------------------------------------",   
"Analyte               TG kV   uA      FI Acq.(keV)  Anal.(keV)  Time(sec)     DT(%)",    
"------------------------------------------------------------------------------------",   
"Na                    Rh 50 1000-Auto Al  0 - 20    0.8 - 1.2   Live -  959    8",       
"Channel_info_start",                                                                     
"Channel : Na",                                                                           
"Points : 2048
"Range : 0.000000 - 20.480000",                                                           
"Step : 0.010000",                                                                        
"Channel_info_end",                                                                       
$DATA:
       0    2047
       0       0       0       0       0       0       0       0       0    2048
       0       0       0       0       0       0       0       0       0       0
       0       0       0       0       0       0       0       0       0       0
       0       0       0       0       0       0       0       0       3       3
      33     119      88      94      99     106      82     107     102     114
      87     101      99      82     124     106      89     106     131     131
     112     122     139     144     119     127     142     171     160     150
     189     175     182     237     218     224     196     225     202     198
     199     187     185     166     125     139     115     118     117     136
     111     127     123     167     144     140     122     141     157     161
     158     131     144     137     125     136     129     150     116     148
     129     185     141     182     171     168     168     146     139     138
     143     135     121     137     125     120     101     135     112     116
     135     157     113     162     163     167     155     174     154     161
     146     135     133     136     119     157     122     143     176     175
     196     287     314     393     427     550     560     663     694     715
     668     678     637     604     514     456     386     360     339     333
     237     277     268     376     428     603     746     942    1232    1541
    1764    2114    2293    2496    2308    2545    2265    2261    1888    1752
    1404    1170     869     692     507     420     364     331     265     242
     223     213     207     218     186     200     202     207     234     209
     210     225     222     228     207     198     177     178     193     213
     183     196     175     178     179     182     201     255     239     272
     367     495     588     774     983    1129    1353    1662    1820    1958
    2079    2184    2106    2093    1889    1727    1535    1348    1098     984
     743     633     545     471     392     416     364     418     384     439
     428     551     651     853     998    1474    1569    2008    2271    2700
    2870    3273    3053    3237    3069    2997    2627    2375    2050    1758
    1412    1138     844     707     540     466     414     429     394     459
     446     477     403     436     400     412     392     364     326     293
     253     215     218     202     169     218     167     153     151     145
     161     127     141     185     153     173     181     165     166     170
     178     194     187     214     207     255     306     359     444     619
     833    1199    1456    2016    2499    3330    3625    4713    5155    5934
    5912    6498    6401    6443    5923    5750    4814    4520    3545    3023
    2294    1989    1345    1093     810     575     454     411     337     365
     385     438     534     631     729     906    1023    1236    1357    1683
    1912    2255    2486    2849    3099    3496    3666    4272    4043    4259
    3919    4115    3739    3542    2982    2754    2387    1948    1444    1217
     879     744     531     482     318     320     248     245     255     259
     274     302     310     397     411     424     479     578     585     674
     663     653     626     627     605     603     493     510     452     415
     374     346     282     280     239     261     236     211     230     193
     199     213     207     231     208     197     201     222     223     235
     216     210     230     247     225     271     278     338     320     326
     380     490     540     621     744     780     855    1002    1127    1180
    1195    1278    1171    1155    1154    1066    1011     862     760     744
     685     611     493     482     439     413     381     384     342     361
     377     372     333     349     311     379     314     332     311     373
     363     380     343     379     401     431     436     433     458     478
     459     516     499     526     504     517     490     513     407     456
     469     430     403     369     412     387     388     350     373     384
     315     401     312     365     332     367     334     376     380     373
     382     370     379     415     358     424     394     401     397     433
     403     445     444     456     484     456     435     516     455     564
     499     540     541     547     516     544     529     540     528     514
     506     493     500     509     476     504     478     498     516     535
     492     485     540     520     538     584     519     516     503     550
     485     525     592     576     560     609     568     611     607     652
     715     717     751     808     833     858     873     925     912     964
     917    1004     864     985     918     900     851     861     805     803
     780     783     686     723     684     676     695     678     703     670
     673     690     726     704     697     699     694     779     785     909
     911     991    1174    1358    1659    2117    2414    3222    3728    4687
    5340    6655    7717    9100    9783   11436   12236   13298   13478   15295
   14322   14706   13649   13706   12553   11861   10265    9517    8167    7394
    5704    4912    4042    3460    2671    2427    1796    1625    1288    1128
    1048     971     851     927     834     854     825     828     806     875
     779     807     828     847     842     844     877     857     843     950
     896     879     867     845     899     899     946     964     947    1036
    1028    1075    1195    1272    1441    1502    1618    1698    1810    2073
    2210    2329    2380    2584    2544    2677    2472    2522    2498    2493
    2287    2233    2097    2061    1762    1636    1447    1439    1300    1216
    1028    1079     943    1024     949     913     911     854     888     925
     856     859     879     849     848     877     892     875     872     894
     927     914     877     928     878     946     890     861     891     905
     846     932     869     888     908     894     882     861     867     907
     888     896     921     865     905     861     862     862     864     942
     869     876     886     906     863     894     894     943     859     846
     855     932     873     906     916     937     897     950     932    1006
     966     973    1034    1085    1015    1140    1105    1228    1147    1241
    1265    1306    1147    1283    1266    1334    1213    1228    1229    1239
    1099    1077    1129    1086    1002    1000     932     954     872     904
     823     882     845     818     824     800     794     821     796     867
     752     811     815     764     745     803     810     810     797     806
     757     852     811     853     848     900     929     981    1020    1084
    1162    1227    1368    1537    1493    1648    1841    2050    1993    2174
    2252    2276    2274    2363    2381    2370    2249    2176    2139    1968
    1780    1707    1639    1608    1345    1251    1195    1114    1057    1036
     948     888     842     904     920     803     809     876     765     807
     781     795     790     846     766     831     849     811     748     783
     725     857     687     787     720     817     727     774     782     789
     691     777     740     717     745     821     781     727     770     756
     702     739     720     746     805     739     729     829     755     779
     732     795     757     755     703     771     727     756     704     690
     779     858     761     703     787     857     793     849     851     855
     821     927     919     948     878     932     940     954     873     867
     966     997     851     847     837     890     819     857     838     807
     787     803     767     735     684     784     668     729     717     728
     741     728     705     704     716     756     627     722     707     751
     656     713     711     749     674     732     723     759     686     679
     717     742     696     721     689     714     686     757     767     747
     704     694     705     723     667     732     720     759     640     711
     733     750     700     762     736     750     716     729     735     705
     716     734     752     761     751     756     750     812     737     793
     827     830     791     865     853     859     902     966     937     940
     950     976     999     958     923     984     951     980     931     956
     927     891     858     888     856     906     821     790     817     871
     742     799     815     743     677     762     747     777     779     758
     708     731     671     726     671     748     636     719     755     735
     763     711     668     716     694     719     732     746     695     741
     726     724     695     769     715     726     737     686     767     768
     722     680     734     768     702     720     717     759     737     731
     781     750     670     712     714     752     677     723     741     724
     710     678     735     749     701     713     688     726     693     752
     700     704     700     728     763     702     708     728     740     711
     666     729     715     723     729     779     688     714     683     719
     736     708     709     764     709     801     686     732     708     789
     700     775     734     814     770     764     852     822     769     842
     961     896     942     965     934    1059    1014    1051    1019    1048
     998    1087    1032    1075     976     961     977    1051     942     888
     868     919     813     859     805     859     752     775     741     708
     656     661     698     711     624     677     689     696     690     677
     725     681     659     700     638     652     652     686     640     653
     665     671     652     661     643     662     633     692     680     699
     684     710     689     676     719     734     712     695     748     737
     704     750     775     811     760     776     803     807     767     828
     755     830     803     804     776     837     783     783     793     774
     749     794     696     765     665     665     726     710     676     679
     702     667     608     655     625     681     578     635     607     698
     592     629     606     653     613     687     631     638     587     616
     598     684     595     636     617     670     648     651     603     613
     641     628     604     648     646     614     656     657     654     632
     649     707     650     695     639     722     627     702     714     705
     673     660     612     657     642     651     684     704     672     654
     667     654     674     695     702     654     599     686     617     628
     579     615     636     618     608     600     596     587     594     606
     580     642     591     597     596     611     599     538     660     626
     575     576     644     618     600     567     573     605     547     563
     585     620     536     598     565     619     558     596     559     613
     533     557     597     648     560     564     567     629     530     595
     555     611     591     567     617     606     587     615     600     612
     611     639     590     626     636     572     594     611     516     565
     611     643     554     616     595     594     587     585     581     558
     545     564     573     578     546     564     538     521     555     519
     533     537     568     532     537     547     563     551     536     554
     542     553     579     560     527     549     522     542     517     560
     545     558     507     571     571     552     573     606     558     593
     540     528     592     535     532     551     607     596     568     571
     569     567     538     545     552     546     540     541     567     520
     509     510     550     589     509     520     501     542     532     538
     494     529     479     494     563     552     522     525     518     523
     492     488     569     511     497     529     520     496     504     534
     511     520     494     498     543     533     505     533     510     519
     519     492     475     524     511     509     516     509     454     509
     479     527     505     469     490     495     498     468     482     473
     472     506     469     526     517     477     514     512     469     548
     525     525     480     471     537     524     474     511     499     538
     487     489     524     489     512     508     495     525     446     542
     480     519     496     499     487     489     508     500     488     509
     485     468     542     480     511     451     484     498     447     497
     472     511     485     482     508     494     444     490     512     463
     475     459     458     479     506     460     431     512     448     465
     488     471     429     465     472     471     473     468     480     465
     451     438     464     489     464     466     473     458     434     435
     457     487     444     472     460     493     433     440     468     468
     457     499     455     451     453     413     455     424     460     483
     459     452     452     524     499     477     452     429     439     465
     421     506     440     450     423     461     487     440     449     461
     424     442     459     471     463     466     430     418     490     477
     456     460     431     458     486     423     430     485     463     406
     481     469     412     464     433     435     445     461     480     454
     412     451     421     452     439     470     410     423     414     452
     439     445     433     456     502     420     457     409     521     458
     447     444     469     471     449     458     457     494     423     451
     471     451     442     460     479     464     436     472     445     456
     465     469     489     496     471     469     470     455     448     452
     490     460     474     490     465     430     442     503     455     473
     438     476     457     468     476     476     480     508     462     520
     493     503     481     396     476     529     425     502     457     489
     492     479     512     503     508     501     466     488     466     521
     525     511     490     542     513     464     437     557     535     500
     453     487     560     554     541     535     524     545     489     542
     509     551     557     495     532     572     555     541     555     618
     560     544     546     560     584     565     556     611     583     629
     627     591     578     596     644     601     595     649     648     637
     685     698     683     687     689     684     756     803     737     756
     762     816     820     799     866     810     846     889     897     977
    1002    1059    1074    1130    1051    1179    1213    1256    1213    1234
    1313    1415    1337    1512    1515    1636    1615    1603    1916    1815
    1816    1888    1953    2064    1954    2061    2253    2285    2237    2369
    2418    2528    2332    2522    2666    2600    2688    2786    2762    2840
    2696    2739    2885    2984    2916    2894    3067    2977    2842    2824
    3254    2974    2783    3060    2883    2959    2800    2828    2834    2897
    2673    2710    2681    2668    2513    2452    2503    2450    2188    2244
    2197    2191    2021    2028    2032    1995    1888    1749    1719    1702
    1553    1515    1604    1509    1367    1299    1325    1252    1116    1110
    1111    1058    1021    1021     975     883     873     961     929     870
     805     780     798     783     735     715     753     792     752     728
     748     749     745     771     865     856     824     880     918    1001
     961    1011    1078    1141    1102    1243    1223    1239    1282    1387
    1377    1483    1426    1489    1589    1535    1497    1531    1589    1576
    1449    1482    1527    1382    1359    1266    1324    1226    1150    1145
    1134    1168     929     906     939     869     780     784     703     675
     622     569     564     550     516     481     490     447     434     399
     471     445     447     374     423     453     388  217201
