$Informacoes da Fluorescencia de Raios-X:
"Sample    : GHA-906",                                                                    
"Operator  : THIAGO",                                                                     
"Comment  : ",                                                                            
"Group     : thiago_acra2010ma",                                                          
"Date       : 2010-06-22 20:49:59",                                                       
"",                                                                                       
"Mesurement Condition",                                                                   
"------------------------------------------------------------------------------------",   
"Instrument : 700HS2   Atmosphere : Vac.   Collimator : 10(mm)   Spin : No",              
"------------------------------------------------------------------------------------",   
"Analyte               TG kV   uA      FI Acq.(keV)  Anal.(keV)  Time(sec)     DT(%)",    
"------------------------------------------------------------------------------------",   
"Na                    Rh 50 1000-Auto Al  0 - 20    0.8 - 1.2   Live -  960   15",       
"Channel_info_start",                                                                     
"Channel : Na",                                                                           
"Points : 2048
"Range : 0.000000 - 20.480000",                                                           
"Step : 0.010000",                                                                        
"Channel_info_end",                                                                       
$DATA:
       0    2047
       0       0       0       0       0       0       0       0       0    2048
       0       0       0       0       0       0       0       0       0       0
       0       0       0       0       0       0       0       0       0       0
       0       0       0       0       0       0       0       2       3       5
      70     159     166     172     140     162     142     164     146     140
     159     147     139     139     147     161     182     196     186     185
     208     218     224     257     252     276     205     240     225     218
     256     270     241     292     235     299     259     300     264     275
     249     245     234     237     186     209     207     220     199     254
     245     264     301     295     331     365     375     429     373     424
     349     366     334     313     311     286     258     270     289     270
     304     329     290     368     362     351     322     328     325     312
     273     251     224     199     184     219     210     219     234     269
     288     346     348     381     381     398     374     432     375     401
     384     329     291     319     294     295     290     353     453     544
     703    1005    1202    1729    1764    2319    2338    2594    2739    2970
    2679    2797    2432    2301    1855    1739    1438    1176    1000     909
     759     893     981    1291    1841    2725    3657    5056    6225    7972
    8897   10658   11300   12395   11993   12528   11108   10950    9047    8286
    6614    5542    3952    3295    2333    1783    1267    1040     817     780
     685     674     624     632     604     659     607     659     569     631
     590     577     580     542     477     496     442     446     438     419
     383     441     442     394     438     449     507     560     556     734
     846    1094    1280    1782    2095    2481    2804    3414    3801    4090
    4062    4311    4129    4230    3583    3563    2952    2709    2162    1947
    1534    1363    1101     911     898     891     865     907    1117    1304
    1567    2161    2656    3714    4669    6460    7279    9386   10169   12265
   13079   14272   14061   14815   13608   13523   11507   10723    8900    7572
    5783    4939    3480    2960    2154    1895    1650    1541    1518    1653
    1576    1690    1551    1549    1480    1406    1271    1253    1002     871
     698     644     546     484     405     371     368     316     304     340
     326     313     303     340     303     329     335     336     330     421
     374     394     435     424     474     557     660     869     999    1432
    1870    2538    3314    4488    5527    7000    7895    9990   10710   12011
   12211   13229   12994   12815   11719   11710    9587    9206    7270    6227
    4852    3866    2742    2195    1617    1304     994     872     841     967
     997    1302    1447    1854    2211    2872    3697    4627    5525    7386
    8837   11720   13184   16194   18409   21300   22161   25339   25363   26518
   25386   25272   23439   21928   18745   16879   14146   11638    8947    7069
    5288    3992    2710    2196    1525    1133     833     813     777     926
     913    1247    1305    1669    1776    2170    2371    2859    2816    3289
    3235    3502    3367    3450    3185    3112    2690    2447    2157    1864
    1500    1283    1024     783     679     607     476     429     331     323
     309     324     273     275     295     324     293     334     317     333
     278     318     363     430     444     496     604     687     863    1051
    1285    1673    1864    2338    2913    3309    3685    4233    4499    4808
    4674    4905    4742    4857    4279    4109    3687    3303    2899    2535
    2099    1864    1498    1394    1112    1020     837     846     775     741
     610     636     552     600     597     581     580     577     550     628
     674     696     777     778     901     894     952    1028    1089    1132
    1153    1180    1247    1223    1191    1250    1112    1174     994    1015
     920     870     758     706     687     651     641     581     570     607
     498     609     498     529     491     552     555     610     507     608
     544     560     520     570     594     636     625     684     614     702
     626     649     701     676     673     775     663     810     780     830
     831     859     770     802     799     874     731     778     750     694
     674     682     678     742     677     722     637     715     640     706
     677     740     687     663     763     638     686     749     754     643
     707     741     768     815     843     975     933     957    1064    1082
    1179    1327    1375    1522    1556    1729    1672    1841    1874    2003
    1824    1941    1754    1859    1598    1615    1592    1652    1365    1332
    1264    1233    1117    1057    1126    1064     967    1021    1054    1058
    1060    1070    1185    1144    1157    1270    1326    1489    1598    1957
    2366    2878    3508    5074    6277    8669   10639   14114   17735   22581
   26951   32934   38940   45803   49620   56819   61887   67526   67431   75341
   70365   72543   66248   65824   60250   56643   48499   44903   37441   32810
   25684   21848   17413   13703   10351    8411    6017    4870    3455    2817
    2281    1859    1576    1393    1235    1221    1109    1114    1124    1180
    1086    1160    1099    1061    1107    1125    1167    1144    1149    1214
    1247    1255    1178    1349    1359    1459    1389    1737    1844    2069
    2220    2589    2961    3586    3759    4667    5280    6133    6548    7380
    7926    8935    8903    9818   10087   10424    9702   10025    9217    9182
    8313    7801    7126    6393    5565    5128    4261    3732    3109    2826
    2305    2029    1633    1555    1411    1256    1122    1132    1084    1078
    1000    1076     990    1036    1067    1071    1046    1021     985    1114
    1127    1024    1110    1098    1091    1176    1097    1102    1164    1099
    1113    1138    1115    1117    1022    1064    1110    1121    1035    1083
    1094    1027    1008    1038    1066    1098    1058    1017    1072    1105
     998    1068    1005    1062    1013    1093    1072    1107    1037    1060
    1052    1110    1031    1096    1109    1124    1119    1180    1148    1172
    1157    1200    1242    1292    1313    1457    1520    1574    1505    1713
    1707    1681    1608    1649    1678    1691    1614    1683    1576    1626
    1459    1409    1473    1434    1232    1259    1148    1120    1093    1045
    1039    1078    1006    1038    1033    1023     991     961    1020     990
     943     997     997     997     941     920     985     930     954    1059
     959     987     979    1005    1132    1078    1103    1229    1304    1510
    1508    1664    1774    1964    1954    2118    2446    2562    2522    2812
    2919    3050    2907    3063    3035    3042    2727    2670    2641    2482
    2253    2153    1970    1874    1750    1601    1477    1360    1231    1290
    1195    1101    1005    1084    1037    1017    1038    1075    1082    1024
    1060     954    1005    1031     966    1043    1085    1013     961    1022
     952    1027     891     913     896     945     897     911     924     919
     906     887     894     901     922     921     905     918     857     953
     917     984     880     886     974     922     913     848     956     974
     985     904     881     942     849     897     873     971     963     910
     942     946     888    1005     966    1004     943    1043    1028    1035
    1054    1084    1073    1203    1149    1113    1147    1113    1143    1159
    1201    1130    1059    1072    1078    1069     999    1069    1028    1010
     910     955     961     918     961     889     880     887     895     887
     886     918     843     922     889     903     840     863     864     864
     795     824     880     899     835     864     858     850     893     881
     903     870     868     904     861     950     854     880     865     898
     877     924     923     878     896     871     945     929     860     854
     841     880     864     862     913     892     903     814     817     900
     771     923     839     943     871     942     881     913     873     969
     927     984     936     897     962    1033     948     984     998    1078
    1058    1025    1069    1087     992    1081    1046    1076     978    1052
    1038     988     921     970     988     969     910     984     886     915
     861     989     849     857     904     859     909     851     851     885
     889     856     808     907     845     857     848     917     870    1003
     884     856     840     833     789     865     898     903     881     851
     843     825     834     931     874     869     773     859     849     856
     853     859     869     871     920     899     904     897     771     843
     839     899     791     846     886     938     812     853     903     861
     785     883     861     893     880     915     831     870     849     888
     864     837     847     830     851     813     874     870     888     839
     829     869     851     803     820     885     819     887     792     826
     831     810     847     789     827     856     866     947     804     915
     863     966     953     971    1041    1026    1213    1185    1233    1224
    1371    1433    1510    1488    1539    1619    1538    1664    1695    1762
    1667    1698    1686    1707    1540    1677    1592    1550    1394    1462
    1302    1244    1208    1155    1178    1035    1068     999     984     963
     862     903     888     910     851     776     817     820     783     816
     759     828     770     825     833     795     810     834     822     770
     759     788     747     830     765     790     792     845     730     733
     808     813     768     834     773     776     765     828     858     886
     780     833     859     820     857     845     840     876     815     841
     926     927     833     901     897     887     814     854     850     877
     815     810     870     875     760     817     820     833     829     775
     817     840     808     842     825     773     755     776     826     731
     773     759     746     783     714     769     755     798     674     731
     740     730     701     834     766     738     701     712     749     769
     732     776     822     787     753     822     780     812     767     814
     777     885     873     852     906     876     892     957     912     935
     940     877     944     938     864     899     917     889     845     907
     885     847     807     885     816     856     781     819     743     773
     707     795     755     731     767     780     714     745     686     758
     690     730     699     690     648     715     682     663     713     675
     640     703     743     694     686     651     667     677     625     673
     648     679     686     700     676     659     689     695     653     683
     689     703     702     713     736     740     742     725     759     789
     837     805     778     839     869     837     823     878     883     916
     899     843     882     862     916     881     885     891     909     839
     852     876     779     801     822     825     732     726     729     683
     697     695     683     736     660     665     648     653     622     621
     695     670     624     628     641     656     598     662     633     673
     606     626     661     708     664     673     635     657     607     614
     642     627     628     628     656     656     602     666     654     660
     640     608     676     626     625     645     673     661     597     647
     617     663     603     660     613     609     581     651     676     656
     664     627     672     637     660     640     684     648     622     619
     631     613     633     622     569     640     612     600     597     655
     604     595     604     644     596     587     586     565     589     554
     590     644     521     590     616     596     566     617     600     602
     577     597     616     589     545     554     644     608     572     575
     532     556     571     585     610     563     567     636     592     559
     575     606     557     627     613     635     626     643     600     609
     661     668     604     657     676     679     670     738     706     724
     641     718     729     713     656     732     724     719     712     697
     635     729     690     648     654     677     698     699     631     651
     609     612     608     636     566     597     624     587     610     566
     607     644     531     565     574     574     579     572     566     604
     546     587     561     554     522     542     565     532     528     510
     602     574     466     534     550     579     550     502     505     545
     548     538     566     552     572     549     542     575     558     534
     572     542     528     521     529     591     522     549     540     559
     524     536     520     536     531     500     504     551     519     519
     566     505     513     527     570     548     550     545     497     552
     492     566     569     558     486     536     557     566     550     528
     539     581     519     546     505     569     537     508     517     494
     522     512     531     517     521     490     567     520     494     545
     543     490     543     531     491     512     520     486     550     578
     516     510     519     486     543     511     532     522     543     531
     544     534     528     480     594     484     504     519     571     563
     522     502     542     512     490     529     487     503     521     529
     577     561     507     525     507     575     539     546     534     538
     499     562     603     577     516     585     552     517     515     524
     583     552     562     567     540     573     512     551     556     563
     532     552     561     575     533     526     568     569     509     555
     521     545     559     539     560     579     538     573     568     580
     556     504     620     574     534     547     598     510     548     568
     563     556     604     528     614     551     510     604     566     555
     579     577     609     654     571     630     574     567     603     555
     650     637     581     595     642     651     580     638     650     596
     628     626     659     649     668     629     655     708     690     699
     736     689     652     754     694     796     738     811     793     811
     778     784     791     813     783     873     886     833     883     887
     873     956     964     968     986     931     997    1029    1045    1176
    1134    1144    1173    1217    1219    1297    1306    1427    1418    1492
    1550    1651    1564    1658    1742    1908    1759    1826    1960    2036
    2046    2139    2271    2185    2266    2369    2442    2502    2523    2605
    2672    2687    2697    2722    2880    3107    2858    3086    3105    3214
    3024    3205    3268    3282    3214    3213    3368    3355    3196    3086
    3504    3236    3188    3234    3173    3224    3151    3043    3122    3122
    2932    2871    2983    2924    2669    2774    2630    2664    2530    2533
    2398    2412    2278    2246    2211    2155    2025    1944    1937    1851
    1712    1704    1708    1604    1524    1511    1377    1423    1355    1296
    1314    1218    1134    1128    1133    1096     982     973     959     967
     924     876     884     877     886     841     837     805     814     781
     883     859     866     851    1022     939     982    1010    1074    1137
    1150    1217    1317    1345    1324    1366    1478    1505    1483    1642
    1698    1696    1697    1812    1774    1904    1771    1871    1941    1793
    1793    1832    1854    1714    1679    1523    1668    1581    1420    1482
    1441    1349    1180    1179    1139    1118     940     953     891     830
     721     712     682     652     604     572     590     578     503     546
     555     502     485     489     485     437     499  249105
