Acquisition date and time: 00-00-   0 (00:00:00)
Live Time:,        0
Real Time:,        0
 
Photopeaks:,    15
  11,      1.041,        377,         98,       2.82
  12,      1.254,       1720,        109,       2.86
  13,      1.487,      35262,        246,       4.27
  14,      1.740,     173148,        621,      11.93
  15,      2.013,        967,        143,       3.08
  16,      2.307,      56675,        355,       3.17
  17,      2.622,      74699,        343,       5.70
  19,      3.313,     182098,        517,      11.09
  20,      3.691,     305443,        560,       7.77
  22,      4.509,      68869,        375,       3.48
  23,      4.950,       1258,        230,       1.83
  24,      5.412,       2416,        213,       1.68
  25,      5.895,      17233,        287,      14.65
  45,      2.696,        537,        171,       4.38
  56,      4.464,       3055,        318,       3.93
Incoherent scattering peaks:,     3
  14,      1.734,       4035,        642,      11.99
  16,      2.297,       1128,        382,       2.91
  19,      3.292,       2040,        411,      11.30
