$Informacoes da Fluorescencia de Raios-X:
"Sample    : Cu",                                                                         
"Operator  : ",                                                                           
"Comment  : A11",                                                                         
"Group     : kerr2007ag180cal_lt",                                                        
"Date       : 2008-05-29 20:34:16",                                                       
"",                                                                                       
"Mesurement Condition",                                                                   
"------------------------------------------------------------------------------------",   
"Instrument : 700HS2   Atmosphere : Vac.   Collimator : 10(mm)   Spin : No",              
"------------------------------------------------------------------------------------",   
"Analyte               TG kV   uA      FI Acq.(keV)  Anal.(keV)  Time(sec)     DT(%)",    
"------------------------------------------------------------------------------------",   
"Na                    Rh 50  127-Auto Al  0 - 20    0.8 - 1.2   Live -  179   16",       
"",                                                                                       
"<Profile>",                                                                              
"Channel_info_start",                                                                     
"Channel : Na",                                                                           
"Points : 2048
"Range : 0.000000 - 20.480000",                                                           
"Step : 0.010000",                                                                        
"Channel_info_end",                                                                       
$DATA:
       0    2047
       0       0       0       0       0       0       0       0       0    2048
       0       0       0       0       0       0       0       0       0       0
       0       0       0       0       0       0       0       0       0       0
       0       0       0       0       0       0       0       0       0       0
       9      16       7      16      12      15      12      18      19      13
      14      19      16      14      10      14       9      12      21      11
      15      14      11      18      16       9      10      12      13      11
       6      20      16       6      14      11      13      17       9       7
       5      20      15      14      12      19      19      28      22      23
      30      24      39      46      46      66      84     121     130     151
     204     214     210     235     239     249     233     223     146     142
     136     109      70      69      39      37      30      27      24      13
       5      12      16      16      16      12      11      16      12       9
       7      10       5      12      10      16       6       7      12      19
       6      10       9      10      10      13      10      17      17      13
       6      15      12      14      13      14      13      17      11      10
      21      13      14      14      13      10      11      13       6       6
       6      13      16       6       7       7      11       5      11      13
       5      14      15      15      14      20      10      10      10       7
      15      11       9      10      20      10       7      14      10      16
      14      18      14      15      20      24      16      30      22      27
      20      34      21       9      18      21      20      13      19      17
      13      13      10      13      12       7       6      20      18      21
      15      17      19      32      29      30      22      30      34      35
      49      39      39      36      32      26      31      19      20      19
      12       9      20       7      13      19       6      12       9      16
      10      18      11       5      18      10      16      12      15      14
      19      26       9      16      14      15      14      10      21      11
      13      12      13       6      11      15      14       7      16      12
      10      12      13      11      12      17      12       9      11      15
      13      21      16       6      10      11       6      12      14       5
      12      13       6       9      17      12       9       6      10      11
      11      11       5      11       9       5      12       9      14      10
       6       6       6      11       9      12      13      19      12      12
      15       9      11      18      13       5      11      10      11      12
      10      11       7       5       7      10       9      11       6      16
       5      11      12      18      11      12      18      27      28      50
      42      48      76      83      94     105     158     123     162     160
     151     126     146     113     101      97      78      62      50      40
      27      29      23      32      15      17      21      16      13      15
      20      13      18      18      14      17      21      23      27      28
      20      43      28      31      21      20      27      24      21      28
      15      16      28      15      29      15      19       9      15      13
      19      15      17      20      15      18      21      20      20      15
      20      21      22      21      16      27      16      22      18      21
      27      18      22      29      16      21      28      27      19      23
      20      12      20      16      17      21      17      16      18      20
      18      27      20      12      17      20      24      21      22      19
      17      15      19      19      14      17      15      19      19      29
      18      17      20      19      23      21      20      27      21      22
      20      13      26      18      23      35      20      31      24      24
      35      28      20      15      24      26      31      21      27      30
      24      23      33      18      29      21      20      21      26      29
      34      26      29      27      27      32      28      24      30      37
      29      30      34      37      32      38      33      40      36      40
      39      32      43      49      37      32      28      30      31      44
      32      43      19      34      35      35      35      26      35      40
      26      28      44      29      36      52      38      38      26      43
      40      28      26      34      34      35      33      36      33      39
      44      46      43      42      50      47      45      47      49      55
      46      64      52      52      55      59      51      53      54      50
      47      40      49      61      67      59      36      42      62      65
      60      70      70      62      81      67      77      82      73      83
      98      81      96     105     125     117     104     120     123     155
     147     131     128     130     127     127     118     106     129      98
      87      82      79      93      97      78      79      70      76      66
      59      52      68      63      71      63      59      67      44      63
      53      83      56      78      77      69      59      73      79      53
      39      63      71      74      72      78      73      83      76      83
      83      78      65      88      74      94     100      72      83      85
      77      89      72      89      83      85      76      96      79     103
      85     100      83      83      82     104      99     114      80      83
     118     110      93     105     100      95      95     107     112     103
     103     114      88     118     114     114     123      99      99     111
     102      82     115      85     110      85      94     121      83      92
      97     110      98     107     122     107      95     105     113      99
      87     122     115     116     103     130     136     122     135     127
     120     134     113     131     135     156     147     144     159     145
     139     143     152     166     128     190     199     213     219     265
     322     438     480     624     841    1133    1540    2125    2701    3642
    4628    6013    7678    9646   11422   13755   16474   18706   20775   23916
   26343   28235   28448   30231   30843   31324   29633   29078   27204   25893
   22712   21123   18442   16097   13376   11491    9198    7691    5837    4597
    3519    2655    1983    1431    1013     781     571     424     321     236
     209     178     167     148     117     121     100     107     102     121
     104     133     125     104     105     122     122     145     128     112
     120      98     127     116     115     150     125     109     143     126
     142     147     149     179     199     196     188     202     218     235
     283     342     389     466     576     652     805    1010    1155    1382
    1673    1923    2146    2530    2916    3186    3235    3543    3695    3918
    4001    4023    4000    3920    3727    3413    3377    3012    2596    2351
    2087    1826    1498    1284    1033     833     683     601     419     375
     285     250     156     167     116     118      98      94      82      81
      93      79      66      72      63      84      89      56      69      66
      71      74      71      66      90      70      74      71      62      66
      77      80      67      84      74      60      77      73      52      64
      74      67      67      80      63      79      67      60      60      79
      81      62      63      92      83      77      68      74      59      73
      72      69      79      64      56      71      67      71      80      67
      61      64      67      66      55      74      68      63      57      71
      61      65      73      63      57      57      61      66      64      57
      63      77      69      63      78      56      59      47      64      66
      60      49      85      63      51      71      71      79      57      62
      59      65      64      46      61      71      65      68      61      69
      64      64      68      69      53      66      59      68      66      69
      70      52      80      59      65      67      54      63      67      77
      73      65      71      69      65      89      73      77      62      68
      71      55      55      61      65      67      64      85      65      76
      63      60      74      63      70      70      65      68      60      87
      65      57      59      70      88      60      61      68      51      83
      69      64      55      60      81      79      68      66      62      57
      74      59      78      61      67      66      70      78      71      67
      72      76      71      82      70      52      83      79      64      59
      79      74      60      53      71      61      46      52      60      47
      56      54      56      56      52      73      62      62      68      67
      79      52      52      64      47      76      65      61      76      72
      48      59      62      54      78      68      56      69      63      62
      64      68      60      66      68      56      52      56      61      60
      62      72      50      73      61      52      67      59      56      73
      68      64      64      70      70      52      60      63      59      62
      69      70      63      51      78      59      60      57      57      69
      66      61      61      65      61      61      68      60      57      50
      71      55      71      63      50      51      52      55      60      50
      53      70      43      64      43      76      54      48      48      61
      50      54      52      59      63      64      54      47      64      55
      62      50      38      64      63      60      82      40      52      53
      48      78      67      77      49      59      64      44      53      44
      67      66      62      61      43      68      53      47      64      67
      50      49      50      73      60      57      56      66      54      48
      49      49      55      54      57      49      70      62      60      53
      39      65      57      62      51      54      62      54      57      50
      56      57      61      49      69      48      54      60      70      54
      50      54      54      63      55      57      55      68      45      59
      57      52      67      57      62      65      46      61      71      66
      57      56      56      69      69      65      64      68      53      49
      61      54      40      51      61      46      64      46      60      51
      52      55      42      62      57      55      70      45      63      65
      56      52      62      52      57      53      42      56      51      56
      50      47      55      50      44      53      52      57      50      55
      56      55      64      47      61      61      62      57      57      61
      64      39      64      46      54      57      48      64      42      59
      64      59      59      48      42      57      50      50      54      59
      63      55      60      50      44      68      52      50      55      45
      49      54      47      52      45      68      51      48      68      48
      56      49      56      54      55      37      49      48      38      52
      42      61      51      51      49      37      40      42      65      56
      43      48      49      56      37      49      52      39      63      42
      53      48      44      49      52      47      52      38      51      43
      44      45      64      39      45      43      49      47      46      63
      49      45      46      59      45      64      59      52      48      54
      42      38      52      48      40      49      53      59      55      47
      40      47      53      40      55      44      54      65      37      51
      44      51      49      55      49      46      46      54      50      50
      54      57      50      49      55      48      48      49      61      43
      60      47      56      63      36      48      46      47      43      45
      46      54      35      47      53      43      49      49      46      39
      53      54      51      44      50      47      63      48      39      61
      45      44      37      48      44      45      44      47      38      40
      43      48      48      48      51      50      47      60      44      46
      46      51      46      48      45      53      36      49      35      53
      51      43      55      60      63      61      59      69      76      79
      69      64      71      80      86      84     106      83      71      90
     102      79      85      98      77      84      92      84      80      65
      68      72      66      59      60      59      59      56      61      47
      47      56      53      51      45      49      42      45      39      45
      48      39      43      49      36      45      37      40      60      29
      50      37      51      50      50      38      30      43      48      47
      48      61      39      50      51      44      26      36      43      40
      48      39      40      47      36      34      56      45      42      42
      40      53      46      40      51      44      53      63      45      43
      46      55      59      44      60      59      61      59      64      49
      49      63      45      48      56      45      46      44      60      31
      40      38      33      45      46      46      42      47      48      48
      42      55      48      50      40      55      39      48      38      49
      30      46      46      49      46      45      42      42      44      39
      51      44      50      51      38      36      47      42      42      45
      38      39      51      38      43      36      37      46      38      55
      42      40      42      47      37      49      32      40      35      38
      39      38      42      47      38      43      39      31      37      54
      31      49      36      36      36      60      44      36      38      40
      43      44      55      42      47      38      43      46      42      62
      42      35      50      60      38      42      57      39      45      42
      51      39      51      51      50      42      50      40      50      46
      63      46      52      45      48      56      50      53      43      51
      54      38      50      55      52      50      46      56      47      62
      52      53      56      47      55      50      53      52      68      57
      56      59      63      49      60      66      64      60      73      67
      61      60      63      71      68      76      80      49      76      73
      69      79      90      86      83     100      77     106      98      86
      96      96     101     113     130     133      95     109     127     153
     139     139     149     146     155     162     187     152     187     194
     225     203     208     213     201     230     225     226     269     267
     228     238     254     263     282     281     311     262     287     275
     363     269     278     292     288     299     280     286     291     292
     252     293     278     282     258     272     250     237     247     238
     272     243     227     214     215     210     196     180     183     170
     170     158     160     145     146     142     153     135     116     120
     107      99     106     110     116      99     101      88      95      96
      86      81      70      65      63      55      72      70      66      85
      66      67      63      73      68      77      72      76      86      80
      68      86      95      95      95      92     112     125     109     102
     115     128     125     136     114     122     121     106     129     156
     134     125     146     152     144     129     150     129     128     142
     118     120     117     103     103     104      78      84      93      63
      67      70      68      60      61      55      57      45      49      53
      45      37      44      34      38      20      34   20701
