Acquisition date and time: 00-00-   0 (00:00:00)
Live Time:,        0
Real Time:,        0
 
Photopeaks:,    15
  11,      1.041,        845,         90,       1.28
  12,      1.254,        496,         91,       2.94
  13,      1.487,      13128,        164,       4.43
  14,      1.740,      68587,        381,       7.44
  15,      2.013,       1242,        122,       2.38
  16,      2.307,      45739,        315,       3.80
  17,      2.622,      86158,        435,       6.20
  19,      3.313,     104077,        399,       7.41
  20,      3.691,     201828,        584,       5.68
  22,      4.509,      33676,        291,       2.19
  23,      4.950,        903,        198,       2.04
  24,      5.412,       2775,        201,       1.50
  25,      5.895,       7862,        247,       6.34
  45,      2.696,        278,        184,       4.07
  56,      4.464,       2373,        275,       2.00
Incoherent scattering peaks:,     5
  14,      1.734,       1750,        398,       7.80
  16,      2.297,       4245,        359,       3.15
  17,      2.609,       3187,        552,       5.80
  19,      3.292,       1007,        328,       7.25
  20,      3.665,       3473,        555,       5.49
