Acquisition date and time: 00-00-   0 (00:00:00)
Live Time:,        0
Real Time:,        0
 
Photopeaks:,    15
  11,      1.041,        -37,         81,       2.16
  12,      1.254,       2492,        100,       2.04
  13,      1.487,      27322,        216,       6.06
  14,      1.740,     102392,        498,       9.63
  15,      2.013,       5874,        154,       2.54
  16,      2.307,      10486,        207,       1.29
  17,      2.622,      56246,        350,       4.01
  19,      3.313,     194032,        538,      12.22
  20,      3.691,     596522,        954,      18.21
  22,      4.509,      96909,        402,       3.44
  23,      4.950,        281,        219,       2.48
  24,      5.412,       1772,        188,       1.34
  25,      5.895,      30024,        284,      42.55
  45,      2.696,        933,        173,       3.90
  56,      4.464,       3914,        286,       3.06
Incoherent scattering peaks:,     5
  14,      1.734,       2424,        554,       9.61
  16,      2.297,      -1978,        300,       1.27
  17,      2.609,      -1963,        423,       4.17
  19,      3.292,       7624,        418,      13.99
  20,      3.665,      11372,        835,      17.71
