Acquisition date and time: 00-00-   0 (00:00:00)
Live Time:,        0
Real Time:,        0
 
Photopeaks:,    20
  11,      1.041,       1747,        107,       4.19
  12,      1.254,        658,        105,       3.84
  13,      1.487,      16610,        182,       4.93
  14,      1.740,      85188,        327,      14.66
  16,      2.307,      73066,        313,       4.34
  17,      2.622,     263271,        595,      16.33
  19,      3.313,     242218,        515,      10.90
  20,      3.691,     352296,        605,      10.26
  22,      4.509,      54006,        279,       2.23
  23,      4.950,        780,        211,       1.50
  24,      5.412,       4306,        206,       1.05
  25,      5.895,      14950,        264,       2.21
  26,      6.399,     995973,       1083,      20.39
  28,      7.472,       1694,        440,       1.62
  29,      8.041,      13918,        465,       2.83
  30,      8.631,      32454,        479,       2.17
  35,     11.908,      13079,        445,       1.78
  38,     14.142,       6988,        420,       1.51
  45,      2.696,        910,        247,       8.77
  82,     10.542,       5676,        430,       2.09
Incoherent scattering peaks:,     2
  26,      6.320,      13433,        684,      17.20
  26,      6.963,      13546,        506,      11.11
