Acquisition date and time: 00-00-   0 (00:00:00)
Live Time:,        0
Real Time:,        0
 
Photopeaks:,    14
  11,      1.041,       2491,        129,       8.80
  12,      1.254,       2752,        135,       6.34
  13,      1.487,      50990,        297,       5.24
  14,      1.740,     303443,        791,      24.70
  15,      2.013,        715,        174,       4.95
  16,      2.307,      78586,        435,       6.46
  17,      2.622,     378816,        857,      18.08
  19,      3.313,     415838,        765,      18.09
  20,      3.691,     390182,        842,      13.47
  22,      4.509,      96161,        420,       4.08
  23,      4.950,       1395,        242,       0.95
  24,      5.412,       2528,        214,       1.73
  25,      5.895,      27629,        313,      30.82
  56,      4.464,       4314,        326,       4.55
Incoherent scattering peaks:,     5
  14,      1.734,       5431,        786,      25.39
  16,      2.297,       8149,        509,       6.41
  17,      2.609,      13110,        862,      17.13
  19,      3.292,       5274,        535,      17.16
  20,      3.665,       1846,        843,      13.31
