Acquisition date and time: 00-00-   0 (00:00:00)
Live Time:,        0
Real Time:,        0
 
Photopeaks:,    15
  11,      1.041,       1943,        102,       2.92
  12,      1.254,        625,         99,       4.50
  13,      1.487,      14763,        165,       2.43
  14,      1.740,      75874,        301,       7.86
  15,      2.013,       1215,        135,       2.64
  16,      2.307,      53537,        361,       3.91
  17,      2.622,     236891,        696,      15.99
  19,      3.313,     175821,        511,       7.39
  20,      3.691,     348277,        773,      10.31
  22,      4.509,      42375,        308,       2.72
  23,      4.950,       1193,        195,       2.41
  24,      5.412,       2121,        185,       2.06
  25,      5.895,      11195,        246,       9.70
  45,      2.696,        224,        257,      12.13
  56,      4.464,       3270,        273,       2.51
Incoherent scattering peaks:,     4
  16,      2.297,       8158,        431,       4.06
  17,      2.609,       9529,        790,      16.31
  19,      3.292,       1327,        399,       7.72
  20,      3.665,       4258,        732,      10.41
