Acquisition date and time: 00-00-   0 (00:00:00)
Live Time:,        0
Real Time:,        0
 
Photopeaks:,    15
  11,      1.041,         36,         76,       2.03
  12,      1.254,       3023,        101,       2.59
  13,      1.487,      66943,        282,       4.23
  14,      1.740,     368470,        619,      44.73
  15,      2.013,       1376,        123,      11.24
  16,      2.307,      31947,        213,       3.40
  17,      2.622,      46564,        277,       7.83
  19,      3.313,     332740,        663,      21.96
  20,      3.691,     469025,        829,      12.43
  22,      4.509,     159645,        492,       4.77
  23,      4.950,       3127,        248,       1.94
  24,      5.412,       3813,        191,       2.71
  25,      5.895,      39294,        314,      65.09
  45,      2.696,       1028,        152,       6.76
  56,      4.464,       7257,        307,       4.10
Incoherent scattering peaks:,     2
  19,      3.292,      12320,        454,      21.03
  20,      3.665,      10583,        733,      11.04
