Acquisition date and time: 00-00-   0 (00:00:00)
Live Time:,        0
Real Time:,        0
 
Photopeaks:,    15
  11,      1.041,        222,         89,       2.26
  12,      1.254,       3568,        112,       2.14
  13,      1.487,      65253,        306,       6.38
  14,      1.740,     376353,        805,      21.65
  15,      2.013,        297,        140,       5.83
  16,      2.307,      42703,        242,       3.93
  17,      2.622,      67091,        325,       3.68
  19,      3.313,     334245,        674,      16.93
  20,      3.691,     500384,        877,      10.43
  22,      4.509,     134033,        465,       4.59
  23,      4.950,       2944,        246,       1.31
  24,      5.412,       3189,        201,       2.42
  25,      5.895,      35738,        312,      41.47
  45,      2.696,        812,        172,       2.95
  56,      4.464,       6372,        315,       3.21
Incoherent scattering peaks:,     3
  14,      1.734,      16084,        734,      23.21
  19,      3.292,      10846,        475,      15.37
  20,      3.665,      11072,        790,       8.90
