Acquisition date and time: 00-00-   0 (00:00:00)
Live Time:,        0
Real Time:,        0
 
Photopeaks:,    15
  11,      1.041,        218,         94,       5.01
  12,      1.254,       2245,        108,       2.53
  13,      1.487,      41867,        235,       4.78
  14,      1.740,     240513,        507,      15.50
  15,      2.013,        964,        127,       5.70
  16,      2.307,      24782,        197,       1.74
  17,      2.622,      91166,        367,       5.86
  19,      3.313,     149173,        480,       8.93
  20,      3.691,     404882,        812,      11.42
  22,      4.509,      77237,        385,       4.40
  23,      4.950,       1166,        227,       2.30
  24,      5.412,       2459,        207,       1.66
  25,      5.895,      19899,        289,      19.60
  45,      2.696,        595,        175,       6.57
  56,      4.464,       4120,        307,       4.05
Incoherent scattering peaks:,     2
  19,      3.292,       2813,        388,       9.26
  20,      3.665,       4388,        744,      11.19
