Acquisition date and time: 00-00-   0 (00:00:00)
Live Time:,        0
Real Time:,        0
 
Photopeaks:,    15
  11,      1.041,       2167,        120,       5.73
  12,      1.254,       2642,        127,       7.60
  13,      1.487,      44351,        278,       4.87
  14,      1.740,     259071,        728,      19.95
  15,      2.013,        649,        165,       3.89
  16,      2.307,      73000,        413,       3.74
  17,      2.622,     295339,        768,      17.80
  19,      3.313,     416974,        766,      19.25
  20,      3.691,     341313,        796,      11.84
  22,      4.509,      82047,        397,       5.08
  23,      4.950,       1190,        232,       1.46
  24,      5.412,       2613,        210,       1.19
  25,      5.895,      25638,        306,      31.06
  45,      2.696,        586,        296,      13.22
  56,      4.464,       4101,        316,       5.32
Incoherent scattering peaks:,     5
  14,      1.734,       5260,        726,      21.07
  16,      2.297,       5914,        484,       3.78
  17,      2.609,      11168,        869,      17.59
  19,      3.292,       5591,        543,      19.12
  20,      3.665,       2549,        810,      12.82
