Acquisition date and time: 00-00-   0 (00:00:00)
Live Time:,        0
Real Time:,        0
 
Photopeaks:,    15
  11,      1.041,        408,         90,       2.06
  12,      1.254,       1817,        104,       3.82
  13,      1.487,      49000,        253,       3.50
  14,      1.740,     230372,        498,      22.15
  15,      2.013,       3486,        144,      11.54
  16,      2.307,      94196,        424,       4.84
  17,      2.622,      30379,        249,       6.63
  19,      3.313,     334042,        684,      15.73
  20,      3.691,     305169,        748,       9.70
  22,      4.509,      97086,        413,       4.64
  23,      4.950,       1340,        230,       2.13
  24,      5.412,       2676,        198,       1.39
  25,      5.895,      22841,        282,      31.03
  45,      2.696,        372,        150,       3.99
  56,      4.464,       4057,        302,       4.38
Incoherent scattering peaks:,     3
  16,      2.297,        667,        415,       4.92
  19,      3.292,       6977,        474,      15.04
  20,      3.665,       4870,        760,       9.38
