Acquisition date and time: 00-00-   0 (00:00:00)
Live Time:,        0
Real Time:,        0
 
Photopeaks:,    15
  11,      1.041,        169,         77,       3.68
  12,      1.254,       2691,         97,       2.55
  13,      1.487,      53202,        276,       9.88
  14,      1.740,     300228,        716,      32.21
  15,      2.013,       1163,        134,       5.29
  16,      2.307,      31796,        212,       5.94
  17,      2.622,      49323,        282,       6.82
  19,      3.313,     307965,        636,      25.05
  20,      3.691,     630807,        779,      16.91
  22,      4.509,     137328,        461,       4.40
  23,      4.950,       2756,        237,       1.66
  24,      5.412,       3484,        192,       2.89
  25,      5.895,      34657,        304,      58.48
  45,      2.696,       1153,        152,       5.73
  56,      4.464,       7496,        293,       4.30
Incoherent scattering peaks:,     2
  14,      1.734,      12926,        660,      33.40
  19,      3.292,      16549,        449,      24.74
