Acquisition date and time: 00-00-   0 (00:00:00)
Live Time:,        0
Real Time:,        0
 
Photopeaks:,    15
  11,      1.041,       1101,        110,       5.75
  12,      1.254,       3010,        124,       4.84
  13,      1.487,      55497,        273,       4.03
  14,      1.740,     325274,        590,      28.12
  15,      2.013,       1487,        154,       5.94
  16,      2.307,      54025,        361,       4.01
  17,      2.622,     256271,        693,      15.61
  19,      3.313,     349673,        699,      16.78
  20,      3.691,     521469,        924,      13.45
  22,      4.509,     103892,        425,       4.98
  23,      4.950,       1974,        237,       2.53
  24,      5.412,       3096,        205,       1.11
  25,      5.895,      27724,        299,      30.56
  45,      2.696,        143,        275,      13.09
  56,      4.464,       5676,        309,       5.09
Incoherent scattering peaks:,     4
  16,      2.297,       2750,        441,       4.09
  17,      2.609,       9273,        770,      15.23
  19,      3.292,       7027,        505,      15.82
  20,      3.665,       7623,        866,      12.90
