Acquisition date and time: 00-00-   0 (00:00:00)
Live Time:,        0
Real Time:,        0
 
Photopeaks:,    14
  11,      1.041,       1317,        110,       6.80
  12,      1.254,       2572,        123,       5.95
  13,      1.487,      50598,        290,       6.93
  14,      1.740,     298191,        767,      26.49
  15,      2.013,       2024,        162,       4.59
  16,      2.307,      60286,        303,       5.91
  17,      2.622,     302909,        744,      21.85
  19,      3.313,     399296,        743,      23.20
  20,      3.691,     571701,        973,      17.56
  22,      4.509,     107480,        428,       3.14
  23,      4.950,       1788,        236,       1.41
  24,      5.412,       2954,        200,       1.96
  25,      5.895,      28706,        298,      31.78
  56,      4.464,       5400,        306,       3.05
Incoherent scattering peaks:,     4
  14,      1.734,       6231,        755,      27.41
  17,      2.609,      14442,        715,      19.55
  19,      3.292,       8824,        515,      21.31
  20,      3.665,       8551,        915,      17.30
