$Informacoes da Fluorescencia de Raios-X:
"Sample    : Fe_34676_8p",                                                                
"Operator  : américo",                                                                    
"Comment  : micromatter ug/cm2",                                                          
"Group     : kerr2007ag180cal_lt",                                                        
"Date       : 2014-03-18 11:03:29",                                                       
"",                                                                                       
"Mesurement Condition",                                                                   
"------------------------------------------------------------------------------------",   
"Instrument : 700HS2   Atmosphere : Vac.   Collimator : 10(mm)   Spin : No",              
"------------------------------------------------------------------------------------",   
"Analyte               TG kV   uA      FI Acq.(keV)  Anal.(keV)  Time(sec)     DT(%)",    
"------------------------------------------------------------------------------------",   
"Na                    Rh 50  237-Auto Al  0 - 20    0.8 - 1.2   Live -  179   15",       
"",                                                                                       
"<Profile>",                                                                              
"Channel_info_start",                                                                     
"Channel : Na",                                                                           
"Points : 2048
"Range : 0.000000 - 20.480000",                                                           
"Step : 0.010000",                                                                        
"Channel_info_end",                                                                       
$DATA:
       0    2047
       0       0       0       0       0       0       0       0       0    2048
       0       0       0       0       0       0       0       0       0       0
       0       0       0       0       0       0       0       0       0       0
       0       0       0       0       0       0       0       0       0       0
       5      12      14      10      11      10       8      10      10      16
       7      10       8      14       9      10       7      12       7      13
       9       7       9       9      10      10      12       9       9      13
      16       8      21      15      14      11      10      24      16      24
      25      24      23      18      25      29      20      17      25      22
      10      15      11      13      12       8       4      10       7       6
       9      13       9       3      11      11       4       9       8       8
      11      10       7       8      11      12       5       8       6       9
      11       9       5       4      11       4       3       5      11      11
      11      11      10       7       9      12       7      11      11      12
       6      18       7      10       5      15      17      11      13       6
      11       9       8      17      21      14      13      23      25      24
      14      16      18      11      11      12      14      19       4      14
       9      14       9      14       6       8      11      10      14      17
      22      10      11      16      24      21      15      16      17      20
      16      18      28      12      11      17      12      12      12      21
      27      35      29      29      35      41      45      51      49      72
      54      66      52      46      50      43      26      33      17      20
      16      15      22      17      11      18      18       9      13       9
      19      12      15      13       9      11      10       8      12       6
       5      10       9      11      11      16       3       8      14      13
      19      15       7      13      13       6      13      11      17      14
      14      12      11       8      13      23      20      13       8      11
       9       9      11       9      13      17      15      20      15      17
      15      20      12      17       8      11      11      14      14      16
      12      11      11      23      14      11      14      19       9       6
      17      15      18      22      12      14      12      13      12       8
      12      10       8      15       9      10       7      11       9      15
      16       8      10      13      18      11      12      15      13       9
      10      13      11      16      16      10      15      17      14      12
      14       4      24      18      11      19      15      11      13      23
       9      18      14      15      15       8      15      14      18      14
      24      23      16      36      37      47      68      87     114     165
     175     253     320     371     413     527     561     630     622     617
     585     506     513     505     370     346     272     215     147     127
      85      73      64      57      41      40      36      33      49      36
      43      52      39      51      57      53      73      72      88     102
      79     118      96      90      93      89      74      63      69      46
      56      39      37      38      19      32      25      21      28      24
      20      23      16      21      22      27      26      18      30      27
      36      25      42      33      34      21      28      35      36      29
      46      38      44      46      40      43      27      37      58      39
      51      47      60      67      65      69      72     104     122     131
     135     140     160     165     160     175     160     152     145     130
     106     109      77      89      64      56      49      48      39      43
      38      40      37      33      39      33      28      24      45      36
      34      28      39      30      32      33      34      48      33      30
      29      35      45      45      33      51      41      44      33      40
      39      38      57      35      48      48      41      42      51      54
      54      62      42      75      67      63      65      78      73      74
      69      68      73      81      71      80      60      69      72      60
      74      93      58      80      73      73      69      83      73      62
      70      58      49      73      69      53      63      59      57      66
      48      55      45      50      52      69      59      66      49      64
      65      68      55      47      73      66      64      49      83      67
      63      59      51      73      69      87      71      81      75      86
      75      78      73      82      74      85      98     109      97     103
      95     122      94     111     119     102     132     146     141     139
     145     151     176     182     203     197     240     286     329     426
     616     820    1092    1603    2075    3066    3993    5575    7313    9560
   11251   14605   17828   21043   23274   26657   29438   32224   32317   35950
   33732   33641   31130   29843   27264   24969   20777   18589   14915   12762
    9795    7758    5891    4460    3174    2399    1572    1170     767     563
     402     283     211     177     182     132     133     156     132     132
     114     132     110     138     123     133     148     135     137     145
     172     176     186     196     211     237     264     333     405     499
     544     718     859    1136    1290    1655    1944    2356    2570    2995
    3292    3775    3878    4210    4449    4443    4190    4134    4059    3798
    3254    3192    2698    2395    1943    1736    1331    1089     827     719
     460     361     297     243     144     157      93      91      69      71
      46      52      58      52      52      47      59      61      60      63
      50      57      48      55      50      67      55      68      62      57
      61      50      68      53      47      53      58      43      58      55
      65      54      47      46      49      57      45      47      58      60
      55      61      61      62      66      70      59      45      69      61
      53      43      74      71      51      62      58      59      61      67
      55      66      60      83      63      84      62      73      75      84
      81      69      80      73      81      69      93      73      81      72
      67      65      68      76      46      58      53      69      55      76
      59      56      50      68      59      57      56      59      50      57
      58      60      70      66      61      69      63      77      48      72
      56      51      67      57      56      61      43      59      59      80
      54      78      80      95      65      77      73      79      91      78
      82      80      86      66      86      79      96      86      75      66
      74      87      58      77      68      68      65      50      65      49
      76      49      49      57      68      66      62      50      52      73
      55      63      49      53      71      57      62      55      56      49
      39      51      49      57      55      46      41      51      56      51
      48      60      52      54      54      50      50      60      55      67
      44      41      47      56      46      60      41      50      53      49
      55      55      50      50      34      54      51      47      55      45
      52      43      42      41      48      44      38      46      53      41
      47      68      46      66      63      41      46      59      47      64
      64      67      56      58      54      50      52      50      63      55
      65      58      48      45      44      50      46      49      58      50
      59      58      58      58      70      44      50      61      50      57
      54      54      63      66      64      66      57      61      56      58
      48      57      74      63      66      58      68      60      59      52
      57      57      58      66      65      47      42      53      45      42
      52      58      64      53      59      49      41      50      56      57
      55      54      53      75      35      53      55      57      56      46
      56      54      55      53      41      57      50      47      49      64
      49      54      43      53      54      52      52      59      45      44
      55      53      51      39      47      43      45      56      50      56
      51      54      51      53      43      51      43      47      55      50
      45      48      53      51      63      57      52      44      42      40
      34      62      56      46      63      54      41      47      40      59
      48      54      40      53      49      48      44      54      44      48
      49      48      48      43      56      49      57      48      43      45
      43      37      48      52      48      41      56      59      52      42
      54      49      63      42      53      58      49      44      48      45
      40      48      33      65      51      56      54      43      56      59
      39      50      43      40      39      33      45      38      37      50
      45      62      47      44      55      44      38      50      41      44
      56      49      36      57      50      42      52      54      51      40
      56      39      51      37      49      44      41      56      50      40
      55      48      38      46      48      57      53      44      53      43
      34      45      58      44      37      56      50      42      52      50
      44      52      40      40      40      28      54      51      52      48
      33      37      40      48      49      42      43      52      45      57
      50      40      36      58      48      50      41      37      45      43
      38      53      44      46      52      52      45      42      42      54
      38      57      49      42      53      52      43      59      41      42
      47      33      61      53      46      61      55      77      74      63
      58      66      79      86      73      80      99      94      98      80
      84     105      88      81      80      96      99      90      67      72
      74      76      80      69      55      57      59      51      42      51
      48      48      54      48      51      44      58      53      44      44
      38      54      47      50      32      56      47      55      55      47
      49      52      40      45      46      45      47      42      43      46
      46      50      45      42      57      44      59      40      59      53
      54      78      52      52      50      56      56      56      62      53
      67      61      58      58      58      42      59      60      46      66
      45      49      43      38      23      45      44      54      41      36
      35      39      43      51      44      40      41      40      34      40
      38      32      48      44      46      41      56      44      46      40
      44      42      48      30      39      37      26      44      42      30
      32      39      29      40      39      42      44      40      40      43
      39      33      49      40      33      43      43      27      40      45
      46      33      45      43      26      45      33      43      43      43
      28      37      38      43      38      37      41      40      39      47
      45      40      43      21      26      37      44      47      34      32
      38      41      37      28      33      35      43      36      34      42
      41      38      41      38      45      36      32      37      41      43
      32      23      40      28      41      44      38      32      36      50
      40      43      49      23      34      39      30      45      36      27
      39      36      29      35      37      28      46      33      29      38
      43      49      34      39      36      37      33      33      26      27
      38      40      40      39      30      42      40      39      34      32
      44      46      36      36      38      26      42      30      42      34
      28      42      39      45      34      34      33      41      36      36
      28      38      29      36      44      45      26      43      27      37
      30      37      28      35      37      19      35      36      45      27
      43      28      37      22      35      29      32      35      37      30
      36      26      40      35      36      30      29      46      35      41
      50      26      25      42      35      42      38      37      28      37
      39      40      29      38      37      36      40      33      45      49
      26      29      23      29      28      33      34      26      38      41
      24      35      34      35      36      30      30      37      30      30
      43      41      33      34      33      49      29      38      26      34
      34      23      38      40      29      37      29      25      32      36
      35      27      28      23      38      39      36      24      30      35
      24      35      26      36      35      30      35      39      28      36
      30      37      34      34      36      29      30      28      30      35
      30      41      37      32      27      37      37      23      27      34
      28      35      23      30      35      26      25      39      39      18
      37      24      23      26      33      34      35      35      29      34
      22      30      29      37      32      23      38      24      36      34
      33      36      27      35      34      36      30      36      38      30
      28      39      22      26      19      39      38      32      32      39
      33      47      40      32      28      35      41      29      27      27
      28      33      24      38      40      32      33      24      27      43
      22      44      34      28      36      27      33      37      33      34
      49      34      22      26      36      34      23      29      35      30
      38      34      30      35      33      30      28      24      35      33
      35      25      44      20      22      38      33      35      34      30
      24      30      34      37      28      40      35      27      18      43
      32      47      32      37      30      43      23      38      28      32
      32      49      27      30      38      33      37      26      35      45
      29      38      37      44      40      25      43      50      36      32
      38      28      40      36      42      53      46      40      37      30
      39      47      28      38      43      44      38      46      52      47
      44      39      51      50      60      48      61      50      48      49
      51      49      48      37      55      47      47      51      61      71
      53      82      58      67      68      89      77      89      79      89
      81      84      87      98      85     123     108     101     108     121
     109     118     136     147     156     136     146     148     170     157
     168     181     162     184     206     185     156     182     165     209
     169     188     238     226     198     215     211     197     224     189
     234     197     209     228     225     184     172     194     198     179
     199     220     195     181     178     176     189     173     161     163
     130     150     134     136     126     142     122     124     125     102
      93     116      84     102     104      78      65      85      62      85
      67      73      59      63      70      67      72      50      55      45
      68      38      42      51      52      50      44      54      44      60
      38      52      51      42      55      55      58      56      47      47
      47      60      83      76      65      77      69      83      91      84
      75      78     103      95     117      96      94     104     109     129
     106     110     113      98     116      94     112     110      94      93
      99      91      63      83      61      67      47      45      55      63
      38      51      43      38      33      28      42      38      25      37
      30      25      30      30      35      25      39   14738
