$Informacoes da Fluorescencia de Raios-X:
"Sample    : KCl_34666_8p",                                                               
"Operator  : américo",                                                                    
"Comment  : micromatter 44,9ug/cm2",                                                      
"Group     : kerr2007ag180cal_lt",                                                        
"Date       : 2014-03-18 09:57:59",                                                       
"",                                                                                       
"Mesurement Condition",                                                                   
"------------------------------------------------------------------------------------",   
"Instrument : 700HS2   Atmosphere : Vac.   Collimator : 10(mm)   Spin : No",              
"------------------------------------------------------------------------------------",   
"Analyte               TG kV   uA      FI Acq.(keV)  Anal.(keV)  Time(sec)     DT(%)",    
"------------------------------------------------------------------------------------",   
"Na                    Rh 50 1000-Auto Al  0 - 20    0.8 - 1.2   Live -  179   12",       
"",                                                                                       
"<Profile>",                                                                              
"Channel_info_start",                                                                     
"Channel : Na",                                                                           
"Points : 2048
"Range : 0.000000 - 20.480000",                                                           
"Step : 0.010000",                                                                        
"Channel_info_end",                                                                       
$DATA:
       0    2047
       0       0       0       0       0       0       0       0       0    2048
       0       0       0       0       0       0       0       0       0       0
       0       0       0       0       0       0       0       0       0       0
       0       0       0       0       0       0       0       0       0       1
      15      22      40      37      29      20      43      34      29      25
      24      28      28      35      23      27      25      37      37      42
      35      32      36      36      39      32      34      35      35      39
      27      22      39      23      12      31      27      29      30      35
      24      37      31      37      35      19      31      43      35      40
      47      60      55      59      78      82      74      80      71      87
      72      77      78      43      48      51      43      30      31      28
      37      35      36      37      33      33      34      35      37      44
      37      24      36      36      29      21      34      26      31      30
      24      34      29      37      37      19      35      30      37      41
      28      37      33      39      37      35      33      42      44      30
      35      42      31      47      40      44      44      50      63      58
      55      82      93      85      99     109     107     113      87      91
      71      82      60      64      65      58      46      52      32      48
      42      47      40      38      36      60      37      50      39      61
      53      55      64      62      47      54      46      71      62      82
      78     102     112     125     168     161     180     232     185     233
     234     234     198     217     174     156     130     124     112     112
      73      97      65      61      63      68      41      64      56      76
      62      80      66      90      98     115     106     123     134     121
     123     139     142     142     114     134     125      94      87     119
     100     106      90      93     105     112     112     167     181     220
     274     427     528     773    1004    1460    1682    2110    2395    2722
    2876    3168    2972    3248    2786    2693    2191    1965    1552    1295
     847     777     538     472     340     327     303     342     304     339
     363     347     372     344     361     337     250     199     184     187
     137     136     107      78      85     100      73      63      71      68
      69      79      62      84      72      84      71      79      77      84
      93     110     106     121     147     165     218     268     355     584
     785    1127    1499    2075    2504    3200    3726    4607    4948    5606
    5508    5966    5727    5730    4906    4926    3873    3367    2646    2058
    1595    1174     795     607     451     318     254     201     212     242
     281     396     405     548     612     758     877    1034    1127    1301
    1377    1716    1694    2068    2035    2354    2364    2574    2501    2584
    2459    2293    2014    1948    1685    1358    1099     900     627     599
     381     332     212     204     139     158     121     113     108     129
     132     163     154     191     213     247     262     315     319     336
     364     328     355     318     306     317     294     215     207     187
     142     134     126     101      80      80      66      71      59      63
      57      70      66      60      52      78      69      71      69      80
      74      96      94      85     104      98     110     108     116     103
      99     118     116     102     114     112     123     131     127     148
     120     144     151     133     126     138     121     121     112     104
     109     141     113     124     103     121     118     104     109      91
     103     103      82      94      86     115     107      95      96      92
      84      97      85     112      94      86      81     109      96     103
      92      99      83      80      78      89      79      91      85      65
      94      77      90      92     102      98      77      75      77      91
      89      84      99      82      74      92      87      81      78      87
      90      87      92      93     125      98     100      92      90      93
      93     107     100      87     100      99      97     107      81     103
      92      99     111      82      92     111      97      95     112     101
     104      97      97     107      96      83     101     106      98     109
      90     107      93     120     111      99     109     111     118     114
     111     102     116     112     118     119     110     137     119     117
     133     103     123     151     141     130     136     136     135     123
     137     148     124     174     126     136     132     143     136     135
     142     144     162     162     125     142     169     176     178     167
     163     164     171     148     144     172     152     179     160     164
     178     193     186     205     199     184     160     188     189     174
     189     191     176     195     184     212     209     225     215     223
     226     220     194     232     205     217     215     197     207     211
     183     191     187     210     181     200     199     164     181     194
     196     168     186     177     184     231     174     199     187     188
     174     174     206     214     189     208     205     204     197     196
     182     202     181     206     202     214     202     199     169     208
     173     216     201     205     222     188     189     187     183     189
     201     216     198     198     183     222     185     190     205     208
     200     213     213     193     195     181     186     196     193     195
     196     221     194     195     182     186     194     188     186     200
     191     181     190     177     199     201     208     188     199     218
     189     181     170     214     195     186     205     184     199     200
     198     196     187     206     180     209     194     184     179     215
     194     198     200     189     203     219     199     189     239     207
     200     202     210     218     220     229     235     201     232     231
     252     220     231     252     230     290     272     276     271     257
     286     288     271     289     288     299     292     335     339     351
     320     331     315     318     312     320     314     316     286     262
     248     286     258     301     234     227     230     247     243     220
     211     226     216     201     204     205     196     189     200     189
     197     236     193     191     242     168     221     200     222     177
     219     204     205     224     212     211     192     232     261     219
     218     248     222     257     278     261     262     301     280     322
     307     336     315     314     324     304     310     309     333     320
     283     283     296     243     259     238     238     229     226     256
     209     230     215     228     233     191     209     193     203     230
     206     219     214     198     177     195     205     222     183     206
     190     220     185     224     220     205     195     210     202     225
     189     178     179     227     195     180     215     198     172     187
     204     205     230     188     173     189     185     184     220     202
     182     187     208     195     197     225     213     207     184     194
     171     192     195     200     195     183     191     194     196     204
     176     204     198     205     187     194     188     223     202     214
     184     210     198     196     220     201     189     221     249     189
     185     212     212     226     193     207     193     200     196     224
     213     168     192     198     214     188     209     206     179     171
     155     176     190     208     170     221     185     178     182     221
     204     174     163     181     181     213     189     213     195     174
     205     195     188     178     195     217     190     199     173     183
     202     190     182     175     197     179     183     200     188     189
     203     194     182     201     194     192     179     194     168     187
     151     181     187     179     178     213     174     186     191     213
     192     201     181     198     175     191     203     174     169     190
     215     179     175     188     180     202     185     198     173     197
     191     198     208     198     170     186     181     176     176     204
     187     187     206     174     186     196     187     227     191     199
     195     203     207     180     204     195     178     198     171     197
     173     200     174     189     163     167     162     162     190     201
     186     170     195     169     166     197     176     214     176     175
     212     172     165     184     163     197     158     152     211     200
     162     174     167     186     198     185     183     173     172     187
     178     171     182     167     176     180     178     190     168     170
     156     173     156     187     158     177     190     170     190     187
     198     165     144     168     173     168     190     185     195     173
     170     155     149     198     187     179     187     192     157     188
     183     176     190     205     169     167     157     193     191     180
     150     163     165     163     148     180     151     173     171     184
     177     174     155     192     183     181     184     151     179     187
     150     162     174     172     140     159     147     181     163     172
     171     172     160     163     157     180     162     174     160     166
     162     179     179     166     161     182     160     193     173     185
     171     182     169     161     187     173     164     168     172     187
     158     179     152     183     148     172     160     167     188     156
     190     164     172     173     189     147     155     196     168     176
     180     156     148     181     175     152     172     156     168     186
     183     162     167     191     141     158     159     166     167     161
     159     174     170     150     184     156     160     179     155     167
     168     155     139     157     172     158     149     176     152     167
     160     166     151     171     153     173     151     169     164     157
     156     157     155     157     172     175     145     170     150     178
     174     171     134     175     172     147     191     145     156     161
     142     153     151     157     132     159     141     162     160     166
     165     166     168     155     122     185     152     157     163     176
     160     166     144     164     148     166     136     159     164     157
     131     175     143     191     178     149     144     157     161     150
     150     169     169     140     138     127     129     154     134     165
     158     158     143     178     136     170     167     151     140     151
     150     165     120     143     128     158     140     157     170     156
     146     155     157     163     150     147     142     153     142     140
     131     146     142     150     142     136     145     160     126     141
     156     136     154     147     139     136     141     170     134     151
     143     144     136     171     137     134     139     129     137     125
     158     123     126     152     138     155     141     172     139     141
     140     135     143     143     143     145     126     124     129     140
     137     132     149     140     150     147     141     125     140     139
     121     161     116     137     146     154     167     134     154     130
     147     135     143     128     135     133     162     150     145     145
     132     155     133     151     125     146     156     124     135     134
     126     135     135     141     136     166     123     155     126     129
     171     125     125     145     142     139     137     146     135     145
     123     130     131     136     130     121     161     134     127     143
     157     124     109     133     121     128     122     116     133     107
     118     137     134     135     138     116     107     113     133     126
     149     139     128     121     121     119     116     119     133     141
     112     126     117     129     118     121     124     140     121     131
     121     142      88     118     109     124     112     106     129     145
     120     124     127     102     104     133     132     110     121     133
     125      99     127     122     126     125     121     120     127     123
     122     129     115     128     107     140     130     121     113     132
     132     127     112     114     133     129     119     105     125     119
     115     112     128     121      92     121     115     131      97     111
     114     126     126     117     119     115     131     107     126     113
     117     121     134      96     105     114     118     112     106     122
     132     120     104     112     113     110     121     120     116     110
     110     138     110     112     112     111     136     119     118     124
     112     114     120     110     114     117     126     111     127     114
     123      98     117     148     113     119     131     121     107     115
     121     114     119     130     120     115     108     105     128     150
     126     124     112     115     114      94     107     109     112     117
     123     113     102     123     111     116     123     132     126     150
     121     121     113     107     100     102     132     110     100     124
     100     114     130     122     108     116     101     102     115     115
     117     130     117     130     114     125     118     130     131     124
     114     100     126     117     114     124     118     142     131     131
      99     102      97     114     103     139     134     122     116     125
     119     112     105     136     114     128     103     136     117     131
     118     108     133     144     113     122     136     125     124     151
     132     128     115     111     132     124     107     137     141     115
     115     141     120     111     133     147     140     145     119     123
     127     148     126     121     112     169     142     130     127     145
     151     138     120     142     113     147     138     136     147     119
     180     179     151     146     154     156     151     192     165     159
     159     171     148     177     160     184     209     189     154     195
     201     187     203     205     210     210     195     215     212     247
     248     243     270     283     275     286     275     287     337     304
     343     322     336     401     400     421     373     418     445     505
     466     470     517     521     543     553     583     561     627     623
     628     637     686     694     744     804     765     791     761     788
     768     841     828     864     800     837     800     834     825     813
     900     871     849     804     824     844     816     811     807     750
     765     737     790     781     702     726     636     679     616     615
     603     622     561     520     509     541     457     481     484     448
     398     375     424     379     353     346     309     282     320     283
     304     284     284     263     228     232     202     211     204     216
     222     192     210     205     168     184     167     162     175     163
     173     160     180     149     190     178     163     187     193     192
     207     231     222     228     228     212     247     248     239     284
     274     309     326     316     323     276     308     313     328     344
     301     307     344     313     309     303     313     295     278     262
     269     254     257     221     218     245     194     203     178     181
     162     138     154     138     132     125     130     111     126     115
     111     110     103      97     106     105      93   56432
