Acquisition date and time: 00-00-   0 (00:00:00)
Live Time:,        0
Real Time:,        0
 
Photopeaks:,    15
  11,      1.041,       2240,         98,       1.29
  12,      1.254,        651,         90,       3.80
  13,      1.487,       6008,        124,       2.78
  14,      1.740,      34724,        213,       3.01
  15,      2.013,        900,        116,       1.56
  16,      2.307,      71980,        392,       3.81
  17,      2.622,     158253,        591,      12.71
  19,      3.313,     129366,        433,       6.45
  20,      3.691,      94887,        334,       4.40
  22,      4.509,      15403,        232,       2.35
  23,      4.950,        869,        173,       2.18
  24,      5.412,       1563,        181,       1.21
  25,      5.895,       4706,        225,       3.13
  45,      2.696,       1141,        219,       8.35
  56,      4.464,       1653,        249,       2.00
Incoherent scattering peaks:,     3
  16,      2.297,      10099,        427,       3.59
  17,      2.609,       3128,        729,      12.25
  19,      3.292,        190,        346,       6.42
