Acquisition date and time: 00-00-   0 (00:00:00)
Live Time:,        0
Real Time:,        0
 
Photopeaks:,    14
  11,      1.041,        264,         72,       0.72
  12,      1.254,        200,         72,       1.00
  13,      1.487,       1757,         84,       0.87
  14,      1.740,       6159,        110,       2.15
  16,      2.307,       6844,        150,       1.43
  17,      2.622,      14978,        170,       1.33
  19,      3.313,      22772,        175,       2.42
  20,      3.691,      25269,        191,       2.64
  22,      4.509,       3241,        180,       1.57
  23,      4.950,        214,        161,       1.34
  24,      5.412,       1943,        186,       2.67
  25,      5.895,       1688,        215,       3.56
  45,      2.696,        990,        102,       1.48
  56,      4.464,        717,        232,       1.65
Incoherent scattering peaks:,     1
  16,      2.297,        215,        186,       1.43
