Acquisition date and time: 00-00-   0 (00:00:00)
Live Time:,        0
Real Time:,        0
 
Photopeaks:,    15
  11,      1.041,        748,         67,       1.35
  12,      1.254,        226,         65,       1.05
  13,      1.487,       2028,         86,       1.44
  14,      1.740,       8321,        119,       1.21
  15,      2.013,        614,         88,       1.31
  16,      2.307,      49564,        312,       2.99
  17,      2.622,      35641,        239,       2.14
  19,      3.313,     141187,        439,       5.24
  20,      3.691,      52593,        259,       3.61
  22,      4.509,       4141,        156,       2.06
  23,      4.950,        330,        130,       1.97
  24,      5.412,        923,        140,       2.43
  25,      5.895,       1813,        168,       1.79
  45,      2.696,        499,        121,       2.01
  56,      4.464,        584,        189,       1.72
Incoherent scattering peaks:,     2
  16,      2.297,       3882,        314,       3.04
  19,      3.292,       1624,        325,       4.89
