Acquisition date and time: 00-00-   0 (00:00:00)
Live Time:,        0
Real Time:,        0
 
Photopeaks:,    15
  11,      1.041,        259,         69,       1.38
  12,      1.254,        182,         69,       1.54
  13,      1.487,       5151,        104,       1.12
  14,      1.740,      22334,        170,       2.12
  15,      2.013,        254,         81,       1.52
  16,      2.307,       7778,        158,       1.10
  17,      2.622,      39721,        289,       3.47
  19,      3.313,      40311,        257,       3.16
  20,      3.691,      83020,        301,       4.46
  22,      4.509,      12880,        209,       1.48
  23,      4.950,        334,        159,       0.90
  24,      5.412,       1164,        167,       1.65
  25,      5.895,       3125,        201,       2.55
  45,      2.696,        796,        131,       2.89
  56,      4.464,       1086,        224,       1.54
Incoherent scattering peaks:,     3
  16,      2.297,        216,        218,       1.05
  17,      2.609,       1136,        346,       3.20
  19,      3.292,        389,        229,       3.14
