Acquisition date and time: 00-00-   0 (00:00:00)
Live Time:,        0
Real Time:,        0
 
Photopeaks:,    15
  11,      1.041,        681,         79,       1.45
  12,      1.254,        258,         80,       1.63
  13,      1.487,       1471,         92,       1.02
  14,      1.740,       6977,        120,       1.76
  15,      2.013,        536,         92,       1.31
  16,      2.307,      43530,        304,       3.71
  17,      2.622,      17072,        185,       2.95
  19,      3.313,      78913,        295,       2.95
  20,      3.691,      22314,        195,       2.69
  22,      4.509,       2758,        186,       1.13
  23,      4.950,        820,        167,       1.45
  24,      5.412,       1305,        182,       1.73
  25,      5.895,       2139,        220,       2.74
  45,      2.696,        873,        109,       1.82
  56,      4.464,        956,        241,       1.38
Incoherent scattering peaks:,     1
  16,      2.297,       3297,        316,       3.72
