Acquisition date and time: 00-00-   0 (00:00:00)
Live Time:,        0
Real Time:,        0
 
Photopeaks:,    15
  11,      1.041,        944,         97,       1.43
  12,      1.254,        139,         98,       1.39
  13,      1.487,       3008,        144,       3.48
  14,      1.740,       8051,        153,       4.09
  15,      2.013,        628,        141,       1.37
  16,      2.307,      99400,        476,      11.79
  17,      2.622,     379498,        906,      22.29
  19,      3.313,    1667875,       1451,      73.30
  20,      3.691,      57879,        347,      11.82
  22,      4.509,       3583,        173,       1.13
  23,      4.950,        149,        148,       1.11
  24,      5.412,       2267,        167,       2.74
  25,      5.895,       2643,        197,       3.10
  45,      2.696,      19237,        382,      22.33
  56,      4.464,        824,        219,       1.49
Incoherent scattering peaks:,     3
  16,      2.297,      16778,        542,      11.72
  17,      2.609,      12335,       1019,      17.48
  19,      3.292,      84214,        963,      70.76
