Acquisition date and time: 00-00-   0 (00:00:00)
Live Time:,        0
Real Time:,        0
 
Photopeaks:,    15
  11,      1.041,        526,         81,       1.61
  12,      1.254,        403,         85,       1.89
  13,      1.487,      11405,        144,       2.35
  14,      1.740,      43918,        234,       5.00
  15,      2.013,        751,        104,       1.49
  16,      2.307,      30811,        203,       2.07
  17,      2.622,      42975,        264,       2.99
  19,      3.313,     175676,        492,       7.25
  20,      3.691,     143357,        402,       4.87
  22,      4.509,      25955,        268,       1.08
  23,      4.950,        955,        191,       1.19
  24,      5.412,       1770,        196,       1.54
  25,      5.895,       6460,        239,       3.16
  45,      2.696,        477,        142,       2.40
  56,      4.464,       1768,        268,       1.83
Incoherent scattering peaks:,     1
  19,      3.292,       1179,        373,       7.19
