Acquisition date and time: 00-00-   0 (00:00:00)
Live Time:,        0
Real Time:,        0
 
Photopeaks:,    15
  11,      1.041,       2364,         99,       1.80
  12,      1.254,        867,         95,       2.83
  13,      1.487,       8724,        138,       3.63
  14,      1.740,      46486,        241,       4.56
  15,      2.013,        752,        116,       1.88
  16,      2.307,      50211,        345,       2.73
  17,      2.622,     256140,        720,      19.42
  19,      3.313,     133412,        443,       9.60
  20,      3.691,     171551,        557,       5.52
  22,      4.509,      22559,        252,       1.73
  23,      4.950,        392,        174,       2.64
  24,      5.412,       2771,        183,       3.07
  25,      5.895,       7436,        234,       6.11
  45,      2.696,       1464,        254,      14.14
  56,      4.464,       1790,        251,       1.60
Incoherent scattering peaks:,     4
  16,      2.297,       9902,        405,       2.71
  17,      2.609,      11012,        794,      18.64
  19,      3.292,         46,        346,       9.12
  20,      3.665,       2001,        554,       5.12
