Acquisition date and time: 00-00-   0 (00:00:00)
Live Time:,        0
Real Time:,        0
 
Photopeaks:,    15
  11,      1.041,        506,         86,       0.98
  12,      1.254,        217,         86,       1.74
  13,      1.487,       4510,        115,       1.30
  14,      1.740,      19708,        171,       3.03
  15,      2.013,        977,        106,       2.04
  16,      2.307,      56038,        337,       3.11
  17,      2.622,       4569,        138,       3.27
  19,      3.313,     111890,        349,       6.11
  20,      3.691,      46686,        259,       4.49
  22,      4.509,       8638,        226,       1.99
  23,      4.950,        932,        189,       0.92
  24,      5.412,        914,        202,       1.59
  25,      5.895,       3350,        246,       2.68
  45,      2.696,        529,        106,       1.59
  56,      4.464,       1017,        274,       1.82
Incoherent scattering peaks:,     1
  16,      2.297,       2080,        337,       3.13
