Acquisition date and time: 00-00-   0 (00:00:00)
Live Time:,        0
Real Time:,        0
 
Photopeaks:,    15
  11,      1.041,       1037,         96,       2.00
  12,      1.254,        455,         94,       2.46
  13,      1.487,       5650,        127,       1.93
  14,      1.740,      27021,        197,       3.97
  15,      2.013,        444,        117,       2.67
  16,      2.307,      44460,        326,       3.29
  17,      2.622,      95690,        478,       6.68
  19,      3.313,     149279,        485,       8.94
  20,      3.691,     121609,        516,       8.09
  22,      4.509,      13385,        247,       1.95
  23,      4.950,       1130,        195,       0.93
  24,      5.412,       1213,        206,       2.38
  25,      5.895,       5008,        255,       2.44
  45,      2.696,       1049,        200,       4.39
  56,      4.464,       1370,        284,       1.76
Incoherent scattering peaks:,     4
  16,      2.297,       3972,        379,       3.70
  17,      2.609,       1112,        604,       6.46
  19,      3.292,        267,        389,       7.93
  20,      3.665,        782,        564,       7.62
