Acquisition date and time: 00-00-   0 (00:00:00)
Live Time:,        0
Real Time:,        0
 
Photopeaks:,    15
  11,      1.041,        486,         83,       1.32
  12,      1.254,        356,         83,       2.31
  13,      1.487,       6997,        124,       2.41
  14,      1.740,      31326,        202,       3.19
  15,      2.013,        565,         99,       2.13
  16,      2.307,      38126,        279,       3.32
  17,      2.622,      17376,        188,       2.82
  19,      3.313,      98000,        328,       4.78
  20,      3.691,      54965,        270,       3.47
  22,      4.509,      13393,        235,       2.06
  23,      4.950,        965,        185,       1.13
  24,      5.412,       1598,        201,       1.75
  25,      5.895,       3886,        240,       2.02
  45,      2.696,        607,        116,       2.25
  56,      4.464,       1359,        267,       1.97
Incoherent scattering peaks:,     1
  16,      2.297,       1387,        290,       3.30
