Acquisition date and time: 00-00-   0 (00:00:00)
Live Time:,        0
Real Time:,        0
 
Photopeaks:,    15
  11,      1.041,        551,         69,       0.50
  12,      1.254,        108,         68,       1.28
  13,      1.487,       2785,         94,       1.52
  14,      1.740,      10166,        129,       1.44
  15,      2.013,        849,         92,       2.36
  16,      2.307,      55361,        325,       3.70
  17,      2.622,      10086,        155,       3.08
  19,      3.313,     155841,        464,       7.19
  20,      3.691,      38040,        235,       5.35
  22,      4.509,       5299,        174,       1.43
  23,      4.950,        301,        143,       1.90
  24,      5.412,       1442,        156,       1.22
  25,      5.895,       2738,        190,       2.20
  45,      2.696,        234,        102,       1.65
  56,      4.464,        739,        209,       1.97
Incoherent scattering peaks:,     2
  16,      2.297,       3735,        318,       3.61
  19,      3.292,       2191,        347,       7.55
