Acquisition date and time: 00-00-   0 (00:00:00)
Live Time:,        0
Real Time:,        0
 
Photopeaks:,    15
  11,      1.041,        515,         77,       1.63
  12,      1.254,        560,         79,       1.35
  13,      1.487,       9341,        129,       1.25
  14,      1.740,      35760,        209,       5.48
  15,      2.013,        723,         91,       1.58
  16,      2.307,      28711,        249,       1.60
  17,      2.622,       8210,        145,       3.36
  19,      3.313,      86150,        370,       3.76
  20,      3.691,      48798,        338,       3.38
  22,      4.509,      18795,        241,       2.36
  23,      4.950,        878,        177,       2.48
  24,      5.412,       1557,        183,       2.46
  25,      5.895,       5833,        223,       3.21
  45,      2.696,        509,         99,       2.33
  56,      4.464,       1347,        248,       2.59
Incoherent scattering peaks:,     3
  16,      2.297,        614,        263,       1.59
  19,      3.292,        664,        300,       3.66
  20,      3.665,        986,        393,       3.06
