Acquisition date and time: 00-00-   0 (00:00:00)
Live Time:,        0
Real Time:,        0
 
Photopeaks:,    15
  11,      1.041,        415,         68,       1.07
  12,      1.254,        157,         69,       1.66
  13,      1.487,       5255,        106,       2.40
  14,      1.740,      21180,        167,       2.25
  15,      2.013,        453,         85,       1.36
  16,      2.307,      24785,        233,       2.13
  17,      2.622,      26085,        209,       1.92
  19,      3.313,      96191,        370,       5.28
  20,      3.691,      47836,        248,       3.56
  22,      4.509,      11151,        198,       1.26
  23,      4.950,        147,        150,       1.43
  24,      5.412,       1389,        159,       1.56
  25,      5.895,       3222,        192,       2.93
  45,      2.696,        342,        111,       1.91
  56,      4.464,       1029,        214,       1.14
Incoherent scattering peaks:,     2
  16,      2.297,       1128,        250,       2.08
  19,      3.292,        527,        290,       4.72
