Acquisition date and time: 00-00-   0 (00:00:00)
Live Time:,        0
Real Time:,        0
 
Photopeaks:,    15
  11,      1.041,        576,         82,       2.02
  12,      1.254,        382,         85,       1.35
  13,      1.487,      12720,        148,       2.08
  14,      1.740,      54773,        255,       6.29
  15,      2.013,        741,        105,       1.06
  16,      2.307,      23994,        246,       5.16
  17,      2.622,      69740,        388,       3.86
  19,      3.313,     116235,        419,       6.28
  20,      3.691,     157103,        537,       5.65
  22,      4.509,      30486,        274,       1.75
  23,      4.950,        624,        184,       1.13
  24,      5.412,       1525,        183,       1.41
  25,      5.895,       7310,        229,       4.96
  45,      2.696,        798,        170,       2.51
  56,      4.464,       1842,        256,       1.93
Incoherent scattering peaks:,     4
  16,      2.297,       1141,        304,       5.15
  17,      2.609,       1222,        476,       3.84
  19,      3.292,        731,        329,       5.76
  20,      3.665,       1195,        537,       5.15
