Acquisition date and time: 00-00-   0 (00:00:00)
Live Time:,        0
Real Time:,        0
 
Photopeaks:,    15
  11,      1.041,        253,         69,       0.93
  12,      1.254,        391,         73,       1.45
  13,      1.487,       9283,        125,       1.67
  14,      1.740,      43765,        226,       4.65
  15,      2.013,        369,         83,       1.96
  16,      2.307,      11271,        142,       1.42
  17,      2.622,      46992,        308,       3.14
  19,      3.313,      49447,        280,       2.69
  20,      3.691,     105458,        335,       4.47
  22,      4.509,      20641,        234,       3.25
  23,      4.950,        346,        162,       1.41
  24,      5.412,       1457,        167,       2.37
  25,      5.895,       3762,        203,       3.76
  45,      2.696,        591,        136,       3.64
  56,      4.464,       1567,        229,       3.33
Incoherent scattering peaks:,     2
  17,      2.609,       1420,        342,       3.21
  19,      3.292,         36,        243,       2.58
