Acquisition date and time: 00-00-   0 (00:00:00)
Live Time:,        0
Real Time:,        0
 
Photopeaks:,    15
  11,      1.041,        975,         80,       1.70
  12,      1.254,        399,         81,       3.23
  13,      1.487,       8861,        134,       1.78
  14,      1.740,      37078,        218,       3.21
  15,      2.013,       1056,        114,       1.59
  16,      2.307,      69187,        375,       3.34
  17,      2.622,      99654,        380,       7.23
  19,      3.313,     207635,        531,       8.92
  20,      3.691,     150005,        408,       5.21
  22,      4.509,      21680,        238,       1.99
  23,      4.950,       1118,        165,       1.63
  24,      5.412,       1528,        165,       1.40
  25,      5.895,       5269,        207,       3.89
  45,      2.696,        714,        172,       6.12
  56,      4.464,       1488,        235,       2.09
Incoherent scattering peaks:,     2
  16,      2.297,       7439,        390,       3.39
  19,      3.292,       2920,        394,       8.54
