Acquisition date and time: 00-00-   0 (00:00:00)
Live Time:,        0
Real Time:,        0
 
Photopeaks:,    15
  11,      1.041,       1818,        103,       3.68
  12,      1.254,        793,        101,       4.08
  13,      1.487,      18260,        177,       3.30
  14,      1.740,      88470,        322,       7.85
  15,      2.013,       1384,        139,       1.84
  16,      2.307,      53604,        361,       2.42
  17,      2.622,     221552,        673,      10.86
  19,      3.313,     188930,        532,      14.66
  20,      3.691,     369463,        806,      13.44
  22,      4.509,      47019,        322,       3.42
  23,      4.950,       1017,        203,       1.94
  24,      5.412,       2925,        195,       1.86
  25,      5.895,      11467,        256,       9.87
  45,      2.696,        221,        255,       7.59
  56,      4.464,       2739,        284,       3.76
Incoherent scattering peaks:,     4
  16,      2.297,       7132,        433,       2.57
  17,      2.609,       7345,        771,      10.59
  19,      3.292,       1404,        415,      13.57
  20,      3.665,       7367,        774,      12.99
