Acquisition date and time: 00-00-   0 (00:00:00)
Live Time:,        0
Real Time:,        0
 
Photopeaks:,    14
  11,      1.041,        253,         86,       1.82
  12,      1.254,       1947,        103,       2.82
  13,      1.487,      40983,        255,       5.22
  14,      1.740,     230167,        652,      16.44
  15,      2.013,        431,        138,       8.16
  16,      2.307,      45535,        251,       3.59
  17,      2.622,      33852,        234,       8.44
  19,      3.313,     513225,        826,      22.79
  20,      3.691,     397405,        818,      14.93
  22,      4.509,      87188,        395,       3.09
  23,      4.950,       1163,        224,       2.63
  24,      5.412,       2443,        203,       2.36
  25,      5.895,      25265,        289,       3.88
  56,      4.464,       4669,        299,       2.87
Incoherent scattering peaks:,     3
  14,      1.734,       9424,        632,      16.44
  19,      3.292,      13565,        555,      21.84
  20,      3.665,       4955,        790,      14.62
