Acquisition date and time: 00-00-   0 (00:00:00)
Live Time:,        0
Real Time:,        0
 
Photopeaks:,    15
  11,      1.041,        389,         70,       1.48
  12,      1.254,        230,         73,       1.71
  13,      1.487,       5720,        116,       1.52
  14,      1.740,      24902,        244,       2.20
  15,      2.013,       1027,         96,       2.33
  16,      2.307,      47829,        307,       2.73
  17,      2.622,       4421,        124,       3.99
  19,      3.313,      83893,        354,       3.70
  20,      3.691,      50818,        254,       3.37
  22,      4.509,      12015,        211,       1.34
  23,      4.950,        586,        163,       2.21
  24,      5.412,       1190,        172,       1.85
  25,      5.895,       3005,        205,       1.80
  45,      2.696,        492,         92,       1.97
  56,      4.464,       1062,        230,       1.81
Incoherent scattering peaks:,     3
  14,      1.734,        975,        272,       2.18
  16,      2.297,       2697,        303,       2.51
  19,      3.292,        401,        288,       3.65
