Acquisition date and time: 00-00-   0 (00:00:00)
Live Time:,        0
Real Time:,        0
 
Photopeaks:,    14
  11,      1.041,       1907,        112,       3.74
  12,      1.254,        986,        111,       4.30
  13,      1.487,      16823,        182,       2.29
  14,      1.740,      89111,        329,      11.30
  15,      2.013,       1841,        155,       3.25
  16,      2.307,      56846,        383,       3.92
  17,      2.622,     336136,        818,      22.24
  19,      3.313,     335771,        694,      14.52
  20,      3.691,     387205,        852,      14.49
  22,      4.509,      43729,        321,       2.90
  23,      4.950,        848,        208,       1.41
  24,      5.412,       1928,        201,       1.52
  25,      5.895,      10277,        262,       6.06
  56,      4.464,       3276,        295,       2.82
Incoherent scattering peaks:,     4
  16,      2.297,       7825,        463,       3.87
  17,      2.609,      18013,        826,      21.83
  19,      3.292,       4983,        498,      13.75
  20,      3.665,       4558,        852,      14.35
