Acquisition date and time: 00-00-   0 (00:00:00)
Live Time:,        0
Real Time:,        0
 
Photopeaks:,    15
  11,      1.041,         55,         70,       1.31
  12,      1.254,        691,         80,       1.40
  13,      1.487,       3380,        102,       1.95
  14,      1.740,      29758,        196,       5.12
  15,      2.013,        635,        102,       2.63
  16,      2.307,       8863,        135,       2.15
  17,      2.622,      18445,        191,       4.43
  19,      3.313,      90816,        383,       4.42
  20,      3.691,     425458,        812,      12.42
  22,      4.509,      31070,        269,       2.02
  23,      4.950,         46,        176,       1.12
  24,      5.412,       1431,        175,       0.94
  25,      5.895,       9548,        228,       6.44
  45,      2.696,        124,        118,       2.75
  56,      4.464,       2196,        249,       1.49
Incoherent scattering peaks:,     2
  19,      3.292,       3716,        330,       4.20
  20,      3.665,       8349,        712,      12.20
