Acquisition date and time: 00-00-   0 (00:00:00)
Live Time:,        0
Real Time:,        0
 
Photopeaks:,    15
  11,      1.041,        332,         65,       1.51
  12,      1.254,        109,         66,       1.00
  13,      1.487,       2944,         91,       1.51
  14,      1.740,      12429,        135,       2.74
  15,      2.013,        795,         84,       1.59
  16,      2.307,      33514,        259,       2.68
  17,      2.622,      16189,        174,       3.17
  19,      3.313,      96167,        371,       6.91
  20,      3.691,      34998,        219,       2.69
  22,      4.509,       5478,        174,       1.41
  23,      4.950,        504,        143,       0.96
  24,      5.412,       1024,        153,       1.77
  25,      5.895,       1722,        183,       1.68
  45,      2.696,        466,        101,       2.63
  56,      4.464,       1252,        201,       1.54
Incoherent scattering peaks:,     2
  16,      2.297,       1485,        264,       2.62
  19,      3.292,        455,        289,       6.76
