Acquisition date and time: 00-00-   0 (00:00:00)
Live Time:,        0
Real Time:,        0
 
Photopeaks:,    15
  11,      1.041,        354,         86,       3.12
  12,      1.254,       2419,        102,       1.69
  13,      1.487,      50281,        272,       5.69
  14,      1.740,     310364,        725,      25.26
  15,      2.013,        852,        138,       4.68
  16,      2.307,      42662,        239,       3.66
  17,      2.622,     135753,        432,       7.43
  19,      3.313,     329517,        664,      21.56
  20,      3.691,     502224,        867,      14.27
  22,      4.509,     120659,        439,       5.86
  23,      4.950,       2100,        230,       1.94
  24,      5.412,       3086,        191,       1.42
  25,      5.895,      29610,        285,       5.57
  45,      2.696,       1317,        194,       6.30
  56,      4.464,       6160,        295,       5.25
Incoherent scattering peaks:,     3
  14,      1.734,      13206,        659,      25.32
  19,      3.292,      10351,        466,      20.60
  20,      3.665,       9836,        767,      13.37
