Acquisition date and time: 00-00-   0 (00:00:00)
Live Time:,        0
Real Time:,        0
 
Photopeaks:,    15
  11,      1.041,        844,         70,       1.06
  12,      1.254,        192,         68,       1.15
  13,      1.487,       2392,         90,       0.84
  14,      1.740,      11566,        134,       1.81
  15,      2.013,        722,         89,       1.76
  16,      2.307,      51551,        316,       2.98
  17,      2.622,      29709,        222,       2.58
  19,      3.313,     116477,        402,       7.23
  20,      3.691,      40466,        234,       4.24
  22,      4.509,       5233,        169,       1.57
  23,      4.950,        690,        140,       1.22
  24,      5.412,       1278,        151,       1.54
  25,      5.895,       2541,        182,       3.21
  45,      2.696,        392,        115,       1.54
  56,      4.464,        669,        203,       1.86
Incoherent scattering peaks:,     2
  16,      2.297,       4259,        315,       2.99
  19,      3.292,       1048,        305,       6.64
