Acquisition date and time: 00-00-   0 (00:00:00)
Live Time:,        0
Real Time:,        0
 
Photopeaks:,    15
  11,      1.041,        657,         95,       2.05
  12,      1.254,       1910,        108,       2.15
  13,      1.487,      37205,        251,       5.78
  14,      1.740,     213915,        656,      16.90
  15,      2.013,       1041,        137,       3.10
  16,      2.307,      74710,        301,       5.03
  17,      2.622,       7456,        179,       8.89
  19,      3.313,     444919,        770,      18.49
  20,      3.691,     214364,        498,      10.22
  22,      4.509,      68008,        374,       3.95
  23,      4.950,       1038,        231,       1.47
  24,      5.412,       2493,        217,       1.16
  25,      5.895,      16695,        285,       3.75
  45,      2.696,        739,        140,       3.32
  56,      4.464,       4127,        317,       4.36
Incoherent scattering peaks:,     2
  14,      1.734,       7950,        651,      17.09
  19,      3.292,      11962,        551,      17.79
