Acquisition date and time: 00-00-   0 (00:00:00)
Live Time:,        0
Real Time:,        0
 
Photopeaks:,    15
  11,      1.041,        983,         94,       2.21
  12,      1.254,       1064,         98,       3.34
  13,      1.487,      29306,        205,       2.87
  14,      1.740,     176303,        438,      13.36
  15,      2.013,       1514,        135,       3.59
  16,      2.307,      62215,        367,       3.87
  17,      2.622,     114612,        408,       9.00
  19,      3.313,     186414,        527,      11.19
  20,      3.691,     362983,        785,      10.62
  22,      4.509,      71806,        376,       2.25
  23,      4.950,       2163,        224,       2.60
  24,      5.412,       4247,        207,       1.78
  25,      5.895,      14310,        272,      12.23
  45,      2.696,        482,        187,       5.67
  56,      4.464,       3969,        304,       2.37
Incoherent scattering peaks:,     3
  16,      2.297,       4051,        393,       3.82
  19,      3.292,       2183,        410,      10.40
  20,      3.665,       4197,        741,      10.54
