Acquisition date and time: 00-00-   0 (00:00:00)
Live Time:,        0
Real Time:,        0
 
Photopeaks:,    15
  11,      1.041,        119,         63,       0.27
  12,      1.254,        326,         68,       1.52
  13,      1.487,       4007,         97,       1.12
  14,      1.740,      13773,        140,       2.42
  15,      2.013,        235,         75,       1.24
  16,      2.307,       8255,        119,       1.41
  17,      2.622,      18886,        183,       2.42
  19,      3.313,      94101,        368,       5.94
  20,      3.691,      52541,        256,       3.74
  22,      4.509,       8601,        190,       1.74
  23,      4.950,        273,        150,       1.31
  24,      5.412,       1034,        160,       1.63
  25,      5.895,       3349,        193,       3.00
  45,      2.696,        775,        106,       2.33
  56,      4.464,       1243,        213,       1.74
Incoherent scattering peaks:,     1
  19,      3.292,        889,        291,       5.24
