Acquisition date and time: 00-00-   0 (00:00:00)
Live Time:,        0
Real Time:,        0
 
Photopeaks:,    15
  11,      1.041,        644,         96,       3.05
  12,      1.254,       2321,        110,       4.66
  13,      1.487,      45344,        270,       3.65
  14,      1.740,     272810,        715,      20.68
  15,      2.013,       1300,        146,       3.60
  16,      2.307,      68151,        290,       4.47
  17,      2.622,      95038,        379,       7.26
  19,      3.313,     360727,        705,      22.29
  20,      3.691,     426903,        844,      10.59
  22,      4.509,      97887,        417,       4.90
  23,      4.950,       1552,        235,       2.08
  24,      5.412,       2553,        205,       1.88
  25,      5.895,      24779,        290,       5.32
  45,      2.696,        926,        188,       7.11
  56,      4.464,       6432,        307,       5.07
Incoherent scattering peaks:,     3
  14,      1.734,      10104,        687,      20.64
  19,      3.292,       9868,        497,      21.85
  20,      3.665,       6476,        801,      10.45
