Acquisition date and time: 00-00-   0 (00:00:00)
Live Time:,        0
Real Time:,        0
 
Photopeaks:,    14
  12,      1.254,        861,        109,       2.59
  13,      1.487,       3242,        136,       3.85
  14,      1.740,      29580,        218,       5.28
  15,      2.013,       7002,        184,       2.54
  16,      2.307,      39676,        343,       3.33
  17,      2.622,     121964,        443,       9.79
  19,      3.313,     455415,        817,      20.36
  20,      3.691,    1045936,       1347,      32.15
  22,      4.509,      24173,        281,       2.20
  23,      4.950,        174,        208,       1.25
  24,      5.412,        599,        215,       2.65
  25,      5.895,      20123,        297,      15.50
  45,      2.696,       2540,        227,       8.15
  56,      4.464,       2550,        299,       2.23
Incoherent scattering peaks:,     3
  16,      2.297,        419,        414,       3.39
  19,      3.292,      24199,        609,      20.72
  20,      3.665,      21031,       1271,      32.81
