Acquisition date and time: 00-00-   0 (00:00:00)
Live Time:,        0
Real Time:,        0
 
Photopeaks:,    15
  11,      1.041,       1391,         87,       1.78
  12,      1.254,        330,         83,       1.76
  13,      1.487,       7911,        129,       2.12
  14,      1.740,      44870,        234,       2.43
  15,      2.013,       1146,        112,       1.82
  16,      2.307,      60847,        358,       3.36
  17,      2.622,     122050,        515,       6.74
  19,      3.313,     138719,        442,       8.06
  20,      3.691,     128815,        376,       5.20
  22,      4.509,      21373,        237,       1.64
  23,      4.950,       1005,        165,       1.36
  24,      5.412,       1345,        164,       1.62
  25,      5.895,       5132,        206,       3.26
  45,      2.696,       1183,        199,       5.54
  56,      4.464,       1136,        233,       2.01
Incoherent scattering peaks:,     3
  16,      2.297,       7655,        391,       3.17
  17,      2.609,        418,        638,       6.11
  19,      3.292,       1131,        341,       7.74
