Acquisition date and time: 00-00-   0 (00:00:00)
Live Time:,        0
Real Time:,        0
 
Photopeaks:,    15
  11,      1.041,         92,         61,       1.80
  12,      1.254,        547,         69,       2.27
  13,      1.487,        532,         73,       1.16
  14,      1.740,       2675,         88,       2.30
  15,      2.013,        648,         80,       1.29
  16,      2.307,       9875,        126,       3.39
  17,      2.622,      28677,        216,       2.14
  19,      3.313,      63354,        310,       3.07
  20,      3.691,      79538,        296,       2.30
  22,      4.509,       1726,        153,       2.16
  23,      4.950,        158,        137,       0.58
  24,      5.412,        771,        150,       1.63
  25,      5.895,       2813,        183,       2.42
  45,      2.696,        435,        114,       2.51
  56,      4.464,        923,        197,       2.13
Incoherent scattering peaks:,     1
  19,      3.292,        132,        256,       2.96
