Acquisition date and time: 00-00-   0 (00:00:00)
Live Time:,        0
Real Time:,        0
 
Photopeaks:,    14
  11,      1.041,        136,         94,       1.07
  12,      1.254,        469,         98,       0.51
  13,      1.487,       1566,        114,       1.80
  14,      1.740,       3160,        121,       1.90
  16,      2.307,      25368,        275,       3.11
  17,      2.622,     227095,        686,      15.64
  19,      3.313,     354698,        696,      15.16
  20,      3.691,      57840,        303,       5.73
  22,      4.509,       1376,        200,       1.74
  23,      4.950,       1154,        186,       2.14
  24,      5.412,        950,        207,       1.55
  25,      5.895,       2140,        250,       1.55
  45,      2.696,       2615,        281,      12.58
  56,      4.464,       1051,        268,       1.93
Incoherent scattering peaks:,     3
  16,      2.297,       4246,        350,       3.08
  17,      2.609,      12644,        746,      14.82
  19,      3.292,       6381,        516,      14.52
