Acquisition date and time: 00-00-   0 (00:00:00)
Live Time:,        0
Real Time:,        0
 
Photopeaks:,    24
  11,      1.041,        291,         70,       0.69
  12,      1.254,        266,         73,       2.34
  13,      1.487,       7807,        123,       2.93
  14,      1.740,      30967,        200,       8.39
  16,      2.307,      24177,        180,       2.68
  17,      2.622,      16945,        162,       2.73
  19,      3.313,     122285,        361,       5.95
  20,      3.691,      68675,        291,       3.96
  22,      4.509,      17839,        227,       2.07
  23,      4.950,        378,        166,       1.62
  24,      5.412,       1470,        171,       0.82
  25,      5.895,       6059,        218,       1.48
  26,      6.399,     298944,        667,       9.23
  28,      7.472,       2636,        394,       2.12
  29,      8.041,      14268,        427,       2.14
  30,      8.631,      16279,        417,       1.33
  35,     11.908,       7190,        402,       1.74
  37,     13.375,        576,        461,       1.29
  38,     14.142,       1606,        378,       1.40
  39,     14.932,        594,        367,       1.36
  40,     15.746,        981,        356,       1.35
  56,      4.464,        956,        238,       1.96
  72,      7.893,       1636,        395,       5.27
  82,     10.542,       3958,        390,       1.67
Incoherent scattering peaks:,     2
  26,      6.320,       6312,        552,       7.70
  26,      6.963,       9864,        405,       4.10
