Acquisition date and time: 00-00-   0 (00:00:00)
Live Time:,        0
Real Time:,        0
 
Photopeaks:,    24
  11,      1.041,        538,         75,       0.80
  12,      1.254,        365,         78,       1.53
  13,      1.487,      12774,        148,       3.54
  14,      1.740,      57386,        261,       9.82
  16,      2.307,      29550,        201,       2.80
  17,      2.622,      69445,        280,       6.30
  19,      3.313,     144198,        392,       9.24
  20,      3.691,      96113,        335,       4.55
  22,      4.509,      27560,        250,       2.19
  23,      4.950,        973,        169,       1.76
  24,      5.412,       1499,        167,       1.63
  25,      5.895,       7168,        216,       1.86
  26,      6.399,     455401,        766,      16.80
  28,      7.472,       1636,        378,       2.15
  29,      8.041,      11638,        398,       1.75
  30,      8.631,      19808,        403,       1.78
  35,     11.908,      15203,        394,       2.00
  37,     13.375,       1338,        443,       1.22
  38,     14.142,       2453,        353,       1.62
  39,     14.932,        262,        348,       0.91
  40,     15.746,       1425,        336,       1.77
  56,      4.464,       1254,        236,       2.47
  72,      7.893,       1439,        378,       4.12
  82,     10.542,       4554,        375,       1.96
Incoherent scattering peaks:,     2
  26,      6.320,       6996,        551,      14.32
  26,      6.963,       9354,        409,       4.72
