Acquisition date and time: 00-00-   0 (00:00:00)
Live Time:,        0
Real Time:,        0
 
Photopeaks:,    24
  11,      1.041,        710,         91,       2.40
  12,      1.254,        532,         96,       2.75
  13,      1.487,      20805,        186,       4.64
  14,      1.740,      93989,        332,      16.50
  16,      2.307,      25150,        204,       3.57
  17,      2.622,     141385,        389,      11.70
  19,      3.313,     145200,        406,      11.54
  20,      3.691,     265474,        526,      11.13
  22,      4.509,      54322,        332,       2.68
  23,      4.950,       1508,        212,       1.37
  24,      5.412,       2170,        205,       2.31
  25,      5.895,      10971,        264,       1.58
  26,      6.399,     861461,       1026,      22.77
  28,      7.472,       2479,        458,       1.92
  29,      8.041,      12486,        476,       2.18
  30,      8.631,      26370,        485,       2.31
  35,     11.908,       5576,        456,       2.21
  37,     13.375,        799,        524,       1.83
  38,     14.142,       4409,        428,       2.65
  39,     14.932,        438,        422,       1.47
  40,     15.746,       2562,        410,       1.64
  56,      4.464,       2391,        291,       2.71
  72,      7.893,       2026,        457,       4.49
  82,     10.542,       5128,        453,       1.60
Incoherent scattering peaks:,     2
  26,      6.320,      13027,        687,      19.21
  26,      6.963,      13475,        512,      10.76
