Acquisition date and time: 00-00-   0 (00:00:00)
Live Time:,        0
Real Time:,        0
 
Photopeaks:,    24
  11,      1.041,        779,         78,       1.88
  12,      1.254,        268,         75,       2.00
  13,      1.487,       1186,         90,       2.55
  14,      1.740,       4241,        110,       2.11
  16,      2.307,      48133,        240,       4.37
  17,      2.622,      19036,        171,       3.84
  19,      3.313,     117961,        352,       6.43
  20,      3.691,      22429,        200,       3.96
  22,      4.509,       2397,        180,       1.34
  23,      4.950,        600,        165,       1.80
  24,      5.412,       1127,        183,       0.85
  25,      5.895,       2207,        219,       1.56
  26,      6.399,      71823,        464,       3.98
  28,      7.472,       3857,        436,       3.60
  29,      8.041,      10737,        455,       2.03
  30,      8.631,      10222,        439,       2.25
  35,     11.908,      10482,        447,       1.94
  37,     13.375,        568,        514,       1.17
  38,     14.142,       1236,        409,       1.74
  39,     14.932,        630,        402,       1.95
  40,     15.746,        599,        390,       1.35
  56,      4.464,        594,        238,       1.80
  72,      7.893,       2328,        437,       5.59
  82,     10.542,       1966,        434,       1.96
Incoherent scattering peaks:,     2
  26,      6.320,       4726,        531,       3.77
  26,      6.963,      11731,        392,       1.68
