Acquisition date and time: 00-00-   0 (00:00:00)
Live Time:,        0
Real Time:,        0
 
Photopeaks:,    24
  11,      1.041,        547,         91,       0.97
  12,      1.254,        218,         90,       1.49
  13,      1.487,       5698,        123,       1.14
  14,      1.740,      25831,        193,       5.13
  16,      2.307,      23427,        185,       2.40
  17,      2.622,      29938,        203,       2.15
  19,      3.313,      65072,        280,       4.53
  20,      3.691,      61082,        284,       4.13
  22,      4.509,      11577,        249,       3.23
  23,      4.950,        780,        208,       1.64
  24,      5.412,       1259,        224,       1.87
  25,      5.895,       4593,        278,       2.59
  26,      6.399,     220477,        683,      11.85
  28,      7.472,       5841,        537,       4.68
  29,      8.041,      15804,        559,       4.23
  30,      8.631,      16732,        557,       2.22
  35,     11.908,       8656,        547,       2.03
  37,     13.375,        529,        628,       1.83
  38,     14.142,       1778,        508,       1.36
  39,     14.932,        853,        503,       1.34
  40,     15.746,       1538,        484,       1.38
  56,      4.464,       1460,        301,       3.16
  72,      7.893,       3168,        537,      10.90
  82,     10.542,       3663,        531,       2.85
Incoherent scattering peaks:,     2
  26,      6.320,       9326,        694,      10.85
  26,      6.963,      18080,        512,       3.39
