Acquisition date and time: 00-00-   0 (00:00:00)
Live Time:,        0
Real Time:,        0
 
Photopeaks:,    24
  11,      1.041,       1035,         86,       1.80
  12,      1.254,        670,         91,       3.60
  13,      1.487,      23646,        191,       4.16
  14,      1.740,     119721,        369,      18.37
  16,      2.307,      36023,        226,       5.33
  17,      2.622,     170297,        421,      11.00
  19,      3.313,     139965,        395,      11.86
  20,      3.691,     266384,        522,      12.41
  22,      4.509,      58275,        322,       3.13
  23,      4.950,       1547,        191,       1.93
  24,      5.412,       1974,        174,       1.07
  25,      5.895,      12997,        234,       2.40
  26,      6.399,     982371,       1046,      28.42
  28,      7.472,        959,        370,       1.34
  29,      8.041,      10522,        385,       1.38
  30,      8.631,      33776,        411,       2.24
  35,     11.908,      10575,        374,       1.93
  37,     13.375,       1065,        420,       1.28
  38,     14.142,       5063,        341,       2.44
  39,     14.932,        436,        334,       1.63
  40,     15.746,       2978,        326,       1.87
  56,      4.464,       1832,        255,       3.08
  72,      7.893,       1231,        368,       1.98
  82,     10.542,       6371,        365,       2.52
Incoherent scattering peaks:,     2
  26,      6.320,      12638,        602,      22.48
  26,      6.963,       9884,        444,      16.50
