Acquisition date and time: 00-00-   0 (00:00:00)
Live Time:,        0
Real Time:,        0
 
Photopeaks:,    24
  11,      1.041,       2799,        107,       3.30
  12,      1.254,       1141,        101,       5.05
  13,      1.487,      11125,        158,       4.56
  14,      1.740,      73108,        303,      11.16
  16,      2.307,      69050,        301,       6.26
  17,      2.622,     291252,        543,      24.74
  19,      3.313,     183980,        446,      13.46
  20,      3.691,     197824,        462,       7.13
  22,      4.509,      30098,        268,       3.08
  23,      4.950,       1024,        181,       1.69
  24,      5.412,       2069,        184,       2.05
  25,      5.895,       8634,        232,       2.12
  26,      6.399,     757619,        952,      22.90
  28,      7.472,       1653,        403,       1.65
  29,      8.041,      13905,        435,       2.27
  30,      8.631,      56448,        471,       2.65
  35,     11.908,      13825,        411,       2.01
  37,     13.375,       1256,        464,       1.65
  38,     14.142,       3740,        372,       1.89
  39,     14.932,        829,        363,       1.58
  40,     15.746,       2637,        353,       1.10
  56,      4.464,       1901,        255,       3.06
  72,      7.893,       1068,        402,       2.95
  82,     10.542,       2832,        394,       1.86
Incoherent scattering peaks:,     2
  26,      6.320,      12433,        617,      18.82
  26,      6.963,      11352,        458,      10.78
