Acquisition date and time: 00-00-   0 (00:00:00)
Live Time:,        0
Real Time:,        0
 
Photopeaks:,    22
  11,      1.041,        938,         80,       1.78
  12,      1.254,        380,         79,       3.14
  13,      1.487,       8332,        135,       3.14
  14,      1.740,      35300,        219,       5.87
  16,      2.307,      70026,        292,       5.91
  17,      2.622,      97962,        332,       7.70
  19,      3.313,     206006,        466,      10.18
  20,      3.691,     147133,        408,       5.26
  22,      4.509,      22006,        235,       2.55
  23,      4.950,       1237,        165,       1.95
  24,      5.412,       1640,        165,       1.80
  25,      5.895,       5882,        209,       1.72
  26,      6.399,     372569,        708,       9.33
  28,      7.472,       2536,        375,       1.47
  29,      8.041,      29379,        432,       2.07
  30,      8.631,      28606,        416,       1.36
  35,     11.908,      20191,        400,       1.49
  38,     14.142,       2489,        359,       1.22
  40,     15.746,       1639,        335,       1.38
  56,      4.464,       1181,        233,       2.69
  72,      7.893,       1075,        379,       3.06
  82,     10.542,       8102,        375,       2.25
Incoherent scattering peaks:,     2
  26,      6.320,       6110,        536,       7.70
  26,      6.963,       8094,        395,       3.41
