Acquisition date and time: 00-00-   0 (00:00:00)
Live Time:,        0
Real Time:,        0
 
Photopeaks:,    24
  11,      1.041,        663,         70,       0.88
  12,      1.254,        264,         68,       2.50
  13,      1.487,       1866,         92,       4.48
  14,      1.740,       7346,        125,       3.02
  16,      2.307,      60302,        267,       3.82
  17,      2.622,      30386,        208,       5.06
  19,      3.313,     290367,        535,      13.82
  20,      3.691,      30407,        228,       5.16
  22,      4.509,       3684,        162,       2.49
  23,      4.950,        193,        139,       1.57
  24,      5.412,       1042,        156,       2.44
  25,      5.895,       4251,        194,       1.67
  26,      6.399,      75651,        418,       4.02
  28,      7.472,       2701,        360,       2.88
  29,      8.041,       8716,        387,       1.68
  30,      8.631,      10224,        377,       1.41
  35,     11.908,       7731,        371,       1.69
  37,     13.375,       2645,        433,       1.59
  38,     14.142,       1181,        346,       1.21
  39,     14.932,        139,        337,       1.17
  40,     15.746,        374,        329,       1.12
  56,      4.464,        607,        204,       2.22
  72,      7.893,       1793,        370,       4.13
  82,     10.542,       3205,        356,       1.97
Incoherent scattering peaks:,     2
  26,      6.320,       4232,        448,       3.32
  26,      6.963,       7232,        336,       1.73
