Acquisition date and time: 00-00-   0 (00:00:00)
Live Time:,        0
Real Time:,        0
 
Photopeaks:,    24
  11,      1.041,        758,         86,       2.07
  12,      1.254,        281,         88,       1.59
  13,      1.487,      21989,        185,       4.17
  14,      1.740,      90627,        325,      14.86
  16,      2.307,      24991,        200,       2.34
  17,      2.622,     128028,        372,       7.80
  19,      3.313,     129058,        386,       9.80
  20,      3.691,     332290,        578,      14.91
  22,      4.509,      59669,        331,       3.02
  23,      4.950,       1203,        200,       1.94
  24,      5.412,       2037,        186,       1.36
  25,      5.895,      10733,        241,       4.39
  26,      6.399,     890365,       1016,      26.69
  28,      7.472,       1772,        408,       2.69
  29,      8.041,      12980,        426,       1.65
  30,      8.631,      34487,        449,       1.83
  35,     11.908,      17550,        419,       2.29
  37,     13.375,        429,        469,       1.00
  38,     14.142,       4161,        379,       1.64
  39,     14.932,        509,        372,       1.00
  40,     15.746,       2951,        361,       0.88
  56,      4.464,       2083,        271,       2.84
  72,      7.893,       1452,        406,       3.60
  82,     10.542,       4428,        400,       2.57
Incoherent scattering peaks:,     2
  26,      6.320,      11185,        629,      21.91
  26,      6.963,      11833,        472,      14.27
