Acquisition date and time: 00-00-   0 (00:00:00)
Live Time:,        0
Real Time:,        0
 
Photopeaks:,    24
  11,      1.041,        261,         71,       1.10
  12,      1.254,        348,         77,       1.41
  13,      1.487,      14935,        154,       2.84
  14,      1.740,      67733,        279,      13.59
  16,      2.307,      25732,        187,       2.10
  17,      2.622,      36268,        215,       2.84
  19,      3.313,     170023,        421,      12.78
  20,      3.691,     109667,        354,       4.79
  22,      4.509,      31043,        255,       2.38
  23,      4.950,        696,        169,       1.27
  24,      5.412,       1391,        167,       2.63
  25,      5.895,       8318,        219,       2.96
  26,      6.399,     539422,        813,      16.38
  28,      7.472,       1937,        375,       2.02
  29,      8.041,      10336,        389,       2.01
  30,      8.631,      16470,        394,       1.84
  35,     11.908,       5956,        378,       1.41
  37,     13.375,       1198,        432,       1.13
  38,     14.142,       2641,        350,       1.59
  39,     14.932,        542,        345,       1.26
  40,     15.746,       1778,        333,       0.93
  56,      4.464,       1315,        228,       1.96
  72,      7.893,       1602,        372,       3.69
  82,     10.542,       2955,        369,       1.35
Incoherent scattering peaks:,     2
  26,      6.320,       7242,        552,      14.42
  26,      6.963,       9357,        412,       6.59
