Acquisition date and time: 00-00-   0 (00:00:00)
Live Time:,        0
Real Time:,        0
 
Photopeaks:,    24
  11,      1.041,        345,         70,       1.24
  12,      1.254,        103,         72,       0.89
  13,      1.487,       8767,        128,       3.69
  14,      1.740,      39920,        221,       8.57
  16,      2.307,      18225,        165,       3.59
  17,      2.622,      47942,        236,       5.01
  19,      3.313,      80309,        302,       6.25
  20,      3.691,     129906,        373,       4.46
  22,      4.509,      24309,        241,       1.59
  23,      4.950,        858,        166,       1.36
  24,      5.412,       1469,        166,       1.26
  25,      5.895,       4864,        208,       1.80
  26,      6.399,     411729,        737,      13.45
  28,      7.472,       1818,        376,       1.58
  29,      8.041,       9430,        403,       1.50
  30,      8.631,      19873,        403,       2.41
  35,     11.908,       4065,        375,       1.52
  37,     13.375,       1141,        433,       1.60
  38,     14.142,       2607,        352,       0.86
  39,     14.932,        334,        346,       1.31
  40,     15.746,       1406,        335,       1.57
  56,      4.464,       1186,        232,       2.14
  72,      7.893,       1277,        376,       2.63
  82,     10.542,       2164,        369,       1.30
Incoherent scattering peaks:,     2
  26,      6.320,       6369,        544,      12.09
  26,      6.963,       9439,        403,       6.02
