Acquisition date and time: 00-00-   0 (00:00:00)
Live Time:,        0
Real Time:,        0
 
Photopeaks:,    24
  11,      1.041,        262,         70,       0.92
  12,      1.254,        217,         73,       1.14
  13,      1.487,       9590,        133,       3.71
  14,      1.740,      38821,        219,       8.54
  16,      2.307,      24052,        183,       1.93
  17,      2.622,      28967,        196,       3.64
  19,      3.313,     144051,        389,       8.22
  20,      3.691,      66159,        289,       6.37
  22,      4.509,      22555,        237,       2.15
  23,      4.950,       1187,        167,       1.21
  24,      5.412,       1550,        172,       0.91
  25,      5.895,       6880,        217,       1.84
  26,      6.399,     354357,        704,      11.53
  28,      7.472,       2286,        386,       2.50
  29,      8.041,      10934,        415,       1.56
  30,      8.631,      15515,        408,       1.36
  35,     11.908,       6014,        389,       2.33
  37,     13.375,        542,        448,       1.36
  38,     14.142,       1683,        365,       1.66
  39,     14.932,        239,        357,       0.81
  40,     15.746,       1316,        345,       1.68
  56,      4.464,        834,        236,       2.46
  72,      7.893,       1589,        387,       2.80
  82,     10.542,       3172,        380,       1.44
Incoherent scattering peaks:,     2
  26,      6.320,       5673,        550,      10.45
  26,      6.963,       9147,        404,       4.02
