Acquisition date and time: 00-00-   0 (00:00:00)
Live Time:,        0
Real Time:,        0
 
Photopeaks:,    24
  11,      1.041,       1545,         93,       2.11
  12,      1.254,        576,         91,       2.90
  13,      1.487,      12834,        160,       4.76
  14,      1.740,      63449,        283,      13.16
  16,      2.307,      61076,        284,       5.91
  17,      2.622,     185000,        442,      15.06
  19,      3.313,     209910,        478,      12.08
  20,      3.691,     291188,        551,      12.90
  22,      4.509,      38705,        286,       2.89
  23,      4.950,        893,        182,       2.06
  24,      5.412,       1709,        177,       1.97
  25,      5.895,       9127,        227,       1.33
  26,      6.399,     674489,        900,      18.65
  28,      7.472,       1187,        385,       2.08
  29,      8.041,      14125,        419,       1.82
  30,      8.631,      26199,        420,       1.96
  35,     11.908,      15272,        399,       1.53
  37,     13.375,       1482,        449,       0.91
  38,     14.142,       4670,        361,       1.66
  39,     14.932,        639,        351,       1.39
  40,     15.746,       2403,        343,       1.38
  56,      4.464,       2143,        255,       3.68
  72,      7.893,       1082,        386,       2.12
  82,     10.542,       4420,        383,       1.92
Incoherent scattering peaks:,     2
  26,      6.320,       9129,        588,      15.75
  26,      6.963,       9796,        437,       9.78
