Acquisition date and time: 00-00-   0 (00:00:00)
Live Time:,        0
Real Time:,        0
 
Photopeaks:,    24
  11,      1.041,        398,         67,       1.18
  12,      1.254,        131,         67,       1.00
  13,      1.487,       4970,        105,       2.89
  14,      1.740,      20521,        167,       4.56
  16,      2.307,      24464,        179,       2.38
  17,      2.622,      25672,        183,       2.01
  19,      3.313,      95453,        320,       6.19
  20,      3.691,      47348,        248,       3.77
  22,      4.509,      11482,        197,       1.49
  23,      4.950,        273,        150,       1.45
  24,      5.412,       1429,        160,       1.53
  25,      5.895,       3575,        198,       2.15
  26,      6.399,     206966,        576,       6.44
  28,      7.472,       2187,        369,       2.78
  29,      8.041,       9827,        396,       2.45
  30,      8.631,      15538,        391,       1.70
  35,     11.908,       9354,        381,       1.53
  37,     13.375,        686,        433,       1.93
  38,     14.142,       1168,        353,       1.31
  39,     14.932,        311,        343,       0.95
  40,     15.746,        690,        332,       1.07
  56,      4.464,        814,        218,       1.46
  72,      7.893,       1587,        369,       3.60
  82,     10.542,       2980,        367,       1.32
Incoherent scattering peaks:,     2
  26,      6.320,       5918,        506,       5.89
  26,      6.963,       8203,        371,       2.77
