$Informacoes da Fluorescencia de Raios-X:
"Sample    : Cu_34681_8p",                                                                
"Operator  : américo",                                                                    
"Comment  : micromatter 46,7ug/cm2",                                                      
"Group     : kerr2007ag180cal_lt",                                                        
"Date       : 2014-03-18 11:33:46",                                                       
"",                                                                                       
"Mesurement Condition",                                                                   
"------------------------------------------------------------------------------------",   
"Instrument : 700HS2   Atmosphere : Vac.   Collimator : 10(mm)   Spin : No",              
"------------------------------------------------------------------------------------",   
"Analyte               TG kV   uA      FI Acq.(keV)  Anal.(keV)  Time(sec)     DT(%)",    
"------------------------------------------------------------------------------------",   
"Na                    Rh 50  237-Auto Al  0 - 20    0.8 - 1.2   Live -  179   15",       
"",                                                                                       
"<Profile>",                                                                              
"Channel_info_start",                                                                     
"Channel : Na",                                                                           
"Points : 2048
"Range : 0.000000 - 20.480000",                                                           
"Step : 0.010000",                                                                        
"Channel_info_end",                                                                       
$DATA:
       0    2047
       0       0       0       0       0       0       0       0       0    2048
       0       0       0       0       0       0       0       0       0       0
       0       0       0       0       0       0       0       0       0       0
       0       0       0       0       0       0       0       0       0       1
      10      12      14       9      11      11      15      13      12      14
      10      14      19       7      15      10      12      15      13       8
      10      11      12      14       9       9       5      12      10      14
      11      12       7       9      11      16       8       6      15       7
      11       8      18      10      12      15      14       9      21      27
      21      34      35      23      49      57      67      91     135     165
     156     202     220     244     244     246     219     203     149     148
      98     100      73      55      30      27      21      21      19      21
      13      10       7      14       7      10      13       8      11      10
      11      11       9       9       9       6      13      11      12       7
       3       8       7      13       6       7       8      10      10      10
      17      12      16      12      11      10       5      20      14       9
      10       9      11      12       8       7      12      14       6       8
      12      12      19      14      11      14      13      17      22      11
      16      18      17      23      20      27      17      18      20      14
      13      14      16      16       9      20       9      22      16      17
      14      21      26      37      33      31      40      46      52      56
      67      58      42      44      49      40      35      26      18      18
      16      23      17      11      15      14       9       9      11      10
      15      13      12      23      25      22      17      24      34      29
      27      35      35      29      20      26      25      17       7      15
      14      19       9      10      10       9      13      10      12      12
       9      10      15      11       9      11      11      15       9      22
      10       8      10      16       6      10      12       7      14      12
      10      11      11       8       7      19      11       5      17      12
       5      10       9      18      13      10       9      12       8      11
      11       9      12      12       8       8      11      20       4       8
      12       8      11       9      11       6       5      11      12       9
      14      15      10      11      13      13      18      17      15      17
       9      13      15      10      16      12      14      21      11      13
      10       8      13      18      12       9      22      13      10       8
      18      16      15      14      13      24      19      10      20      12
      26      27      28      24      50      40      58      81     106     151
     214     220     302     371     407     483     534     564     631     601
     564     575     480     487     397     356     251     229     158     148
      98      70      68      55      45      50      19      34      28      25
      45      41      36      68      70      56      76      69      89     112
      92      95     101      95      91      75      74      67      50      56
      33      38      24      31      29      33      25      19      32      24
      27      35      19      30      26      30      19      35      31      30
      26      19      36      28      28      24      39      31      29      31
      21      31      34      32      29      32      36      35      31      40
      28      32      42      39      35      34      22      45      30      33
      26      25      25      32      23      26      30      27      19      26
      33      36      25      33      22      22      25      17      28      20
      20      37      24      25      19      28      23      31      24      29
      27      25      30      22      20      25      25      15      26      18
      28      21      23      23      26      25      21      15      17      32
      22      29      24      23      26      17      27      19      25      28
      30      28      24      27      31      28      22      21      28      35
      29      31      27      30      26      30      18      33      39      50
      39      38      27      41      42      36      33      31      35      30
      22      32      39      37      42      27      34      38      30      30
      35      40      25      36      43      38      30      33      40      37
      43      37      37      39      30      50      44      40      38      50
      47      37      43      44      43      45      33      55      47      58
      44      49      65      54      56      58      59      50      63      65
      70      55      59      56      58      59      52      54      74      53
      53      60      71      65      72      56      74      67      78      88
      70      88      74      93     113     118      95      90     117     111
     119     111     115     130      90     107     104      94      93      79
      83      78      87      69      75      72      70      71      64      63
      55      49      66      63      72      60      50      48      64      53
      50      75      48      60      81      40      70      52      60      62
      64      62      67      65      62      71      76      66      73      79
      70      69      77      72      77      64      76      82      75      97
      91      86      97      92      92      89      85      86      96      75
      84      96      93      82      73      78      89      82      85      96
      78      80      82      79      92      90      94      99      86      91
      77      95      85      83      65      83      88      80      88      63
      72      78      72      81      85      76      90      69      72     100
      87      73      90      78      79      78      82      76      77      72
      99      91      97      92      84      77     102      92      97      99
      98     100      92      89     134     112     113     121     117     127
     119     128     132     129     128     159     181     192     209     263
     324     348     504     681     913    1235    1580    2127    2830    3794
    4771    6278    7787    9811   11292   13777   15732   18431   20002   22771
   24658   26318   26576   27856   27691   27735   25846   25325   23346   22440
   19067   17444   15174   12894   10802    9057    7412    5897    4327    3596
    2651    1998    1435    1051     804     587     400     338     237     194
     168     151     135     120     107      94     108      93     100      96
      82      87      92     102      83      87     104      98      92      89
     108     106     116     115     127     131     156     154     122     142
     164     155     156     156     178     189     184     204     225     272
     288     299     439     450     557     681     831    1027    1133    1434
    1653    1927    2133    2391    2680    3056    3001    3288    3577    3743
    3545    3524    3536    3540    3194    3036    2876    2473    2133    1921
    1661    1487    1111     986     816     637     489     443     344     259
     201     184     144     107      92      81      84      76      78      78
      63      79      61      81      59      71      67      67      79      76
      96      83      60      67      52      60      91      83      76      76
      70      60      78      73      66      59      58      66      75      66
      65      71      78      62      75      57      71      66      51      72
      54      73      58      62      68      85      63      64      64      70
      63      58      62      56      47      52      58      53      65      47
      51      52      51      45      53      59      44      55      46      44
      48      46      42      47      51      54      48      57      50      58
      64      45      49      45      57      50      38      53      54      45
      45      62      58      48      50      46      47      46      50      55
      66      57      46      49      56      47      44      56      51      43
      41      51      48      45      45      59      62      48      60      50
      43      44      50      46      53      51      59      44      50      60
      58      59      41      44      53      35      62      36      57      44
      54      40      44      48      44      62      35      57      47      49
      51      61      45      47      54      55      45      44      51      50
      53      35      53      50      51      56      33      52      51      44
      46      43      55      63      46      64      43      60      39      54
      45      42      49      56      51      43      48      59      55      43
      54      48      56      66      60      60      51      42      44      47
      58      48      51      54      45      50      52      54      43      48
      56      46      37      51      45      54      55      61      45      46
      51      38      51      31      53      41      50      51      49      40
      58      53      42      46      44      51      42      50      40      39
      32      47      46      44      44      32      49      55      40      39
      51      66      63      50      56      41      47      54      60      48
      44      46      56      33      46      42      32      45      52      45
      42      40      39      58      43      42      44      45      34      48
      52      46      37      44      39      57      32      49      47      53
      46      34      40      46      44      43      49      51      45      50
      48      49      56      38      42      58      54      49      37      45
      36      50      44      42      41      41      44      49      42      46
      56      54      53      45      34      51      51      42      58      42
      47      45      50      47      50      50      43      53      41      38
      45      44      47      56      45      45      47      43      44      52
      43      34      43      39      33      48      49      36      50      54
      51      57      35      52      39      52      40      38      61      39
      44      59      35      36      38      40      37      46      46      43
      43      51      29      49      45      41      42      56      29      45
      50      50      38      44      42      44      30      49      49      36
      41      39      43      32      34      51      38      47      40      46
      40      50      41      33      32      25      53      44      44      27
      40      38      42      38      44      23      52      27      44      38
      34      42      39      37      51      56      47      54      34      53
      48      38      44      46      45      38      45      38      38      42
      27      34      44      36      34      39      41      44      42      39
      38      35      56      32      32      38      44      44      45      44
      46      26      39      46      32      36      38      42      41      28
      35      55      34      34      35      46      54      38      37      41
      42      34      43      42      27      44      48      47      40      49
      52      42      40      46      35      45      32      42      45      38
      38      32      39      51      43      28      43      33      37      38
      41      48      31      33      37      31      37      43      35      37
      36      44      30      39      26      39      44      36      32      33
      35      33      43      43      24      39      35      46      36      40
      45      32      46      37      41      46      43      28      45      50
      40      49      37      28      25      26      31      35      50      27
      38      34      41      39      29      35      46      41      43      37
      31      45      32      31      37      43      19      37      33      25
      35      34      29      39      34      30      34      33      43      43
      40      34      32      35      38      32      33      35      37      36
      39      42      46      28      33      40      41      35      32      33
      41      29      27      30      31      44      38      35      39      39
      33      35      32      41      45      36      42      37      34      40
      32      25      51      35      38      34      34      34      39      43
      41      38      34      40      22      45      36      28      31      35
      39      44      36      30      40      32      39      55      28      37
      42      57      56      42      47      42      59      71      52      67
      65      67      66      63      67      73      73      69      58      79
      73      67      81      68      69      65      75      58      55      54
      49      43      45      54      43      55      43      34      35      49
      31      38      37      50      26      36      28      30      25      25
      33      24      35      39      39      30      37      39      27      34
      29      30      36      26      40      34      35      24      34      26
      32      28      35      27      31      31      29      43      33      23
      33      34      30      34      22      35      34      30      42      36
      30      38      30      57      32      40      29      39      30      47
      42      42      38      42      37      39      49      41      39      37
      42      46      38      38      41      38      43      30      34      33
      28      39      36      35      26      39      34      31      32      28
      17      32      21      35      26      37      30      29      29      28
      29      31      30      32      38      28      30      24      31      29
      31      30      27      38      26      30      25      30      21      27
      29      29      30      15      22      33      47      38      38      32
      35      34      30      33      36      29      36      23      29      30
      22      28      26      32      21      27      43      30      27      26
      31      40      39      27      39      33      26      36      30      31
      35      26      37      40      38      34      23      31      34      31
      27      32      29      44      28      21      26      38      34      28
      29      35      31      20      29      22      20      36      30      33
      38      31      36      33      34      33      31      39      47      41
      33      46      39      38      24      30      37      38      28      36
      42      35      44      33      39      38      35      41      51      45
      43      38      37      38      45      49      41      47      37      43
      48      40      43      54      51      44      52      54      60      63
      65      60      65      83      68      70     101      80      83      67
      88      95     103     102      99     127     104      94     132     119
     130     106     125     131     140     140     161     150     149     155
     176     167     157     173     181     182     168     180     191     192
     186     194     211     228     227     184     222     203     185     181
     231     206     193     194     187     185     209     175     190     174
     199     165     183     176     139     158     163     172     149     158
     152     152     143     140     122     129     104     110     105     114
     110     106      91      96      83      78      85      75      84      87
      59      68      66      54      61      60      45      70      58      67
      46      52      36      49      54      35      40      37      44      55
      46      46      37      54      53      52      44      62      59      55
      62      59      59      72      67      59      86      85      70      98
      82      94     100      83      86      99      95     114     104      99
      81      94     109     104      97     106     107      81      94      91
      71      85      63      76      71      54      52      63      46      54
      51      44      42      33      39      32      28      29      32      35
      25      38      31      22      30      26      23   14843
