$Informacoes da Fluorescencia de Raios-X:
"Sample    : SiO_34665_8p",                                                               
"Operator  : américo",                                                                    
"Comment  : micromatter 52,6ug/cm2",                                                      
"Group     : kerr2007ag180cal_lt",                                                        
"Date       : 2014-03-18 09:53:51",                                                       
"",                                                                                       
"Mesurement Condition",                                                                   
"------------------------------------------------------------------------------------",   
"Instrument : 700HS2   Atmosphere : Vac.   Collimator : 10(mm)   Spin : No",              
"------------------------------------------------------------------------------------",   
"Analyte               TG kV   uA      FI Acq.(keV)  Anal.(keV)  Time(sec)     DT(%)",    
"------------------------------------------------------------------------------------",   
"Na                    Rh 50 1000-Auto Al  0 - 20    0.8 - 1.2   Live -  180   11",       
"",                                                                                       
"<Profile>",                                                                              
"Channel_info_start",                                                                     
"Channel : Na",                                                                           
"Points : 2048
"Range : 0.000000 - 20.480000",                                                           
"Step : 0.010000",                                                                        
"Channel_info_end",                                                                       
$DATA:
       0    2047
       0       0       0       0       0       0       0       0       0    2048
       0       0       0       0       0       0       0       0       0       0
       0       0       0       0       0       0       0       0       0       0
       0       0       0       0       0       0       0       0       3       3
      22      47      44      33      41      37      41      49      40      25
      47      34      47      40      38      46      24      45      42      38
      36      37      32      36      40      33      31      43      37      36
      39      26      29      25      42      36      29      35      44      29
      30      40      32      30      28      24      35      35      37      32
      25      31      27      31      26      27      36      32      25      33
      32      26      45      25      34      38      28      32      34      34
      44      32      35      31      36      26      25      36      32      35
      25      34      23      28      34      29      31      30      34      42
      32      43      38      29      40      39      31      39      27      40
      34      41      41      45      45      36      31      48      44      33
      46      39      47      65      48      46      61      57      58      75
      65     102      77      80      60      84      82      97      92     105
     126     220     316     506     674    1063    1467    2052    2645    3528
    3880    4622    4953    5118    4929    5096    4237    3877    3082    2608
    1914    1396    1023     760     499     397     310     224     177     158
     130     113     117     140     111     139     149     205     198     212
     191     207     201     161     180     134     118     105      94      73
      62      47      33      39      20      40      18      29      35      28
      25      30      25      37      29      24      20      34      18      34
      23      27      32      27      24      25      23      15      22      27
      24      22      20      23      25      24      24      19      19      20
      25      33      26      34      24      23      24      22      31      25
      29      33      42      39      37      33      46      38      45      45
      33      32      40      49      40      33      24      38      39      34
      47      31      46      36      36      33      33      32      29      34
      28      25      28      29      33      30      29      27      33      22
      41      22      28      38      21      33      21      23      33      28
      22      33      32      31      31      35      34      38      34      35
      36      39      35      43      44      34      45      32      37      35
      48      42      36      50      42      39      29      40      45      33
      39      41      46      49      45      48      45      46      47      64
      64      76      93     124     135     209     304     373     490     641
     731    1036    1190    1481    1772    2028    2121    2417    2360    2524
    2420    2274    2080    2000    1665    1437    1073     905     701     510
     387     302     219     189     137     133     117     117     120     140
     140     164     160     193     185     245     256     318     304     381
     341     358     286     304     326     274     295     216     205     197
     164     131     100     101      73      84      73      75      69      51
      69      54      48      70      73      69      64      79      68      90
      92      85      68      70      87      85     100      93      93      92
     103     113     104     105     110     122      90     102     114     113
     131     114     118     121     110     122     111     109     135     128
     122     110     121     120      98     106     104     118     103      94
     119     114      79     110     105      89      88      97      85      91
      83      80     105      78      87      95      78     109      79      91
      92      90      90      89      90      90      94      82     101      98
      98      97      90      98      99      82      89     102      99      82
      98     123      85     109     122     112      87      95     114      99
      93      93      99     108      89     105     105     138     111     146
     144     145     139     217     189     214     240     225     230     248
     266     245     282     287     229     250     223     222     205     200
     155     147     145     147     141     136     130     134      82     112
     122     139     114     123     138     149     137     148     125     141
     131     145     148     148     119     158     143     167     136     131
     134     136     128     154     189     170     153     137     172     183
     183     179     182     194     203     172     191     207     180     166
     169     176     177     171     176     155     163     169     181     173
     170     168     163     169     156     168     175     190     178     193
     177     155     187     201     206     222     246     251     296     370
     372     388     429     481     522     593     664     639     606     746
     666     724     669     673     622     557     529     481     419     392
     380     313     306     252     271     266     227     245     212     221
     237     247     211     232     188     224     211     223     233     204
     216     219     215     229     218     228     222     226     233     205
     204     211     216     217     201     209     213     236     210     226
     219     232     250     230     212     249     270     242     261     248
     285     273     314     297     266     272     285     274     290     258
     295     270     256     258     248     270     257     223     214     234
     213     227     206     219     205     202     195     219     207     203
     184     198     183     203     210     201     190     240     185     232
     227     234     228     206     228     266     206     240     212     267
     202     240     215     249     226     229     205     214     207     241
     231     210     207     219     218     201     199     262     239     263
     209     237     211     246     248     243     254     248     241     284
     285     268     252     286     266     315     245     303     289     289
     271     314     288     321     291     301     329     329     303     360
     338     329     344     336     355     338     348     321     319     306
     268     285     311     279     243     250     231     269     243     239
     244     234     231     212     230     232     193     223     227     250
     189     209     203     221     231     216     230     238     207     227
     231     213     207     204     232     194     216     227     242     238
     234     282     308     285     272     290     294     315     350     349
     325     351     366     362     340     350     302     311     323     354
     297     314     318     263     285     220     261     227     213     237
     232     239     224     237     239     226     208     243     215     214
     228     198     216     229     220     230     231     221     192     214
     238     223     225     233     213     198     227     215     210     216
     189     209     194     221     197     225     213     212     209     211
     234     230     208     229     206     202     198     214     200     233
     201     220     194     219     207     192     178     207     227     223
     242     241     222     208     237     225     224     221     235     234
     204     217     215     231     245     239     231     244     227     237
     227     234     243     234     233     236     209     245     210     240
     220     244     206     205     209     217     213     228     198     201
     222     207     191     211     205     228     192     204     230     217
     201     196     201     191     190     213     185     209     197     198
     221     192     213     198     203     226     219     195     186     217
     213     200     191     207     204     227     224     210     215     194
     194     229     192     207     183     216     186     209     203     192
     210     219     201     217     219     213     232     219     193     207
     180     247     195     227     189     206     221     189     204     195
     162     194     190     221     203     212     184     224     195     183
     195     227     194     208     226     209     191     221     204     188
     199     218     214     206     181     196     186     206     223     195
     203     232     191     237     178     226     216     195     209     190
     204     213     198     164     214     219     200     214     204     218
     174     192     170     208     210     213     221     197     185     204
     207     206     204     188     208     197     200     230     167     185
     206     167     183     227     183     189     194     215     183     213
     166     181     181     197     188     186     188     202     165     196
     188     177     189     207     200     219     184     209     221     200
     174     217     185     207     177     207     189     192     201     192
     193     199     195     203     187     213     177     211     183     198
     192     207     207     203     206     173     210     195     177     169
     173     190     195     178     200     193     194     189     177     162
     182     192     174     177     143     194     199     208     183     207
     200     177     188     191     170     171     206     163     172     196
     188     206     184     192     170     179     163     206     161     189
     190     185     182     174     172     174     164     159     174     165
     182     207     185     199     169     181     178     176     165     194
     168     195     177     177     190     171     175     169     192     185
     188     168     178     184     177     178     173     183     180     183
     171     197     168     200     169     158     155     180     176     191
     184     178     188     162     144     180     197     180     167     162
     202     189     147     165     183     164     163     164     175     177
     149     178     181     185     179     182     184     189     178     179
     190     180     166     163     172     173     177     171     173     162
     165     161     168     169     170     165     173     168     160     164
     177     196     156     160     176     168     162     173     162     185
     164     164     169     179     168     171     163     162     139     175
     154     142     148     151     182     146     173     169     186     151
     177     171     177     170     157     173     158     149     175     161
     154     180     158     177     174     166     161     182     165     186
     173     163     157     153     154     188     167     182     161     162
     153     184     159     160     159     155     150     165     163     168
     125     169     156     173     161     137     165     172     158     154
     187     155     155     174     156     164     160     143     169     155
     150     163     171     184     167     150     175     156     138     145
     131     170     143     159     155     138     152     157     177     149
     149     147     153     159     139     179     149     157     127     128
     151     177     149     161     156     154     125     158     128     158
     142     148     153     148     141     139     151     134     150     141
     119     145     141     136     146     150     146     156     152     163
     163     137     126     172     135     117     151     145     132     158
     166     142     149     169     141     151     146     154     162     156
     139     148     148     163     143     149     166     142     144     162
     157     169     150     125     138     160     142     137     151     157
     151     147     155     150     134     143     162     152     131     137
     144     155     141     129     142     167     134     150     131     135
     122     140     156     169     159     130     143     162     138     153
     129     146     125     143     133     140     148     130     134     137
     129     146     129     127     142     149     125     119     126     134
     148     113     129     123     165     163     129     142     135     143
     136     124     121     145     127     154     139     150     141     143
     133     146     137     126     120     128     140     123     129     126
     126     147     144     129     152     143     114     132     132     141
     123     132     132     143     135     133     127     147     130     130
     123     137     125     144     124     124     132     131     140     125
     118     123     128     112     123     135     131     131     141     129
     115     136     121     124     125     120     121     138     103     137
     142     126     147     151     122     133     133     142     134     124
     109     127     123     130     107     127     130     125     115     126
     111     127     119     128     124     129     129     137     125     115
     130     141     116     111     126     134     117     127     136     114
     130     132     112     106     148     144     125     113     125     130
     119     124     130     126     126     112     126     125     101     113
     106     144     115     120     110     113     136     116     123     124
     125     125     124     141     117     131     130     137     137     122
     113     136     111     126     131     153     120     116     115     136
     120     104     124     122     126     132     127     134     134     112
     125     147     116     128     100     110     144     117     116     147
     113     120     126     113     122     113     122     164      91     117
     135     104     110     122     132     118     118     115     114     132
     117     119     123     133     139     129     127     124     124     128
     150     119     111     113     138     136     118     126     117     131
     112     124     157     135     140     133     139     120     127     139
     132     112     135     117     141     156     115     142     143     152
     143     139     139     147     144     130     138     128     135     150
     132     129     142     148     156     144     143     162     157     163
     145     156     143     142     126     178     155     164     159     147
     163     168     160     165     169     179     155     170     184     150
     181     182     193     196     170     181     206     183     206     198
     199     202     206     207     239     230     233     239     257     262
     242     268     303     304     247     282     320     350     324     340
     375     396     395     397     398     448     454     460     538     463
     506     521     568     617     575     600     636     662     628     686
     729     712     705     740     797     783     757     821     807     878
     876     848     919     879     883     853     891     923     863     895
     966     943     857     882     818     873     846     865     862     835
     749     768     803     764     747     723     766     695     667     657
     650     675     618     591     570     523     511     492     490     478
     432     394     420     426     351     378     347     372     320     334
     323     288     292     279     260     252     245     227     298     223
     218     222     208     194     193     171     234     211     188     180
     184     180     189     182     209     205     179     212     198     204
     218     207     210     255     240     234     272     265     252     281
     290     342     299     316     322     344     332     329     344     342
     335     328     344     377     326     298     329     337     289     277
     276     306     248     241     228     246     210     187     157     190
     181     186     173     134     138     136     140     119     125     124
     124     119      98     110     112     125     109   60525
