$Informacoes da Fluorescencia de Raios-X:
"Sample    : GHA-199",                                                                    
"Operator  : THIAGO",                                                                     
"Comment  : ",                                                                            
"Group     : thiago_acra2010ma",                                                          
"Date       : 2010-06-12 01:05:45",                                                       
"",                                                                                       
"Mesurement Condition",                                                                   
"------------------------------------------------------------------------------------",   
"Instrument : 700HS2   Atmosphere : Vac.   Collimator : 10(mm)   Spin : No",              
"------------------------------------------------------------------------------------",   
"Analyte               TG kV   uA      FI Acq.(keV)  Anal.(keV)  Time(sec)     DT(%)",    
"------------------------------------------------------------------------------------",   
"Na                    Rh 50  496-Auto Al  0 - 20    0.8 - 1.2   Live -  959   21",       
"Channel_info_start",                                                                     
"Channel : Na",                                                                           
"Points : 2048
"Range : 0.000000 - 20.480000",                                                           
"Step : 0.010000",                                                                        
"Channel_info_end",                                                                       
$DATA:
       0    2047
       0       0       0       0       0       0       0       0       0    2048
       0       0       0       0       0       0       0       0       0       0
       0       0       0       0       0       0       0       0       0       0
       0       0       0       0       0       0       0       1       1       5
      95     206     190     177     197     206     180     210     196     197
     222     233     187     194     185     205     182     243     215     213
     236     237     282     333     285     299     316     331     300     282
     260     266     253     249     253     247     232     230     241     242
     250     253     256     292     262     310     291     354     349     448
     468     572     641     866     944    1161    1177    1318    1266    1314
    1109    1084     947     817     578     565     469     477     497     572
     583     657     664     747     758     811     666     692     660     561
     494     435     352     375     326     326     337     356     349     412
     508     531     555     629     696     713     681     706     630     606
     531     515     462     386     396     384     403     468     522     679
     887    1212    1475    2228    2366    3032    3452    3971    4051    4146
    3983    3964    3330    3144    2448    2236    1703    1421    1208    1178
     969    1035    1130    1615    2149    3408    4753    6796    8963   12086
   13835   17189   18554   21000   20319   21325   18291   17492   14113   12143
    9479    7545    5240    4040    2792    2236    1613    1441    1191    1111
    1049    1100     995    1068    1024    1060    1008    1112     955    1035
     925     982     883     909     798     820     761     827     689     746
     760     760     778     914     813     939     929    1028    1118    1287
    1391    1738    2027    2547    3045    3793    4239    4999    5641    6394
    6216    6893    6301    6358    5487    5324    4349    3907    3313    3025
    2550    2297    2065    1975    2045    2122    2169    2530    2942    3755
    4665    6368    8648   12209   16084   24322   27900   37994   42833   52585
   56076   63726   62465   65904   60356   58919   48682   43834   35438   29343
   21184   17161   11456    9076    6759    5792    5265    5436    5433    5889
    6286    6520    6307    6234    5789    5578    4658    4358    3174    2802
    2066    1745    1196    1022     784     635     519     425     439     421
     412     469     414     470     410     499     453     495     453     495
     495     511     582     649     605     718     838    1084    1238    1881
    2154    3177    4098    5755    7095    9647   11033   13806   15395   18141
   18290   19657   19304   19853   17848   17182   14199   12566    9825    8332
    6165    4754    3380    2686    1944    1536    1217    1091    1076    1238
    1374    1636    1911    2462    2900    3824    4721    6258    7815   10679
   13357   17488   20181   25422   29962   35636   38217   44318   44415   47322
   44439   44851   40778   38339   32020   27960   22882   18689   13310   10717
    7453    5759    3706    2704    1785    1348     981     998     900    1110
    1179    1538    1809    2331    2758    3396    3792    4428    4814    5656
    5625    6058    5729    5960    5407    5346    4367    4121    3479    2892
    2322    1786    1360    1137     788     625     528     445     332     378
     327     311     254     283     309     302     275     296     305     294
     263     343     337     358     414     456     630     776     926    1250
    1557    2027    2418    3093    3691    4544    5122    5956    6522    6991
    6994    7459    7128    7173    6323    5980    5308    4750    3796    3399
    2783    2412    1892    1691    1349    1202    1027     959     903     778
     730     678     626     647     606     589     632     624     666     753
     736     822     830     965     961    1112    1082    1282    1315    1444
    1454    1460    1548    1591    1634    1522    1478    1458    1250    1191
    1091     980     908     823     776     687     624     585     521     519
     519     558     498     557     556     567     567     598     527     634
     565     619     578     627     650     712     621     682     665     679
     623     728     708     702     715     806     711     804     759     822
     818     886     817     857     847     899     839     803     735     747
     721     685     686     709     683     725     666     733     648     698
     652     694     678     724     698     707     657     719     732     726
     726     749     758     783     779     871     934     999    1036    1206
    1243    1489    1564    1759    1956    2209    2284    2454    2450    2693
    2481    2674    2362    2420    2152    2228    2032    1884    1747    1672
    1468    1378    1204    1254    1136    1256    1071    1160    1130    1154
    1117    1172    1196    1191    1228    1388    1407    1589    1781    2122
    2626    3388    4294    5956    7463   10667   13291   18204   23415   30979
   36650   46859   55999   67496   74033   85734   93539  103746  104690  117266
  110734  114537  104341  103479   93025   88006   74180   67748   56157   48473
   37643   31414   24296   19299   13968   11180    7864    5903    4195    3136
    2530    2075    1579    1452    1352    1185    1205    1100    1095    1113
    1028    1051    1050    1112    1085    1147    1162    1186    1135    1186
    1264    1260    1213    1414    1410    1585    1572    1788    1932    2350
    2501    3214    3601    4429    4963    6007    7029    8160    9190   10537
   11798   13070   13044   14460   15143   15486   14331   14999   13940   13805
   12260   11599   10355    9213    7682    6836    5788    4972    3845    3422
    2601    2214    1836    1562    1309    1259    1103    1036     921     895
     827     865     851     898     908     839     912     923     908     909
     901     947     923     963     957    1017     943     984     986     981
     946     947     963     982     905     918     913     992     904     884
     906     857     867     904     913     954     862     830     929     884
     904     991     887     892     845     906     951     915     914     960
     954     904     917     956     930     992     961    1042     956     981
     981     989    1138    1129    1097    1156    1144    1211    1242    1273
    1251    1371    1335    1408    1332    1350    1375    1309    1315    1368
    1209    1233    1179    1135    1017    1105    1029    1031     997     986
     952    1009     921     932     909    1034     924     939     955     891
     837     931     882     920     895     923     928     965     878     938
     879     956     847     965     965    1082    1040    1181    1205    1443
    1417    1640    1695    2005    2069    2339    2558    2785    2888    3042
    3303    3399    3371    3433    3332    3530    3126    3085    2990    2963
    2489    2462    2280    2040    1794    1642    1601    1451    1242    1180
    1121    1101     975    1024     988     991     904     959     920     950
     954     920     915     950     926    1000     973     967     894     917
     944     999     847     900     858     982     873     976     946     912
     894     951     861     911     877     898     908     920     895     934
     950     861     834     886     877     925     831     891     950     908
     844     930     883     905     866     866     802     896     829     871
     879     881     858     843     857     907     912    1011     977    1000
    1005    1103    1095    1063    1147    1130    1132    1198    1122    1163
    1121    1116    1032    1077    1118    1094     990    1036     971    1029
     950     943     880     929     870     853     846     855     815     852
     835     838     764     824     831     866     856     826     828     865
     743     851     877     843     800     817     867     834     858     844
     897     857     747     831     822     820     863     874     883     920
     880     783     812     889     821     824     862     878     815     839
     795     918     781     873     854     849     786     889     881     866
     762     871     827     860     838     903     793     889     838     898
     826     854     852     928     922     939     895     981     963    1008
     946     992    1017    1006     956     978     965     991     944     980
     942     949     857     901    1009     888     870     940     805     920
     787     815     789     795     817     777     804     741     721     793
     794     821     767     828     762     789     773     811     817     803
     698     786     732     783     781     822     751     785     767     746
     769     805     727     736     800     798     742     764     775     755
     839     772     777     804     696     817     746     766     730     807
     830     780     744     766     789     773     751     720     792     810
     745     806     703     726     708     792     733     746     743     744
     755     789     669     776     745     811     724     755     755     760
     717     775     764     736     721     749     726     719     685     788
     762     803     762     778     747     746     767     864     801     832
     802     848     847     963     929    1072    1034    1176    1155    1301
    1377    1447    1559    1619    1708    1860    1788    1964    1824    2029
    1918    1892    1963    1968    1897    1849    1695    1712    1574    1524
    1502    1351    1273    1258    1194    1121    1009    1001     938     874
     852     777     840     828     736     738     723     796     675     685
     711     763     665     738     685     712     676     674     669     755
     649     660     689     716     650     692     651     655     604     682
     649     709     683     698     694     690     707     717     775     732
     663     744     747     757     757     729     766     800     751     779
     793     779     777     796     798     847     763     812     757     787
     776     772     820     819     742     820     750     831     759     733
     775     747     798     789     726     710     732     795     708     763
     709     735     670     740     696     664     685     674     694     644
     676     685     597     657     623     685     657     567     642     717
     643     667     704     687     633     698     719     751     759     793
     855     806     766     810     854     830     823     888     853     837
     869     899     849     937     864     894     880     898     864     851
     798     883     764     809     806     797     793     735     692     750
     647     696     683     664     589     682     616     657     639     700
     566     614     592     614     618     599     613     600     547     578
     570     550     621     582     575     612     609     606     599     569
     585     553     580     597     613     554     589     593     591     646
     583     610     609     651     655     678     682     700     716     787
     821     820     788     853     929     938     933     914    1040    1060
    1050    1062    1070    1042    1041    1040    1037    1051     967    1031
    1033     966     900     882     840     887     810     800     753     742
     708     751     658     667     631     631     638     573     576     550
     537     552     550     550     530     558     522     539     549     548
     553     580     561     516     570     540     571     598     525     537
     554     571     520     505     541     570     501     540     567     591
     552     529     579     598     552     540     540     578     579     547
     578     588     548     575     552     567     564     615     559     574
     587     571     502     598     565     640     585     557     564     552
     578     552     549     574     585     570     574     540     575     497
     498     542     563     538     513     485     514     567     542     529
     565     542     522     518     464     511     507     555     482     564
     533     556     490     480     521     464     529     533     444     484
     498     492     502     532     552     521     473     530     529     499
     489     513     536     582     508     563     502     578     589     504
     607     574     581     669     597     612     632     679     674     718
     635     753     777     773     725     699     724     717     683     695
     723     729     676     708     618     681     649     640     623     657
     618     602     612     627     542     520     540     553     499     554
     521     516     475     528     497     453     484     521     481     495
     455     531     493     495     445     498     485     495     453     494
     481     487     467     429     504     454     458     532     436     484
     413     477     471     469     480     442     492     482     418     481
     498     484     485     436     487     450     469     484     442     481
     451     460     462     542     482     447     447     482     469     478
     477     485     471     497     471     493     439     489     451     488
     458     482     480     480     439     456     443     473     458     455
     468     435     461     409     464     473     468     411     444     459
     413     445     413     462     450     445     453     480     442     426
     417     446     403     437     427     422     470     412     452     438
     451     405     443     442     448     442     429     411     409     429
     493     419     407     419     417     431     445     417     414     455
     418     459     412     434     446     481     434     419     439     417
     413     445     401     452     447     484     456     438     467     497
     439     456     468     475     451     463     459     439     453     452
     468     507     419     480     514     433     467     464     433     477
     452     441     522     490     498     462     490     502     438     468
     468     453     478     488     471     451     448     448     473     445
     430     420     496     478     419     464     502     508     419     497
     473     499     385     478     503     493     458     488     478     485
     433     493     527     511     494     553     518     497     541     499
     494     513     532     405     528     554     498     531     535     505
     499     505     540     559     535     529     498     565     588     566
     606     590     507     563     642     641     576     604     593     643
     587     623     627     642     644     642     701     752     634     747
     679     707     702     767     775     815     771     875     899     846
     836     897     922     992     969    1033    1070    1082    1085    1110
    1193    1170    1173    1293    1323    1377    1319    1393    1564    1564
    1539    1582    1659    1740    1743    1793    1875    2001    1947    1985
    2075    2157    2012    2202    2211    2377    2182    2367    2322    2519
    2367    2400    2538    2532    2539    2596    2589    2598    2567    2508
    2828    2607    2446    2549    2503    2583    2412    2558    2554    2478
    2322    2408    2309    2337    2179    2215    2282    2191    2074    2000
    1879    1849    1763    1821    1811    1787    1588    1640    1597    1563
    1467    1497    1460    1365    1256    1256    1195    1173    1109    1040
    1125     993     993     963     961     944     832     834     806     824
     743     792     761     788     725     715     725     703     689     664
     700     737     712     672     804     814     786     862     896     975
     942    1026    1137    1105    1093    1204    1264    1276    1305    1451
    1480    1547    1525    1612    1583    1658    1768    1734    1711    1770
    1651    1591    1760    1706    1633    1566    1668    1498    1323    1436
    1365    1237    1196    1118    1093    1034     984     878     815     801
     666     649     640     643     536     536     482     493     439     434
     461     429     399     385     385     408     361  202062
