$Informacoes da Fluorescencia de Raios-X:
"Sample    : GHA-254",                                                                    
"Operator  : THIAGO",                                                                     
"Comment  : ",                                                                            
"Group     : thiago_acra2010ma",                                                          
"Date       : 2010-06-12 22:10:51",                                                       
"",                                                                                       
"Mesurement Condition",                                                                   
"------------------------------------------------------------------------------------",   
"Instrument : 700HS2   Atmosphere : Vac.   Collimator : 10(mm)   Spin : No",              
"------------------------------------------------------------------------------------",   
"Analyte               TG kV   uA      FI Acq.(keV)  Anal.(keV)  Time(sec)     DT(%)",    
"------------------------------------------------------------------------------------",   
"Na                    Rh 50 1000-Auto Al  0 - 20    0.8 - 1.2   Live -  959   20",       
"Channel_info_start",                                                                     
"Channel : Na",                                                                           
"Points : 2048
"Range : 0.000000 - 20.480000",                                                           
"Step : 0.010000",                                                                        
"Channel_info_end",                                                                       
$DATA:
       0    2047
       0       0       0       0       0       0       0       0       0    2048
       0       0       0       0       0       0       0       0       0       0
       0       0       0       0       0       0       0       0       0       0
       0       0       0       0       0       0       0       0       3       8
      96     227     247     212     215     241     229     262     228     235
     235     225     220     245     237     252     250     259     255     272
     273     294     310     338     323     335     365     335     329     361
     345     344     319     365     279     326     333     303     334     354
     269     292     296     298     274     271     287     287     297     333
     330     423     428     431     508     511     558     643     591     610
     552     556     442     461     380     416     339     409     390     463
     468     501     520     542     569     574     553     513     477     471
     379     380     326     334     274     293     279     315     353     410
     427     493     540     580     583     627     591     707     522     569
     480     483     483     479     363     413     424     488     558     810
    1023    1426    1748    2328    2677    3316    3460    3993    4152    4154
    4033    3895    3631    3372    2822    2512    2121    1812    1478    1426
    1224    1452    1459    2033    2854    4271    5710    8171   10196   13428
   15088   18354   19604   21265   20704   22217   19528   18770   15623   13876
   10773    8742    6459    5114    3622    2673    1954    1570    1269    1135
     943     922     813     833     743     770     773     730     769     742
     718     689     656     685     631     690     560     678     540     573
     574     560     535     626     567     643     713     742     819     948
    1159    1540    1776    2368    2887    3668    4070    4848    5462    6086
    6093    6273    6244    6084    5316    5214    4341    3850    3070    2695
    2126    1830    1584    1550    1314    1374    1242    1438    1643    2015
    2238    2999    3899    5417    6878    9894   11108   14504   15870   19332
   20360   22993   22081   23400   21577   21323   18330   16735   13770   11872
    8937    7472    5225    4407    3156    2803    2427    2434    2259    2467
    2477    2609    2589    2561    2429    2283    1991    1923    1591    1459
    1158    1041     868     792     618     617     601     524     506     491
     509     513     535     552     546     564     556     561     587     585
     619     614     672     794     773     933    1223    1588    1879    2923
    3754    5392    6820    9590   11936   15494   17653   21954   24301   27527
   28138   30006   29895   30094   27288   27200   22164   20391   16421   14154
   10619    8384    6128    4634    3367    2547    1824    1643    1393    1546
    1625    1994    2450    2964    3198    4221    4723    6000    6915    8482
    9923   12078   13542   16347   18185   20944   21647   24683   24287   25609
   23725   24654   22057   20978   17509   15861   13177   10826    8418    6514
    4879    3725    2489    1872    1324    1063     850     804     753     880
     939    1121    1263    1577    1656    1966    2250    2707    2667    3272
    3056    3324    3133    3219    3057    3007    2531    2453    2046    1705
    1432    1241     970     903     685     616     519     510     433     451
     402     392     346     411     392     424     387     374     440     433
     428     445     419     474     546     583     616     810     970    1251
    1456    2024    2171    2836    3469    4052    4460    5099    5481    5855
    5754    6164    5879    5993    5231    5244    4542    4292    3546    3168
    2653    2303    1946    1720    1434    1231    1088     998     939     881
     850     787     760     781     754     706     754     758     785     764
     861     904     900    1011    1109    1148    1148    1247    1252    1423
    1381    1414    1467    1499    1496    1529    1450    1357    1327    1257
    1124    1105    1041     991     895     822     727     797     798     688
     652     726     699     738     734     673     659     695     743     742
     745     822     736     809     774     845     756     859     818     891
     796     842     914     872     930     908     964     953    1005    1033
    1067     998    1017    1026     962    1051     969     998     980    1026
     917     952     946     924     854     896     959     981     879     944
     943     923     833     879     888     995     899     900     944     994
    1034    1015     954    1042    1064    1182    1123    1313    1259    1577
    1666    1786    1873    2119    2289    2431    2491    2737    2789    2873
    2816    2979    2689    2697    2527    2468    2293    2196    1996    1943
    1769    1704    1501    1544    1453    1535    1305    1374    1367    1430
    1381    1448    1423    1514    1467    1514    1642    1885    1930    2296
    2619    3251    4004    5571    6827    9117   11492   15260   19175   24912
   28880   36685   43225   51643   55865   64777   70057   77468   78322   88486
   82269   85371   78428   78862   71196   67990   57992   53542   44743   39449
   30881   26525   21026   16811   12594   10324    7459    5982    4366    3587
    2819    2382    2020    1875    1694    1619    1421    1478    1446    1425
    1426    1583    1483    1530    1453    1571    1485    1576    1464    1574
    1580    1702    1598    1768    1696    1837    1824    2018    2217    2527
    2564    3139    3364    4050    4350    5290    6187    7014    7497    8576
    9140   10173   10582   11400   11949   12164   11472   11781   11186   11290
   10139    9586    8637    7945    6816    6154    5261    4578    3903    3531
    2834    2656    2132    2038    1832    1639    1526    1515    1442    1479
    1386    1449    1402    1432    1410    1354    1475    1455    1374    1456
    1452    1401    1455    1421    1477    1569    1363    1524    1465    1512
    1441    1458    1487    1466    1375    1470    1352    1341    1319    1446
    1349    1411    1340    1401    1375    1444    1354    1405    1516    1481
    1396    1446    1320    1392    1350    1468    1339    1444    1460    1503
    1477    1513    1465    1538    1432    1505    1465    1568    1477    1529
    1510    1622    1624    1653    1640    1797    1796    1869    1863    2048
    1994    2006    2017    1975    2031    2068    1946    2055    1890    1869
    1774    1770    1657    1658    1598    1548    1552    1539    1428    1405
    1423    1397    1392    1392    1312    1314    1234    1396    1356    1354
    1317    1298    1308    1367    1240    1302    1270    1334    1267    1407
    1386    1421    1351    1413    1439    1598    1634    1787    1906    2165
    2159    2512    2758    3130    3298    3649    4027    4473    4358    4819
    4995    5198    5092    5440    5438    5302    5047    5080    4693    4457
    4063    3849    3564    3289    2804    2685    2498    2245    2014    1977
    1783    1591    1434    1530    1513    1459    1304    1319    1385    1314
    1298    1333    1392    1401    1312    1298    1367    1308    1252    1345
    1314    1342    1214    1336    1274    1323    1157    1280    1196    1267
    1213    1253    1235    1334    1226    1304    1287    1360    1216    1333
    1335    1292    1163    1293    1272    1285    1239    1236    1293    1304
    1190    1262    1292    1314    1268    1299    1258    1323    1205    1343
    1295    1319    1279    1384    1349    1444    1311    1481    1495    1534
    1526    1591    1698    1746    1605    1660    1718    1809    1635    1693
    1819    1688    1615    1635    1601    1547    1443    1552    1415    1457
    1305    1375    1343    1362    1234    1288    1220    1252    1194    1187
    1207    1187    1235    1243    1172    1170    1168    1205    1159    1242
    1169    1120    1249    1213    1152    1252    1130    1242    1150    1196
    1178    1200    1140    1251    1195    1211    1168    1209    1176    1239
    1127    1149    1193    1191    1169    1197    1235    1208    1196    1208
    1217    1217    1168    1139    1236    1238    1181    1240    1202    1231
    1174    1227    1150    1256    1193    1256    1234    1257    1171    1288
    1242    1267    1289    1362    1323    1443    1380    1426    1465    1559
    1421    1508    1365    1569    1511    1552    1470    1529    1468    1467
    1405    1438    1390    1341    1249    1376    1267    1298    1299    1287
    1274    1226    1234    1281    1163    1214    1160    1254    1188    1189
    1178    1202    1167    1170    1136    1235    1149    1262    1261    1254
    1190    1190    1139    1262    1241    1142    1175    1275    1144    1234
    1227    1267    1127    1180    1242    1222    1205    1209    1212    1230
    1160    1157    1206    1222    1141    1176    1204    1209    1142    1199
    1230    1199    1171    1185    1134    1177    1131    1140    1196    1131
    1145    1135    1180    1184    1160    1200    1174    1226    1168    1185
    1168    1216    1120    1124    1102    1162    1096    1152    1163    1166
    1114    1143    1151    1123    1120    1181    1161    1200    1071    1161
    1141    1169    1120    1231    1145    1142    1133    1261    1132    1187
    1166    1240    1244    1338    1239    1366    1437    1452    1499    1621
    1616    1713    1703    1822    1894    1972    1934    2128    2075    2022
    2101    2142    2145    2042    2006    1958    1976    1895    1803    1896
    1655    1704    1528    1541    1413    1439    1278    1325    1242    1260
    1098    1175    1180    1204    1115    1079    1129    1091    1072    1011
    1051    1145    1014    1122    1078    1060    1051    1066    1081    1123
    1025    1059    1044    1063    1079    1111    1032    1136     978    1086
    1059    1031    1089    1071    1091    1086    1125    1031    1149    1189
    1070    1149    1097    1202    1052    1185    1218    1198    1134    1208
    1245    1250    1160    1251    1227    1231    1213    1256    1179    1199
    1136    1135    1117    1158    1052    1140    1113    1127    1076    1187
    1103    1149    1070    1034    1073    1134    1005    1052    1118    1113
    1076    1067     994    1068    1006    1087    1039    1016     941    1057
    1002    1007     964     996     979    1024    1031     958     972    1043
     955    1039    1026    1025     972    1103    1058    1050    1020    1086
    1133    1120    1133    1195    1187    1233    1124    1214    1225    1270
    1206    1241    1242    1325    1132    1158    1251    1232    1226    1232
    1141    1261    1141    1205    1178    1175    1136    1158    1054    1053
    1026    1028    1000    1039    1048    1014    1011     976     951    1023
     988     994     952    1004     985    1018     906     928     939     940
     898     980     975     954     922     923     988     957     862     880
     952     962     905     941     969     976     949     942     950     980
     900     951     943     999     915     945     977    1012     922    1044
    1086    1036    1041    1093    1104    1214    1124    1091    1165    1236
    1142    1142    1180    1259    1193    1203    1199    1250    1134    1154
    1125    1166    1108    1157    1062    1099    1008    1062    1017    1007
     981     919     973     968     876     897     875     923     818     903
     877     908     868     878     887     873     817     915     877     888
     848     845     854     858     876     849     835     862     777     879
     863     878     835     792     842     904     855     891     849     882
     861     831     886     894     813     892     842     904     818     848
     881     922     866     870     860     927     851     915     917     890
     830     905     909     889     823     883     872     863     798     915
     903     913     833     814     843     848     804     843     836     861
     830     827     850     843     762     789     816     806     814     798
     814     883     758     825     758     828     822     845     813     836
     776     814     840     807     791     734     830     804     755     783
     839     809     785     796     790     760     779     809     807     805
     765     840     818     821     815     818     810     863     833     852
     864     879     892     888     954     949     887     890     906     944
     868     964     873     958     948    1045     993     933     934     976
     899     921     835     966     886     904     935     853     885     853
     819     825     837     843     844     827     836     833     816     843
     773     810     758     772     749     792     788     805     730     772
     767     741     785     813     765     758     749     818     765     768
     735     770     746     689     788     688     719     721     764     742
     765     735     765     741     688     758     745     783     724     771
     741     744     726     686     779     736     725     761     747     794
     715     779     668     722     704     724     755     737     730     767
     751     765     695     804     733     704     717     779     761     714
     723     700     755     708     681     686     688     746     716     689
     737     734     641     741     756     716     670     709     753     782
     668     727     722     699     690     687     724     767     634     703
     741     713     719     646     709     701     715     677     778     692
     665     726     713     755     660     691     712     713     717     695
     719     656     728     762     716     747     674     755     789     685
     694     723     738     732     677     708     713     752     718     698
     743     713     692     698     719     735     756     712     682     750
     680     718     744     746     717     700     727     733     734     747
     718     721     743     741     715     715     725     732     752     743
     722     709     785     747     700     745     751     735     681     717
     769     731     705     732     803     736     678     761     768     751
     710     700     825     807     707     747     746     783     769     767
     769     743     785     795     794     797     773     803     800     806
     742     822     795     787     782     776     851     853     806     813
     761     872     837     859     832     855     833     826     824     870
     805     823     872     906     904     835     863     895     851     915
     897     940     901     951     922     978     950     972     963    1027
     945    1026    1107    1111    1077    1069    1199    1122    1141    1120
    1186    1203    1251    1248    1321    1368    1372    1383    1410    1471
    1432    1556    1528    1587    1612    1640    1773    1837    1840    1952
    1991    2109    2137    2192    2319    2389    2340    2410    2656    2775
    2553    2817    2893    2985    2921    3123    3342    3417    3364    3423
    3659    3751    3655    3893    3912    3933    3796    4136    4038    4247
    4041    4060    4604    4287    4172    4323    4391    4471    4328    4316
    4676    4401    4241    4314    4337    4284    4113    4261    4364    4169
    3944    4070    3978    4033    3722    3884    3619    3631    3468    3547
    3317    3302    3125    3028    3127    3047    2817    2683    2662    2699
    2427    2390    2505    2249    2104    2171    2144    1976    1942    1797
    1776    1739    1652    1586    1538    1506    1359    1449    1377    1370
    1223    1207    1280    1208    1177    1098    1179    1180    1107    1117
    1180    1145    1114    1140    1227    1184    1281    1312    1314    1396
    1384    1479    1604    1642    1684    1761    1794    1861    1913    1988
    2094    2137    2308    2332    2334    2434    2386    2421    2503    2461
    2301    2458    2507    2449    2366    2293    2366    2271    2009    2049
    2020    1959    1736    1706    1714    1592    1419    1334    1278    1262
    1117    1106    1085     953     952     796     853     745     686     679
     753     649     695     671     685     655     638  338477
