$Informacoes da Fluorescencia de Raios-X:
"Sample    : GHA-215",                                                                    
"Operator  : THIAGO",                                                                     
"Comment  : ",                                                                            
"Group     : thiago_acra2010ma",                                                          
"Date       : 2010-06-12 06:02:09",                                                       
"",                                                                                       
"Mesurement Condition",                                                                   
"------------------------------------------------------------------------------------",   
"Instrument : 700HS2   Atmosphere : Vac.   Collimator : 10(mm)   Spin : No",              
"------------------------------------------------------------------------------------",   
"Analyte               TG kV   uA      FI Acq.(keV)  Anal.(keV)  Time(sec)     DT(%)",    
"------------------------------------------------------------------------------------",   
"Na                    Rh 50  991-Auto Al  0 - 20    0.8 - 1.2   Live -  959   20",       
"Channel_info_start",                                                                     
"Channel : Na",                                                                           
"Points : 2048
"Range : 0.000000 - 20.480000",                                                           
"Step : 0.010000",                                                                        
"Channel_info_end",                                                                       
$DATA:
       0    2047
       0       0       0       0       0       0       0       0       0    2048
       0       0       0       0       0       0       0       0       0       0
       0       0       0       0       0       0       0       0       0       0
       0       0       0       0       0       0       0       2       3       5
     116     220     214     208     198     225     229     201     199     229
     189     225     222     201     213     240     223     258     234     243
     268     271     258     330     265     304     282     332     305     312
     299     287     277     321     300     283     282     309     260     292
     256     304     258     295     214     250     241     246     213     260
     228     246     265     287     278     306     268     335     318     309
     301     308     296     268     249     235     258     216     286     286
     295     306     275     332     339     321     330     279     326     345
     277     306     250     268     238     259     259     285     296     362
     391     482     443     473     543     544     542     624     502     553
     466     456     407     402     406     443     456     591     660     901
    1216    1666    1944    2896    3171    3945    4175    4922    4837    5204
    4798    4694    4389    3992    3331    2967    2446    2020    1599    1511
    1345    1565    1818    2431    3388    5104    6924    9864   12474   16238
   18587   22505   23478   26031   25435   26905   23632   23156   19186   17120
   13478   11008    7816    6188    4391    3172    2278    1801    1439    1230
     968     991     879     791     774     789     772     784     733     757
     728     757     641     627     602     577     538     461     440     505
     444     455     411     486     454     418     497     553     568     724
     807    1116    1377    1861    2211    2839    3240    3928    4043    4637
    4790    4986    4821    4713    4212    3924    3293    2921    2402    1960
    1510    1337    1067     925     776     845     760     825     820     906
    1022    1318    1600    1996    2410    3695    3784    5066    5393    6606
    6962    8021    7736    8186    7819    7303    6533    5833    4915    4228
    3190    2802    1989    1694    1297    1232    1030    1103    1036    1120
    1058    1198    1128    1194    1107    1114     950     902     813     756
     607     550     492     576     459     531     469     480     448     429
     433     493     437     484     492     502     507     519     537     532
     591     621     632     705     810     896    1081    1434    1738    2527
    3268    4689    5870    8189   10259   13347   15350   19032   20593   23768
   24152   26113   25566   25854   23513   23682   18943   17934   14098   12065
    9365    7325    5133    4032    2854    2267    1645    1448    1309    1441
    1506    1884    2225    2772    3287    4209    4886    6335    7319    9219
   11116   13599   15342   18526   21534   24915   25800   30007   29332   31053
   29315   29694   27146   25469   21411   19567   16426   13258   10131    8126
    5906    4404    3073    2369    1570    1229     941     892     909     978
     998    1270    1498    1727    2039    2429    2734    3205    3237    3822
    3683    4038    3834    3870    3660    3564    3071    2796    2495    2216
    1708    1474    1159    1036     747     677     518     513     395     431
     384     388     370     397     399     417     370     362     367     385
     377     442     438     514     561     638     786     942    1056    1399
    1845    2331    2766    3417    4179    5067    5450    6427    6821    7481
    7379    7837    7413    7635    6818    6493    5798    5273    4424    4014
    3303    2923    2314    2006    1597    1441    1299    1179    1068     973
     836     794     817     790     763     776     769     719     783     854
     927     883     964    1084    1119    1220    1208    1424    1537    1559
    1596    1730    1720    1754    1659    1739    1693    1631    1507    1405
    1348    1305    1181    1048    1017     862     783     782     801     741
     682     790     678     713     687     735     747     785     741     819
     808     747     782     753     771     934     795     854     811     847
     840     882     871     974     890     937     973    1043     947    1023
    1047    1075    1031    1062    1006    1050     942    1017     934     971
     938     964     884     928     870     909     847     891     894     983
     844     920     865     884     883     950     871     941     932     973
     919     938    1080    1052    1026    1204    1208    1278    1315    1548
    1602    1854    1955    2265    2403    2534    2683    3047    2865    3048
    3001    3220    2932    2957    2715    2674    2476    2378    2033    1993
    1766    1742    1483    1526    1471    1456    1396    1382    1372    1380
    1323    1398    1418    1552    1481    1588    1737    1951    2106    2539
    2934    3933    4779    6604    8495   11617   14241   19733   24193   31797
   37407   47268   56281   66296   72674   83812   90897  100628  101610  114988
  106869  111017  101892  101584   92714   87789   74669   68458   57958   50547
   39516   34326   26182   21573   15887   12828    9176    7182    5020    4102
    3131    2587    2117    1894    1688    1513    1462    1424    1474    1381
    1392    1318    1353    1432    1361    1489    1430    1484    1377    1532
    1510    1578    1593    1694    1743    1850    1903    2103    2378    2719
    2968    3471    4127    4784    5277    6216    7390    8594    9148   10549
   11504   12606   12979   14192   15107   15693   14802   14883   14172   13960
   12504   12206   10626    9986    8191    7457    6261    5637    4466    3973
    3210    2838    2314    2094    1816    1650    1535    1441    1315    1381
    1263    1330    1259    1296    1247    1250    1299    1332    1262    1354
    1330    1354    1318    1341    1386    1465    1344    1389    1397    1466
    1378    1365    1381    1424    1292    1324    1288    1307    1196    1326
    1288    1324    1221    1343    1186    1278    1285    1261    1306    1297
    1148    1288    1261    1350    1164    1292    1339    1290    1308    1360
    1435    1338    1268    1385    1308    1431    1347    1379    1401    1408
    1413    1554    1460    1643    1577    1657    1689    1770    1721    1908
    1928    1950    1897    1997    1932    1996    1980    1953    1922    1745
    1697    1822    1639    1629    1483    1593    1492    1487    1359    1343
    1335    1283    1230    1255    1303    1273    1227    1218    1174    1211
    1160    1253    1204    1160    1151    1258    1134    1190    1190    1241
    1220    1210    1154    1239    1255    1315    1281    1445    1415    1615
    1617    1826    1965    2190    2253    2397    2578    2816    2790    2927
    3114    3283    3205    3186    3363    3362    3194    3251    2750    2882
    2560    2521    2356    2237    1902    1915    1770    1631    1513    1446
    1391    1380    1229    1283    1237    1187    1204    1248    1222    1221
    1170    1178    1208    1156    1158    1170    1243    1250    1051    1216
    1168    1154    1101    1137    1062    1109    1089    1190    1147    1148
    1158    1156    1067    1154    1090    1187    1106    1167    1137    1133
    1165    1199    1157    1151    1245    1201    1113    1130    1154    1237
    1114    1137    1075    1218    1131    1087    1089    1116    1034    1120
    1130    1093    1104    1173    1216    1175    1148    1320    1158    1247
    1239    1321    1348    1296    1343    1396    1344    1444    1356    1337
    1327    1352    1316    1338    1278    1268    1181    1236    1241    1339
    1168    1220    1070    1101    1128    1129    1080    1148    1077    1176
    1104    1146    1127    1093    1133    1113    1059    1076    1026    1039
    1081    1038    1098    1085    1059    1085     992    1141    1045    1106
    1110    1074    1040    1085    1119    1081    1118    1179    1109    1139
    1124    1163    1113    1057    1077    1136    1077    1143    1087    1131
    1051    1128     998    1105    1142    1020    1042    1077    1094    1086
    1035    1133    1125    1167    1049    1107    1034    1190    1079    1160
    1075    1145    1168    1243    1145    1221    1204    1243    1246    1249
    1290    1360    1296    1346    1223    1386    1246    1289    1276    1273
    1268    1289    1149    1201    1191    1213    1210    1210    1154    1154
    1038    1121    1041    1109    1005    1159    1041    1075    1036    1039
    1113    1068    1012    1130    1090    1124     972    1061    1050    1100
     954    1149    1076    1120    1032    1104    1050    1119    1086    1066
    1049    1113    1009    1080    1107    1049    1016    1031    1033    1029
    1051    1044    1053    1051    1043    1084    1075    1124    1072    1060
    1085    1047    1085    1074    1054    1114    1101    1072    1079    1069
     956     987    1027    1022     971    1034    1083    1062     958    1130
    1031    1056     960    1032    1042    1036     964    1006    1052     971
    1045    1057    1075    1017     983    1027    1021     994    1035    1022
    1057     926     949    1051    1033    1104    1027    1042    1036    1146
    1035    1160    1160    1200    1161    1212    1338    1415    1372    1462
    1504    1647    1591    1698    1761    1890    1787    1940    1891    2000
    1935    1929    1898    1884    1905    1909    1787    1757    1682    1629
    1604    1611    1423    1453    1372    1346    1227    1210    1203    1193
    1090     979    1009    1065    1005    1002    1056    1050     952     976
     972     977     980     960     937     978     959    1016     945    1032
     893     935    1018     970     914     998     896    1003     907     955
     910    1002     936    1008     968     972     972     989     959    1009
     931    1024     991    1061     950    1089    1003     999     974    1052
    1034    1080    1083    1102    1102    1068    1115    1092    1041    1093
    1029    1047    1137    1032    1014    1033    1058    1042    1027    1005
    1059    1033     963     964    1041    1014     962     964     968     967
     959     960    1056     980     901     982     924     923     925     910
     896     924     874     906     885     936     915     910     918     925
     837     937     932     925     982     903     978    1009     968    1017
    1011    1077    1020    1072    1104    1088    1118    1113    1164    1170
    1063    1266    1158    1163    1133    1118    1154    1194    1084    1088
    1074    1093    1066    1013    1083    1061     954    1027    1020    1052
     905     905     959     934     844     897     880     854     864     927
     874     869     827     842     821     821     834     852     882     864
     825     819     839     897     798     844     816     827     811     796
     818     867     816     824     872     812     827     875     826     883
     787     882     870     917     840     906     910     864     905     892
     995     970     960    1070     978     998    1041    1163    1137    1118
    1068    1102    1161    1174    1078    1161    1125    1154    1047    1112
    1071    1100    1068    1051    1048    1005     887     914     918     962
     876     847     906     829     876     810     801     856     791     748
     787     790     756     793     790     831     782     774     740     765
     810     793     732     774     790     730     803     786     751     764
     702     756     731     765     778     786     725     785     789     783
     757     772     838     853     744     772     780     837     762     782
     789     799     748     778     745     804     786     805     759     764
     821     794     812     833     716     762     830     808     778     819
     784     772     727     732     772     808     740     786     736     785
     732     727     764     725     746     677     732     776     705     715
     753     737     731     750     716     721     716     721     691     737
     733     718     741     706     684     666     765     704     687     706
     714     720     701     732     704     764     683     775     678     665
     639     737     704     725     750     733     732     774     714     813
     793     838     753     831     837     802     837     854     875     932
     887     965     872     933     883     959     863     977     927     849
     936     882     902     935     923     846     840     804     876     854
     848     776     827     811     785     731     738     707     679     801
     747     731     695     660     647     684     671     670     698     725
     625     688     656     634     644     697     713     709     667     671
     678     745     620     644     677     627     636     691     739     651
     606     622     697     621     673     669     695     668     648     643
     642     678     635     614     682     665     642     659     651     706
     674     719     682     707     659     649     657     635     639     686
     623     697     655     660     714     679     614     665     653     706
     661     680     671     686     615     656     621     640     602     665
     635     735     643     627     630     647     622     640     692     647
     648     648     642     644     646     625     643     688     624     627
     644     647     651     600     640     666     611     630     647     616
     617     733     657     625     568     655     588     657     596     623
     664     649     649     641     633     680     655     596     651     678
     603     627     599     676     606     683     659     658     587     652
     646     634     614     621     576     705     624     659     679     652
     631     589     701     656     626     625     623     706     646     632
     707     660     625     664     638     679     658     667     729     661
     685     669     712     697     642     678     627     715     629     661
     670     657     671     643     677     659     652     673     666     691
     684     576     789     684     635     669     658     745     659     702
     664     735     683     739     730     711     652     725     745     721
     651     644     694     702     683     735     735     728     698     725
     718     729     713     756     701     790     730     736     765     771
     698     768     780     801     794     802     796     813     807     834
     813     862     817     902     864     879     862     899     906     960
     862     891     924     958     949     945     973    1035    1020    1093
    1042    1121    1071    1041    1158    1205    1245    1189    1252    1372
    1228    1370    1392    1485    1341    1549    1558    1683    1728    1624
    1835    1868    1809    1926    1962    2160    2060    2162    2368    2282
    2348    2388    2606    2659    2689    2630    2875    2974    2999    3030
    3185    3301    3042    3320    3513    3510    3332    3489    3682    3807
    3634    3607    3924    3977    3858    3887    3897    3946    3844    3837
    4306    4015    3792    3943    3819    3907    3698    3689    3874    3729
    3516    3501    3461    3499    3285    3391    3226    3229    3099    3011
    3050    2956    2845    2719    2721    2517    2405    2538    2335    2438
    2229    2144    2166    2036    1854    1916    1852    1770    1732    1557
    1581    1435    1414    1405    1342    1367    1223    1187    1272    1172
    1103    1112    1130    1053    1002     992    1042    1088     963    1042
     990    1069     954     997    1176    1173    1067    1142    1174    1258
    1285    1329    1449    1481    1445    1479    1592    1844    1796    1899
    1959    2001    2014    2101    2082    2117    2175    2134    2198    2370
    2213    2218    2270    2227    2069    2044    2226    2099    1871    1828
    1835    1822    1611    1544    1552    1353    1329    1308    1193    1202
     967     992     925     905     836     747     750     715     689     683
     730     626     538     598     603     564     535  302328
