$Informacoes da Fluorescencia de Raios-X:
"Sample    : GHA-340",                                                                    
"Operator  : luisf",                                                                      
"Comment  : ",                                                                            
"Group     : thiago_acra2010ma",                                                          
"Date       : 2010-06-14 07:50:29",                                                       
"",                                                                                       
"Mesurement Condition",                                                                   
"------------------------------------------------------------------------------------",   
"Instrument : 700HS2   Atmosphere : Vac.   Collimator : 10(mm)   Spin : No",              
"------------------------------------------------------------------------------------",   
"Analyte               TG kV   uA      FI Acq.(keV)  Anal.(keV)  Time(sec)     DT(%)",    
"------------------------------------------------------------------------------------",   
"Na                    Rh 50  914-Auto Al  0 - 20    0.8 - 1.2   Live -  959   21",       
"Channel_info_start",                                                                     
"Channel : Na",                                                                           
"Points : 2048
"Range : 0.000000 - 20.480000",                                                           
"Step : 0.010000",                                                                        
"Channel_info_end",                                                                       
$DATA:
       0    2047
       0       0       0       0       0       0       0       0       0    2048
       0       0       0       0       0       0       0       0       0       0
       0       0       0       0       0       0       0       0       0       0
       0       0       0       0       0       0       0       1       1       9
      93     220     224     224     217     186     226     201     194     199
     213     254     206     238     227     231     219     253     260     263
     252     289     312     333     280     343     327     352     317     311
     333     322     306     326     287     260     290     295     294     296
     309     272     262     250     257     282     234     255     222     221
     239     218     237     217     210     236     182     221     207     219
     228     222     213     221     224     208     235     227     227     265
     277     297     250     259     291     320     250     247     250     279
     227     271     233     225     234     264     278     264     306     338
     375     445     432     447     447     539     490     559     472     513
     444     431     413     400     401     402     378     545     636     909
    1072    1575    1983    2695    3083    3858    4101    4727    4753    5052
    4720    4823    4432    4154    3424    2906    2431    2112    1739    1495
    1315    1503    1695    2376    3188    4797    6486    9224   11780   15515
   17458   21084   22660   25142   24266   25940   23008   22545   18935   17037
   13570   11137    7870    6254    4461    3307    2349    1873    1486    1291
    1003     974     846     881     750     815     848     797     723     758
     725     780     667     698     636     649     516     521     484     481
     448     527     461     444     437     480     465     536     551     787
     930    1274    1491    2108    2686    3410    3779    4581    5019    5766
    5838    6379    6079    6017    5147    5156    4129    3698    2929    2477
    1879    1454    1192    1008     824     811     659     688     675     650
     615     612     609     621     717     847     928    1058    1051    1266
    1280    1510    1415    1557    1459    1427    1310    1291    1101     979
     840     799     659     607     539     543     495     569     469     549
     496     557     490     571     554     548     501     506     455     542
     469     506     488     488     440     510     456     458     426     518
     479     502     472     560     471     507     533     584     542     610
     591     653     658     728     773     867    1022    1367    1656    2537
    3214    4482    5930    8215    9975   13675   15456   19254   21001   24932
   25235   27673   27100   28141   25488   25497   21280   19825   16103   13811
   10579    8469    6180    4781    3390    2530    1879    1662    1414    1463
    1547    1912    2180    2663    3054    3831    4531    5891    6716    8788
   10233   12812   14186   17657   19878   23322   24641   28142   27911   30008
   28332   29043   26819   25915   21929   20103   16860   14258   10845    8534
    6469    5012    3339    2577    1824    1396     918     890     857     912
     898    1108    1365    1656    1833    2200    2561    2914    3025    3627
    3502    3934    3721    3902    3608    3605    3089    2958    2427    2158
    1868    1556    1257     999     820     759     659     526     454     423
     426     399     403     412     414     418     403     440     390     419
     385     417     448     527     516     628     684     893    1070    1399
    1722    2163    2536    3189    3795    4700    5143    6208    6704    7255
    7167    7809    7292    7724    7096    6637    6151    5716    4765    4240
    3530    3127    2581    2263    1802    1584    1277    1186    1095    1037
     935     897     829     832     798     889     773     775     821     828
     906     977     963    1063    1102    1332    1306    1433    1467    1690
    1686    1712    1818    1815    1727    1846    1663    1773    1576    1588
    1448    1261    1120    1090    1026     952     832     856     780     786
     736     821     703     842     709     726     696     755     770     822
     741     812     807     834     830     804     853     840     856     932
     882     903     933    1014     880    1026     958    1005    1004    1094
    1118    1084    1075    1154    1042    1142    1011    1049     910    1054
     947    1073    1002     942     970     936     955    1009     899     997
     904     919     874     911     984     945     945    1030     988    1015
     943     972    1030    1105    1090    1221    1173    1468    1389    1585
    1554    1932    1977    2123    2292    2654    2594    2926    2927    3132
    3052    3162    3072    3093    2813    2827    2585    2456    2141    2132
    1959    1808    1679    1652    1576    1515    1441    1433    1374    1459
    1432    1491    1471    1489    1550    1609    1664    1807    1942    2437
    2798    3429    4316    5986    7327   10221   13000   17653   22054   28886
   34697   43323   52435   63542   69235   81510   88857   99883  101607  116290
  110200  115748  107390  109094  100348   95981   83045   77671   66748   58771
   46638   40372   31944   25985   19425   16310   11549    9097    6484    5103
    3925    3168    2501    2134    1903    1793    1620    1488    1554    1507
    1409    1491    1515    1590    1445    1488    1466    1500    1565    1535
    1573    1638    1656    1713    1813    1832    1911    2165    2263    2598
    2805    3305    3785    4581    4898    6053    6810    8163    8709   10179
   11320   12773   13066   14225   15168   15771   15052   15508   14990   15018
   13639   13033   11871   11145    9377    8541    7411    6640    5237    4808
    3883    3406    2685    2440    2095    1947    1662    1599    1579    1487
    1309    1344    1408    1357    1306    1376    1456    1442    1332    1431
    1387    1448    1442    1423    1573    1501    1487    1459    1456    1503
    1349    1518    1474    1485    1423    1405    1495    1436    1345    1387
    1389    1332    1283    1358    1369    1391    1317    1302    1425    1381
    1286    1396    1354    1397    1326    1358    1411    1479    1306    1409
    1418    1388    1417    1470    1399    1479    1444    1491    1461    1547
    1485    1484    1584    1663    1585    1734    1719    1759    1697    1930
    1808    1918    1829    1950    1897    2046    1844    2003    1934    1897
    1707    1827    1739    1722    1574    1602    1519    1531    1405    1413
    1357    1327    1309    1364    1288    1326    1210    1261    1340    1323
    1225    1356    1284    1357    1239    1280    1288    1275    1155    1200
    1234    1313    1165    1267    1293    1331    1322    1509    1448    1608
    1571    1669    1789    1979    2011    2259    2468    2643    2584    2855
    3008    3236    3058    3254    3388    3364    3110    3168    2998    2995
    2721    2615    2481    2393    2103    2112    1851    1792    1652    1619
    1489    1433    1399    1315    1299    1319    1321    1249    1332    1327
    1231    1331    1283    1249    1258    1243    1262    1304    1182    1273
    1282    1327    1143    1207    1164    1229    1149    1189    1189    1186
    1143    1279    1111    1282    1197    1232    1180    1120    1187    1181
    1232    1236    1196    1250    1191    1259    1160    1248    1235    1241
    1154    1262    1178    1293    1171    1227    1191    1249    1194    1269
    1214    1218    1146    1216    1190    1360    1217    1287    1297    1380
    1297    1363    1434    1430    1428    1383    1354    1458    1326    1396
    1465    1390    1319    1397    1396    1383    1374    1370    1365    1350
    1243    1332    1196    1285    1180    1229    1278    1216    1116    1226
    1136    1173    1111    1142    1127    1179    1103    1096    1160    1174
    1074    1112    1204    1222    1109    1204    1138    1153    1094    1117
    1175    1234    1095    1133    1116    1204    1122    1242    1168    1182
    1117    1171    1230    1164    1089    1188    1142    1179    1137    1191
    1198    1218    1155    1147    1161    1147    1118    1187    1077    1144
    1138    1143    1174    1178    1069    1181    1197    1255    1199    1234
    1220    1229    1153    1283    1236    1235    1207    1271    1373    1273
    1239    1346    1314    1364    1295    1435    1330    1356    1371    1384
    1296    1321    1247    1279    1313    1271    1198    1258    1280    1227
    1145    1198    1142    1235    1129    1248    1149    1143    1117    1216
    1178    1173    1101    1126    1171    1156    1086    1186    1168    1241
    1114    1128    1148    1108    1133    1110    1159    1120    1136    1196
    1072    1159    1100    1229    1148    1175    1130    1131    1162    1178
    1094    1076    1182    1148    1060    1155    1121    1153    1054    1182
    1200    1163    1116    1156    1111    1136    1078    1196    1142    1165
    1075    1165    1134    1161    1102    1134    1098    1146    1104    1161
    1174    1151    1084    1068    1119    1113    1047    1084    1086    1100
    1078    1205    1111    1148    1031    1090    1060    1066    1064    1081
    1069    1135    1055    1090    1056    1125    1037    1074    1096    1119
    1103    1134    1093    1122    1047    1100    1140    1204    1153    1245
    1208    1296    1148    1206    1279    1389    1312    1378    1347    1357
    1401    1378    1340    1378    1331    1484    1384    1393    1345    1334
    1285    1270    1186    1128    1125    1229    1110    1201    1108    1148
     994    1094    1017    1064    1055    1066    1060    1063     980    1051
     998    1059     985    1030     960    1067     976    1068    1016    1049
     944    1096     941     968     930    1078    1087    1033     947    1028
    1037     997     900    1028     979    1054     972    1037    1057    1046
     994    1021    1034    1057    1025    1067    1051    1063    1009    1111
    1119    1185    1075    1101    1177    1117    1057    1146    1151    1144
    1109    1104    1151    1108    1103    1161    1055    1073    1112    1113
    1140    1154    1041    1103    1074    1079    1085    1085    1016    1183
    1059     996    1050    1076     970    1015     993    1068    1021     963
     977    1014     878     941     929     926     947     954     952     962
     919     918     961     968     956     958     924     999     981    1034
    1016    1024    1013     976    1072    1107    1037    1075    1096    1117
    1077    1135    1047    1170    1098    1103    1188    1153    1164    1168
    1078    1248    1103    1137    1064    1174    1094    1113    1092    1067
    1020    1030    1037    1022     974     952     938    1016     927     920
     973     952     920     914     832     906     911     882     921     921
     851     899     891     974     902     872     924     919     866     890
     898     914     906     843     919     910     865     832     902     881
     839     910     901     955     919     969     897     951     903    1013
    1015    1059    1026    1031    1026    1093    1046    1133    1111    1131
    1124    1138    1134    1204    1185    1224    1168    1175    1139    1103
    1164    1177    1093    1156    1076    1041    1026    1037     985    1037
     933     950     963     917     888     886     925     869     869     842
     880     806     814     882     845     814     848     793     825     860
     854     847     831     838     768     787     820     850     784     882
     831     820     805     769     815     872     807     890     816     862
     841     823     899     807     836     821     823     858     827     833
     841     855     802     808     869     860     785     894     936     848
     816     872     824     939     794     866     893     813     863     901
     867     874     787     802     897     821     802     768     806     827
     720     773     811     760     785     827     795     794     742     832
     833     776     778     798     770     784     749     762     801     805
     802     758     821     781     734     690     784     786     830     795
     737     784     801     759     771     773     759     733     729     796
     807     818     759     821     725     834     750     796     813     832
     947     874     818     831     816     845     867     856     978     968
     923     926     960    1047     953     984     967     978     929     979
     919     978     903     946    1020     960     900     951     911     909
     934     847     868     876     793     793     824     808     708     818
     841     797     722     718     732     813     687     758     745     750
     688     754     709     715     731     766     768     722     692     733
     685     761     722     674     753     753     693     719     724     690
     698     663     699     715     708     718     724     708     691     745
     689     720     692     766     705     751     716     751     731     745
     729     741     737     709     750     703     770     735     742     679
     751     759     734     725     823     728     715     687     719     742
     668     738     709     728     734     676     737     732     654     694
     657     744     675     752     706     716     668     717     713     736
     656     680     731     682     652     719     636     697     603     701
     632     690     710     700     656     689     673     649     671     674
     648     698     691     709     709     722     664     679     655     672
     691     665     666     682     667     656     642     650     748     640
     629     675     664     707     690     675     753     683     633     681
     694     671     680     657     697     727     654     726     692     698
     666     699     722     729     641     728     685     683     672     692
     773     731     687     749     700     740     691     705     741     746
     698     724     744     771     703     693     748     746     671     803
     680     752     694     745     757     743     720     757     726     691
     696     694     849     702     681     716     690     758     705     755
     736     729     724     771     726     732     728     741     748     762
     743     758     731     724     742     731     781     778     744     758
     775     790     790     821     832     806     803     786     802     820
     778     807     812     812     770     771     878     878     849     906
     846     851     860     897     911     926     941     909     965     928
     926     984    1004     968     976    1007    1103    1012     990    1086
    1081    1181    1074    1210    1244    1170    1151    1206    1282    1320
    1296    1405    1410    1492    1407    1528    1585    1654    1571    1729
    1891    1863    1854    1974    2073    2090    2148    2161    2374    2427
    2403    2514    2562    2704    2725    2725    2986    3056    3015    3156
    3152    3288    3358    3462    3598    3671    3550    3788    3858    3979
    3706    3834    4182    4121    4005    4132    4238    4204    4112    4093
    4657    4423    4115    4333    4221    4300    4193    4255    4210    4228
    3873    4193    3953    3864    3723    3805    3811    3645    3487    3519
    3378    3298    3257    3175    3086    3043    2788    2820    2739    2635
    2509    2421    2498    2353    2218    2165    2049    2103    1990    1937
    1914    1767    1697    1629    1602    1573    1496    1476    1430    1357
    1269    1241    1239    1234    1156    1182    1188    1180    1020    1078
    1122    1148    1056    1072    1130    1120    1121    1155    1215    1225
    1245    1295    1390    1411    1418    1523    1597    1721    1776    1815
    1835    1952    1981    2098    2165    2161    2262    2244    2462    2415
    2333    2374    2451    2370    2378    2127    2538    2361    2195    2154
    2082    2005    1855    1887    1803    1747    1646    1507    1466    1374
    1262    1161    1148    1119     945     929     910     808     799     694
     737     766     674     685     679     641     614  327261
