$Informacoes da Fluorescencia de Raios-X:
"Sample    : GHA-376",                                                                    
"Operator  : luisf",                                                                      
"Comment  : ",                                                                            
"Group     : thiago_acra2010ma",                                                          
"Date       : 2010-06-14 20:22:43",                                                       
"",                                                                                       
"Mesurement Condition",                                                                   
"------------------------------------------------------------------------------------",   
"Instrument : 700HS2   Atmosphere : Vac.   Collimator : 10(mm)   Spin : No",              
"------------------------------------------------------------------------------------",   
"Analyte               TG kV   uA      FI Acq.(keV)  Anal.(keV)  Time(sec)     DT(%)",    
"------------------------------------------------------------------------------------",   
"Na                    Rh 50  712-Auto Al  0 - 20    0.8 - 1.2   Live -  959   21",       
"Channel_info_start",                                                                     
"Channel : Na",                                                                           
"Points : 2048
"Range : 0.000000 - 20.480000",                                                           
"Step : 0.010000",                                                                        
"Channel_info_end",                                                                       
$DATA:
       0    2047
       0       0       0       0       0       0       0       0       0    2048
       0       0       0       0       0       0       0       0       0       0
       0       0       0       0       0       0       0       0       0       0
       0       0       0       0       0       0       0       1       2       6
      88     184     179     231     175     198     224     174     197     204
     195     202     169     185     201     240     195     210     209     239
     221     265     274     285     274     285     305     328     297     287
     287     268     280     314     242     248     235     291     244     215
     242     290     232     232     232     243     223     239     256     275
     263     329     346     414     425     510     517     547     578     604
     499     487     427     388     294     339     300     313     318     342
     355     347     394     404     434     416     413     432     354     352
     311     292     236     278     224     274     265     286     308     356
     414     433     509     548     536     576     605     602     499     516
     451     463     418     379     325     390     381     478     559     727
     988    1337    1718    2375    2603    3402    3730    4280    4318    4590
    4338    4381    3859    3584    2765    2427    2090    1789    1458    1422
    1203    1354    1487    2019    2783    4073    5692    8035   10386   13805
   15775   19027   20980   22753   22148   23461   20698   19629   16148   14379
   10968    8794    6209    4953    3449    2604    2014    1700    1332    1314
    1087    1143    1023    1081    1063    1129    1043    1121    1030    1087
    1009    1051     882     885     843     789     715     750     615     681
     594     574     547     582     530     603     637     709     725     962
    1072    1436    1726    2332    2707    3422    3959    4891    5420    6020
    6057    6473    6114    6275    5276    4976    4261    3644    2901    2636
    1979    1773    1471    1359    1267    1239    1199    1341    1405    1638
    1990    2531    3470    4534    5827    8695    9617   12952   14354   17633
   18463   20755   20208   21787   19915   19343   16360   14812   12134   10241
    7734    6311    4524    3598    2625    2350    2082    2115    2102    2354
    2403    2575    2386    2449    2259    2197    1962    1813    1475    1330
    1088     897     809     754     581     604     596     582     553     546
     554     571     562     599     572     587     614     643     694     699
     664     778     787     892     942    1079    1272    1657    2093    3018
    3864    5675    7303   10109   12643   16757   19192   24030   26809   30687
   30749   33675   33199   33782   30321   29984   24286   22105   17600   14603
   11227    8800    6418    4686    3432    2607    1894    1709    1653    1794
    1912    2301    2871    3646    4051    5406    6477    8388    9873   12661
   15822   20000   22567   28157   32198   37564   39254   45301   45312   48398
   45531   46000   42227   39770   33010   29802   24325   19919   14760   11594
    8174    6140    4154    3171    2023    1561    1125    1011    1011    1094
    1306    1636    2008    2497    2790    3490    3907    4758    4932    5895
    5642    6152    5743    6147    5623    5372    4475    4227    3473    3014
    2331    1924    1526    1201     867     762     612     483     461     399
     349     334     348     380     312     392     314     338     347     349
     347     371     403     449     435     564     676     858    1017    1360
    1739    2315    2630    3371    3889    4969    5391    6211    6821    7290
    7181    7559    7194    7170    6590    6533    5634    5152    4210    3710
    3012    2636    2071    1868    1396    1245    1096    1034     935     919
     809     783     734     723     692     705     738     731     727     781
     843     879     908     977    1098    1174    1225    1362    1375    1452
    1488    1675    1605    1762    1644    1616    1549    1529    1329    1303
    1114    1074     956     935     796     746     701     654     657     595
     628     698     604     653     610     631     656     624     655     694
     654     685     673     699     693     716     692     715     686     836
     705     751     804     810     779     882     835     896     889     961
     950     956     908     953     916     944     864     871     899     945
     829     814     776     798     753     821     810     813     717     789
     725     847     795     777     761     746     777     758     850     797
     784     873     880     910     856    1023    1021    1072    1131    1328
    1520    1598    1712    2070    2031    2364    2400    2598    2649    2755
    2678    2841    2573    2661    2427    2305    2043    2072    1851    1851
    1530    1478    1348    1346    1276    1299    1173    1187    1203    1191
    1105    1260    1169    1368    1355    1470    1470    1690    1872    2307
    2805    3670    4488    6385    8051   11114   13876   19303   24209   31850
   37674   47182   56689   67537   73560   84895   94252  103281  104270  117180
  110524  114048  104140  103535   95086   89515   75864   69452   58478   50571
   39658   33132   25964   20856   15308   12178    8632    6667    4656    3652
    2863    2331    1821    1644    1444    1317    1226    1222    1227    1224
    1209    1173    1181    1220    1143    1212    1209    1212    1196    1254
    1246    1299    1291    1468    1485    1613    1691    1993    2114    2526
    2716    3152    3748    4501    5028    6154    7302    8388    9213   10701
   11755   13079   13153   14247   15219   15603   14842   15197   14506   14017
   12524   12000   10523    9478    8138    7195    6123    5269    4280    3736
    2831    2533    2070    1852    1544    1437    1200    1202    1114    1073
    1018     966    1134    1056    1017    1013    1057    1090     999    1107
    1137    1107    1061    1079    1023    1126    1132    1155    1217    1178
    1090    1146    1182    1069    1066    1120    1052    1158    1021    1073
     993    1073    1026     983    1061    1118    1046    1080    1092    1045
    1020    1049    1030    1065    1025    1059    1070    1101    1052    1031
    1039    1074    1036    1149    1132    1116    1073    1151    1180    1186
    1118    1268    1279    1253    1333    1331    1316    1495    1391    1486
    1479    1606    1520    1600    1552    1515    1569    1489    1504    1455
    1486    1384    1356    1314    1252    1271    1160    1166    1104    1115
    1111    1027     997    1092    1055    1039     933    1014     982     975
    1017    1047    1003    1003     961     947    1002    1047     934    1005
    1040    1078     997    1109    1184    1116    1198    1422    1423    1514
    1585    1916    1942    2233    2350    2646    2917    3143    3146    3448
    3575    3932    3877    3859    4020    3902    3622    3575    3384    3310
    2896    2766    2567    2244    2013    1883    1786    1627    1398    1346
    1265    1258    1073    1144    1066    1152     986    1059    1053    1065
     992    1086    1023    1017    1016    1029    1075    1025     968     943
     995     936     965    1017     973    1013     961    1003     925     943
     885     973     936    1038     899     961     980     954     940    1005
     966     964     905    1016     988    1022     909    1000    1039     995
     971     980     973     969     919     952     953     950     975     990
    1043    1028    1032    1001    1051    1044    1056    1111    1157    1160
    1168    1244    1202    1264    1150    1265    1302    1338    1207    1290
    1383    1269    1150    1184    1191    1202    1132    1153    1099    1133
    1021    1028    1080    1028     961     990     949     999     901     916
     887     976     936     874     933     919     815     879     905     919
     882     866     935     950     915     846     855     926     914     949
     957     875     914     997     953     900     897     951     915    1035
     916     950     962    1004     902     930     947     932     881     888
     950     905     838     916     921     933     898     951     900     917
     874     960     931     952     884     927     871     917     885    1048
     931    1019    1004    1125    1091    1130    1116    1142    1165    1194
    1215    1259    1253    1213    1191    1202    1206    1238    1108    1170
    1149    1216    1103    1156    1134    1075    1105     997    1001     970
     950     960     910     941     907     941     919     905     908     922
     885     933     820     910     902     941     878     942     906     904
     866     914     927     856     873     893     881     975     856     848
     882     910     844     890     841     879     906     856     874     901
     870     888     889     917     827     841     824     899     937     848
     906     881     835     915     863     832     856     831     878     861
     850     888     838     832     812     893     882     916     806     836
     909     866     873     858     878     862     800     786     850     857
     854     859     856     822     824     853     832     845     828     914
     831     889     770     880     850     836     884     891     820     935
     878     848     933     871     914     971     933    1021     944    1013
    1103    1054    1107    1170    1258    1225    1187    1274    1210    1328
    1235    1288    1258    1289    1199    1248    1193    1228    1137    1142
    1100    1075     933     982     962     942     854     904     928     898
     815     844     857     797     769     824     821     819     781     818
     760     787     744     787     824     813     772     820     800     777
     735     794     801     778     719     833     830     776     752     732
     793     818     735     819     803     828     826     778     895     859
     844     848     895     896     927     924     893    1005     936     943
     937     985     971    1001     968     945     932     966     987     910
     908     899     905     953     888     892     958     855     889     833
     966     883     828     914     820     900     831     786     797     846
     768     835     795     828     803     769     772     788     797     789
     755     742     732     774     774     768     734     742     731     744
     721     757     737     796     685     727     774     763     796     764
     793     824     827     787     811     820     908     887     941     882
     921     906     883     971     928     956     948    1006     856     930
     937     913     866     880     847     879     865     856     815     822
     757     752     841     788     745     753     778     758     724     755
     705     703     640     708     682     708     690     707     691     653
     689     680     727     692     672     641     702     725     648     622
     671     631     675     692     643     714     628     669     717     712
     671     712     727     695     721     814     749     786     805     797
     818     899     921     901     992     932    1008    1097    1142    1099
    1071    1090    1079    1177    1113    1166    1146    1149    1106    1036
    1097    1062     983    1062     934     931     887     866     875     869
     757     804     780     689     677     718     703     689     625     681
     627     664     596     656     667     620     603     639     641     672
     594     624     590     646     579     694     600     640     616     627
     655     593     628     599     658     636     630     610     647     679
     624     671     684     667     642     707     638     637     638     658
     684     663     662     666     715     688     691     658     681     663
     596     659     675     726     667     711     602     651     654     665
     641     639     573     640     709     677     620     634     590     631
     608     658     608     582     564     630     624     643     595     629
     649     595     547     578     605     603     582     596     585     651
     587     584     562     604     553     526     646     562     568     569
     530     556     563     587     560     599     542     579     603     571
     604     615     647     623     637     629     643     662     684     682
     692     741     680     697     683     764     728     699     783     803
     788     849     837     832     815     749     837     822     788     813
     790     797     751     813     807     727     736     727     711     710
     702     684     689     657     615     573     663     633     591     606
     616     622     560     576     552     560     518     518     535     587
     536     581     520     561     562     567     527     579     538     542
     537     532     551     509     530     559     535     528     503     519
     574     506     597     538     509     577     493     532     499     570
     555     596     503     502     556     519     506     546     569     565
     538     547     518     570     543     537     565     608     542     576
     520     555     543     560     535     553     570     534     552     541
     562     584     545     528     509     490     520     528     512     512
     493     529     477     527     470     504     506     485     513     530
     498     551     478     564     521     518     573     499     509     526
     508     571     510     534     537     556     509     510     517     508
     516     507     529     559     537     504     516     524     528     529
     532     516     477     473     510     516     503     489     530     532
     508     534     492     534     528     528     528     530     487     508
     535     532     498     543     504     510     472     552     572     527
     498     537     543     521     539     551     581     572     542     533
     535     547     555     561     573     539     512     542     537     550
     524     518     560     544     510     551     547     551     550     536
     541     567     512     560     568     546     550     577     506     501
     528     506     656     529     527     606     590     565     527     512
     585     577     553     568     542     604     556     533     513     623
     522     555     568     577     576     608     533     508     558     572
     571     647     591     537     622     648     603     607     573     598
     581     617     629     637     647     650     664     664     638     681
     695     691     645     657     710     761     693     703     757     779
     676     737     715     748     732     780     872     785     824     855
     924     892     857     933     941    1043     988     954     977    1023
    1073    1089    1186    1107    1241    1195    1264    1328    1282    1310
    1434    1446    1476    1553    1574    1695    1627    1731    1936    1963
    1867    2015    2054    2125    2197    2166    2359    2290    2365    2461
    2495    2501    2561    2565    2786    2820    2716    2831    2991    3061
    2958    2946    3056    3085    3012    3099    3214    3117    3079    2979
    3524    3212    2996    3119    3069    3088    2814    3094    2976    3091
    2793    2849    2883    2800    2595    2677    2560    2560    2423    2416
    2470    2345    2244    2146    2056    2166    1993    1848    1907    1901
    1685    1666    1740    1549    1485    1401    1402    1440    1279    1306
    1349    1245    1074    1103    1115    1095     953     993     952     988
     861     797     848     870     835     787     826     843     774     796
     822     831     790     828     928     899     924     964     965    1124
    1079    1101    1229    1255    1235    1332    1478    1477    1494    1552
    1673    1740    1645    1787    1803    1800    1854    1867    1912    1981
    1858    1902    1859    1831    1772    1671    1825    1789    1621    1505
    1502    1462    1355    1294    1286    1185    1000    1005     947     892
     805     818     724     692     650     614     602     574     491     508
     525     507     489     457     481     503     509  241754
