$Informacoes da Fluorescencia de Raios-X:
"Sample    : GHA-390",                                                                    
"Operator  : luisf",                                                                      
"Comment  : ",                                                                            
"Group     : thiago_acra2010ma",                                                          
"Date       : 2010-06-15 01:34:28",                                                       
"",                                                                                       
"Mesurement Condition",                                                                   
"------------------------------------------------------------------------------------",   
"Instrument : 700HS2   Atmosphere : Vac.   Collimator : 10(mm)   Spin : No",              
"------------------------------------------------------------------------------------",   
"Analyte               TG kV   uA      FI Acq.(keV)  Anal.(keV)  Time(sec)     DT(%)",    
"------------------------------------------------------------------------------------",   
"Na                    Rh 50  876-Auto Al  0 - 20    0.8 - 1.2   Live -  959   19",       
"Channel_info_start",                                                                     
"Channel : Na",                                                                           
"Points : 2048
"Range : 0.000000 - 20.480000",                                                           
"Step : 0.010000",                                                                        
"Channel_info_end",                                                                       
$DATA:
       0    2047
       0       0       0       0       0       0       0       0       0    2048
       0       0       0       0       0       0       0       0       0       0
       0       0       0       0       0       0       0       0       0       0
       0       0       0       0       0       0       0       1       0       7
      93     213     195     204     233     211     175     194     241     190
     185     223     221     207     184     249     207     247     233     242
     262     273     293     325     317     334     330     381     342     333
     326     319     303     328     281     282     302     236     271     258
     241     266     274     241     225     232     209     233     200     233
     209     218     196     186     215     217     195     197     213     233
     196     209     211     221     218     234     243     254     247     254
     255     281     286     308     330     343     298     292     284     270
     234     247     223     234     228     239     235     253     268     335
     322     386     451     465     474     533     485     550     439     507
     496     459     391     377     322     391     406     492     591     767
    1075    1413    1906    2594    2853    3504    3824    4404    4603    4754
    4385    4515    4058    3814    3049    2896    2217    1982    1591    1460
    1268    1462    1609    2243    2985    4560    6165    8997   10918   14535
   16579   20288   21681   23930   23135   24496   21252   21054   17442   15564
   12321    9894    7305    5628    4096    3011    2151    1788    1383    1245
    1027     979     896     850     820     810     848     842     759     767
     683     773     699     670     666     634     595     559     501     590
     425     497     484     481     480     544     534     657     759     901
    1171    1586    1901    2625    3247    4190    4867    5910    6491    7284
    7332    7713    7600    7299    6508    6124    5175    4591    3354    2906
    2110    1783    1346    1257     920     937     851     855     795     784
     719     789     775     863     980    1218    1218    1561    1719    1929
    2069    2237    2209    2423    2314    2219    2046    1837    1551    1418
    1095     998     814     759     600     621     589     628     598     679
     608     648     628     658     654     646     627     606     509     550
     511     508     483     518     464     523     567     564     502     466
     511     522     479     537     545     600     573     579     560     623
     600     710     776     801     899    1070    1306    1610    1966    3115
    3910    5732    7195   10317   12872   17057   19240   24126   26525   30671
   30917   33952   33899   34446   30314   30615   25452   23073   18637   15603
   11904    9635    6751    5350    3805    2819    2009    1681    1546    1703
    1753    2154    2503    3205    3535    4506    5388    6849    7473    9513
   11395   13869   15319   18422   20723   24014   24807   28775   27986   30027
   28028   28472   26358   24889   21032   18991   15980   13096   10058    7979
    5868    4325    2962    2383    1457    1194     933     807     766     935
     986    1214    1357    1684    1889    2301    2580    2991    3237    3860
    3507    3843    3646    3833    3546    3414    2983    2814    2392    2134
    1674    1423    1089     924     732     621     557     475     410     401
     390     387     355     402     366     410     355     394     378     415
     336     422     422     467     452     629     683     883    1025    1259
    1627    2102    2361    2992    3595    4364    4750    5774    6118    6711
    6579    7023    6718    6838    6298    6014    5433    5028    4055    3641
    3028    2654    2088    1917    1475    1373    1097    1044     895     941
     766     824     767     699     691     714     704     732     668     793
     845     901     810     983    1078    1137    1196    1283    1358    1523
    1541    1573    1547    1708    1653    1675    1524    1524    1399    1394
    1170    1133    1046     999     887     887     730     698     663     689
     625     698     617     666     616     724     652     703     668     730
     700     707     713     765     655     751     726     815     704     783
     777     824     805     876     862     929     882     925     876    1013
     945     973     948     963     981    1000     860     955     916    1009
     842     904     847     872     821     861     811     830     805     957
     825     902     835     812     799     875     849     843     881     910
     847     916     897     925     970    1077    1059    1237    1210    1457
    1457    1678    1714    2070    2159    2416    2412    2671    2574    2858
    2603    2902    2593    2673    2424    2462    2181    2247    1919    1830
    1647    1608    1478    1466    1292    1339    1186    1328    1176    1265
    1214    1315    1336    1366    1343    1446    1538    1753    1822    2216
    2662    3328    4200    5784    7267   10074   12411   16938   21145   27678
   32549   41132   49560   59140   64826   75476   82118   91092   91917  103822
   97307  102091   93578   93377   85758   81974   69938   64894   54660   47839
   37404   31831   25380   20306   15198   12388    8739    6834    4963    4004
    2962    2541    1996    1749    1514    1505    1274    1261    1253    1279
    1298    1319    1282    1363    1254    1289    1320    1338    1328    1407
    1384    1461    1391    1509    1536    1709    1776    1996    2084    2450
    2553    3127    3585    4249    4694    5539    6587    7663    8238    9453
   10346   11728   11825   12913   13456   14123   13488   13910   13203   12948
   11606   11082   10104    9185    7615    7203    6003    5216    4239    3780
    3066    2813    2133    2050    1743    1549    1372    1377    1350    1273
    1145    1236    1206    1223    1131    1148    1269    1171    1242    1247
    1256    1240    1237    1348    1278    1338    1252    1266    1360    1368
    1292    1346    1263    1344    1260    1296    1229    1245    1182    1207
    1229    1194    1175    1158    1237    1266    1139    1132    1160    1223
    1154    1187    1213    1244    1245    1210    1179    1255    1176    1260
    1195    1218    1186    1260    1182    1283    1251    1321    1375    1381
    1274    1374    1449    1422    1465    1566    1563    1643    1568    1739
    1759    1835    1743    1906    1849    1848    1693    1849    1785    1762
    1625    1700    1547    1631    1450    1451    1383    1344    1253    1261
    1177    1148    1112    1194    1115    1220    1093    1131    1097    1134
    1139    1214    1112    1163    1020    1112    1073    1079    1095    1124
    1081    1163    1158    1233    1186    1272    1165    1288    1294    1449
    1476    1636    1768    1949    2031    2274    2367    2598    2617    2679
    2888    3093    2973    3018    3103    3073    2858    3025    2845    2855
    2508    2405    2215    2170    1846    1820    1701    1605    1372    1438
    1347    1273    1204    1207    1135    1218    1095    1089    1139    1110
    1138    1142    1115    1189    1074    1087    1140    1103    1072    1181
    1063    1010    1064    1091    1021    1018     986    1057    1037    1095
    1027    1123    1056    1106    1053    1059    1026    1114    1056    1025
    1119    1079    1002    1139    1038    1167    1061    1117    1069    1121
    1066    1091    1070    1113    1058    1065    1048    1101    1111    1040
    1079    1119    1053    1104    1063    1054    1040    1189    1148    1195
    1147    1248    1256    1312    1217    1276    1191    1306    1225    1306
    1298    1272    1210    1395    1205    1250    1105    1149    1204    1219
    1125    1129    1088    1113    1051    1093    1107    1034    1008    1050
    1002    1045     986     925    1054    1066     994     957     966    1006
     983     981    1050    1070     964    1021     969    1051    1016    1060
    1028    1038     976    1042    1026    1009     989    1059     992    1068
     997    1040    1040    1093     970     962    1009    1056    1031     972
     978    1017     988     982    1093    1045     985    1032     962    1022
    1039    1068    1029     982    1007    1077    1084    1093    1016    1229
    1130    1112    1063    1181    1112    1182    1124    1328    1266    1311
    1252    1302    1280    1332    1259    1310    1206    1339    1222    1261
    1248    1261    1181    1140    1251    1143    1124    1058    1103    1110
    1110    1103     972    1073    1020    1057     974     979    1010    1104
     976    1042     972    1022    1063     980    1025     997    1011     978
     962    1010     978     980     905    1032    1013    1051     986    1000
    1019     965     947    1022     988     993    1034     983     984    1055
     965    1063     952    1020     985     964     988    1025     980     984
    1031    1044     989    1004     970    1014     967    1008    1017     975
     985     962     957    1060     973     937    1028    1004     936     955
     948    1014     985     981     919     966     953    1013     920     937
     911    1035     942    1014     843     943     924     972    1002     970
    1003     941     892     902     885    1040     929     965     969    1028
     969    1009    1068    1092     999    1138    1163    1185    1193    1336
    1376    1375    1373    1489    1484    1587    1519    1553    1605    1708
    1591    1681    1607    1725    1690    1612    1566    1579    1452    1483
    1424    1384    1220    1222    1176    1175    1144    1066     997    1075
     960     999     952     951     877     942     966     964     883     933
     913     908     810     861     880     926     848     901     941     927
     853     927     859     930     905     960     855     872     889     876
     941     941     849     866     898     909     913     897    1004     962
     929    1035     956    1048     926     986     955    1032    1011    1056
    1042    1065    1029    1091    1068     998    1017     990     993    1031
    1012     995    1013    1028     985     973     995    1001     934     958
    1016     998     961    1035     930     992     852     922     916     957
     842     882     877     901     815     917     834     907     805     852
     834     852     826     831     890     858     820     854     833     891
     814     862     923     916     815     847     827     895     875     946
     983     930     855     978     994     969     975    1037    1048    1035
    1013    1083    1116    1096    1007    1053    1088    1053    1036    1056
    1010    1083    1004    1034    1017     975     937     950     938     938
     833     843     953     847     820     883     833     823     778     831
     839     819     824     836     771     793     769     821     855     780
     742     822     770     766     739     727     792     754     757     804
     735     764     750     793     759     815     695     793     792     794
     737     835     810     766     728     796     844     870     847     878
     901     935     841     925     908    1013     950     944    1084     998
     963    1020    1050    1095    1051    1075    1067    1089    1086    1086
    1030    1093     934     986     943     934     879     897     841     918
     826     824     878     844     778     794     751     798     714     769
     787     752     716     767     738     742     654     747     726     773
     682     696     690     768     690     705     698     711     693     714
     730     730     714     699     693     726     758     738     759     808
     707     722     791     730     748     745     722     751     724     750
     666     765     677     738     743     766     738     723     742     766
     777     771     754     813     718     801     757     785     716     783
     740     710     702     683     814     779     704     752     685     741
     726     699     677     694     700     685     689     750     677     694
     680     713     696     711     671     704     651     664     663     722
     645     646     692     676     638     611     683     681     688     617
     671     658     578     666     686     663     651     675     714     710
     647     660     689     676     655     668     677     743     684     765
     719     739     692     730     786     761     824     826     830     877
     807     829     899     877     797     833     799     889     868     918
     832     941     759     820     842     857     736     750     827     819
     711     723     712     792     676     716     656     657     643     700
     698     695     636     677     648     698     609     638     637     700
     614     591     675     636     611     587     686     676     599     665
     617     633     625     581     632     614     630     602     611     645
     610     599     605     612     572     614     661     671     608     614
     649     596     584     651     672     642     569     655     635     674
     638     624     632     597     625     643     623     597     623     630
     611     632     597     655     657     664     644     612     602     630
     645     614     619     618     588     596     581     624     618     601
     581     589     544     593     567     584     552     607     616     567
     583     629     589     608     558     569     616     607     574     565
     601     636     598     590     592     648     596     600     569     590
     561     619     541     574     599     581     582     560     553     582
     550     614     580     565     558     626     569     606     624     581
     596     568     534     661     620     589     625     590     581     571
     636     609     614     591     590     580     596     598     590     635
     632     619     610     578     646     607     638     646     604     625
     690     611     600     616     588     680     590     643     618     646
     557     586     651     611     675     592     632     612     629     616
     587     638     616     578     645     627     590     601     597     668
     664     521     660     661     632     648     670     620     638     600
     620     679     636     645     634     689     654     651     661     643
     619     645     695     726     637     674     642     681     647     676
     676     717     647     676     732     695     642     675     733     696
     739     686     720     764     724     704     759     758     746     773
     778     768     759     778     801     815     825     841     878     845
     779     863     937     864     859     897     992     956     901     905
     973    1046     945    1048    1107    1095    1134    1142    1131    1218
    1195    1289    1262    1356    1320    1444    1460    1458    1381    1570
    1723    1681    1714    1776    1740    1920    1993    1874    2153    2167
    2098    2248    2347    2529    2383    2479    2778    2776    2752    2784
    2892    3029    2846    3114    3207    3290    3030    3230    3253    3491
    3411    3463    3635    3719    3462    3443    3649    3612    3558    3636
    4028    3762    3627    3702    3608    3719    3508    3599    3604    3519
    3283    3462    3419    3379    3144    3332    3137    3179    3009    2978
    2928    2787    2650    2635    2613    2573    2389    2368    2275    2213
    2095    1911    2097    1992    1863    1873    1736    1713    1626    1505
    1551    1568    1349    1368    1331    1329    1226    1186    1196    1157
    1029    1119    1056    1061     973     995     981     963     930     933
     988     983     942     905    1063    1020     965    1045    1137    1184
    1150    1190    1311    1393    1372    1437    1540    1607    1638    1691
    1818    1858    1870    1899    1966    2047    1957    2076    2175    2244
    2105    2056    2119    2132    1986    1912    2042    1974    1830    1718
    1711    1624    1533    1462    1444    1343    1234    1143    1107    1038
     957     948     885     863     782     795     733     660     647     615
     597     633     559     513     601     559     537  283322
