$Informacoes da Fluorescencia de Raios-X:
"Sample    : GHA-372",                                                                    
"Operator  : luisf",                                                                      
"Comment  : ",                                                                            
"Group     : thiago_acra2010ma",                                                          
"Date       : 2010-06-14 19:21:28",                                                       
"",                                                                                       
"Mesurement Condition",                                                                   
"------------------------------------------------------------------------------------",   
"Instrument : 700HS2   Atmosphere : Vac.   Collimator : 10(mm)   Spin : No",              
"------------------------------------------------------------------------------------",   
"Analyte               TG kV   uA      FI Acq.(keV)  Anal.(keV)  Time(sec)     DT(%)",    
"------------------------------------------------------------------------------------",   
"Na                    Rh 50  530-Auto Al  0 - 20    0.8 - 1.2   Live -  959   21",       
"Channel_info_start",                                                                     
"Channel : Na",                                                                           
"Points : 2048
"Range : 0.000000 - 20.480000",                                                           
"Step : 0.010000",                                                                        
"Channel_info_end",                                                                       
$DATA:
       0    2047
       0       0       0       0       0       0       0       0       0    2048
       0       0       0       0       0       0       0       0       0       0
       0       0       0       0       0       0       0       0       0       0
       0       0       0       0       0       0       0       1       1       9
      80     189     166     207     187     195     186     197     162     202
     170     185     205     216     198     218     208     221     181     271
     245     285     284     322     309     320     324     340     331     308
     299     284     275     268     225     249     266     234     268     245
     257     276     256     249     229     284     233     260     260     320
     306     395     427     478     547     615     662     748     705     684
     633     606     567     434     378     327     340     340     290     358
     341     429     418     435     452     477     449     465     405     358
     345     337     294     258     252     252     246     267     320     366
     414     456     461     580     595     600     572     636     497     520
     478     448     431     395     357     406     329     403     469     633
     820    1174    1420    2058    2403    3119    3350    3886    4175    4224
    3876    3700    3339    3077    2468    2280    1782    1577    1279    1251
    1008    1169    1218    1683    2193    3418    4803    7061    8942   12189
   14006   17240   18935   21013   20295   21503   18714   17992   14494   12322
    9675    7665    5360    4237    2983    2189    1725    1465    1300    1191
     993    1105     955    1064    1066    1123    1112    1074    1052    1106
     996     944     869     860     782     811     704     752     639     678
     594     611     602     642     598     721     757     854     869     989
    1265    1570    1800    2514    3160    3974    4536    5540    6245    6890
    6737    7475    7054    7013    5927    5487    4686    4108    3288    2789
    2219    1862    1612    1572    1486    1540    1449    1552    1764    2146
    2477    3409    4343    6011    7701   11828   13591   17876   20228   24485
   26423   30021   29109   31168   28596   27735   23395   21085   16921   13834
   10409    8449    5588    4620    3444    3058    2708    2816    2820    3180
    3166    3455    3100    3240    3044    2914    2473    2260    1842    1550
    1268    1075     867     820     611     582     546     533     482     564
     533     547     521     531     538     573     556     644     579     654
     649     649     693     760     781     928    1098    1337    1793    2551
    3084    4423    5749    7921   10379   13593   15851   19745   22229   25416
   25891   28381   27832   27893   25384   24701   20073   18205   14245   11863
    8888    6984    4873    3765    2651    2013    1609    1407    1371    1508
    1680    2042    2489    3031    3773    4884    6077    7742    9435   12677
   15660   20073   23831   29654   34500   40539   43332   49731   50212   54218
   50664   50990   46845   43156   36253   31793   26218   21311   15503   12096
    8628    6189    4304    3052    2016    1477    1131    1080    1020    1183
    1348    1689    2011    2629    3027    3684    4313    5087    5423    6426
    6110    6785    6616    6630    6108    5760    5033    4537    3785    3238
    2463    1988    1635    1188     922     786     610     499     401     397
     357     337     326     328     326     354     316     316     334     361
     318     403     366     455     460     498     614     854     987    1266
    1586    2106    2534    3166    3831    4678    5096    6094    6714    7250
    7166    7569    7302    7290    6321    6305    5496    4939    4069    3563
    2926    2485    1976    1867    1329    1344    1053    1023     879     840
     782     738     689     703     645     637     628     686     686     694
     807     848     895     969    1065    1139    1163    1343    1392    1442
    1490    1623    1731    1682    1604    1671    1472    1468    1291    1274
    1137    1113     935     883     830     746     669     691     615     591
     583     616     575     600     584     592     609     598     599     662
     674     680     597     686     682     697     661     726     717     725
     765     744     760     826     763     892     835     909     863     885
     889     957     932     945     959     952     812     883     840     889
     808     868     815     768     795     837     713     789     729     757
     768     774     671     748     761     746     728     815     769     798
     763     815     805     845     791    1025    1001    1105    1059    1240
    1388    1595    1659    1863    1969    2223    2290    2513    2593    2607
    2556    2726    2527    2622    2243    2222    2085    1972    1682    1605
    1502    1431    1311    1271    1181    1235    1201    1122    1181    1188
    1157    1314    1233    1345    1382    1466    1514    1678    1786    2269
    2839    3479    4357    6052    7911   11013   13481   18930   23970   31423
   37230   47804   56869   67944   74687   86480   95445  105393  106627  120016
  112823  116419  106285  105421   96077   90373   76891   70205   58827   49930
   38729   32783   25640   20277   14648   11922    8204    6404    4381    3548
    2800    2239    1752    1502    1403    1368    1140    1244    1200    1206
    1115    1218    1236    1211    1189    1278    1218    1229    1214    1299
    1335    1415    1345    1385    1520    1597    1642    1963    2101    2478
    2699    3222    3779    4447    5139    6213    7011    8538    9244   10770
   11695   12996   13516   14628   15289   15824   14977   15477   14639   14156
   12781   12066   10804    9729    8169    7162    5983    5219    4111    3419
    2943    2456    2048    1725    1526    1342    1163    1099    1075    1108
    1027    1017    1017    1013    1005    1019     977    1046    1071    1081
    1065    1125    1039    1115    1128    1125    1017    1063    1115    1137
    1081    1154    1114    1205    1047    1103    1094    1062    1044    1023
    1047    1038    1112     968    1122    1064     975    1001    1140    1063
    1056    1052     999    1061     967    1047    1030    1082    1021    1069
    1052    1148    1010    1132    1056    1085    1055    1181    1096    1138
    1043    1184    1197    1286    1244    1229    1331    1365    1371    1477
    1455    1494    1465    1589    1492    1483    1387    1452    1411    1458
    1389    1359    1261    1303    1259    1209    1134    1175    1054    1132
    1094    1043    1088    1036    1020    1079     888    1032     895    1066
     946    1001     978     970     985     963     951    1051     931     899
     996    1010    1005    1036    1068    1150    1134    1218    1225    1359
    1310    1534    1672    1803    1868    2144    2265    2477    2503    2775
    2737    2854    2868    2933    2776    2980    2763    2754    2508    2448
    2269    2142    2116    1930    1689    1712    1498    1407    1244    1155
    1198    1075    1013    1080    1034    1028     993     967     967    1064
     920    1048     960     948     931    1095    1066     987     953    1030
     983    1022     923    1001     975    1003     903     995     966    1005
     924    1001     963    1051     911    1034     992    1025    1010     979
    1035     975     980     969     993     999     978    1035    1011     933
     971     999     963     928     969     965     963     972     922     951
     945    1005     967    1005     975    1004     969    1023    1025    1040
    1089    1116    1112    1160    1068    1133    1177    1231    1123    1104
    1163    1149    1009    1177    1048    1102    1018    1039    1009    1017
     927    1023     969     966     986    1000     949     978     901     910
     949     949     948     880     872     976     883     854     949     936
     855     877     955     902     855     943     952     919     910     901
     952     978     915     983     975    1003     965     997    1008    1013
     969     942     961     928     949     966     952     960     907     903
     983     946     906     940     897     923     869     899     907     910
     924     983     847     889     918     918     987     996     915     983
     969    1028    1061    1022    1008    1060    1083    1105    1081    1133
    1114    1183    1132    1154    1152    1183    1176    1194    1086    1145
    1137    1103    1001    1091    1091    1040     949     910     923    1080
    1001     916     911     965     860     886     885     965     804     972
     937     859     869     849     838     883     923     929     934     871
     837     931     897     901     855     940     892     860     849     856
     893     935     803     897     877     869     795     862     857     863
     875     876     888     906     815     900     877     925     855     880
     882     890     868     883     826     951     869     886     788     831
     834     890     838     856     837     845     811     823     873     877
     843     808     824     847     901     856     798     845     843     826
     860     872     848     843     791     814     806     882     833     883
     858     849     828     842     842     851     808     812     872     888
     862     928     881    1022     950    1036    1087    1129    1078    1141
    1166    1285    1276    1334    1349    1503    1429    1445    1491    1566
    1505    1523    1520    1603    1479    1488    1383    1425    1234    1231
    1217    1192    1102    1077    1039    1036     980     980     942     944
     879     863     819     879     834     797     846     759     754     825
     794     837     806     794     770     807     736     819     711     838
     759     874     788     778     799     790     815     807     735     752
     843     771     765     781     791     803     749     791     872     833
     803     882     841     892     872     864     965     867     822     943
     984     966     787     909     976     931     931     941     943     916
     890     940     900     885     841     943     855     899     864     862
     903     910     866     859     813     892     773     812     865     862
     804     796     798     736     764     813     781     768     704     779
     790     743     670     695     697     706     740     725     693     717
     778     753     798     777     763     788     792     819     765     846
     897     837     834     873     890     923     832     902     960     945
     924     936     934     950     926     962     924     934     935     952
     895     935     868     933     935     852     849     871     808     856
     777     806     773     781     739     765     727     723     663     788
     686     709     622     742     669     679     619     633     694     687
     607     661     689     676     639     661     720     722     714     699
     691     701     679     683     675     709     643     706     711     768
     697     725     703     748     734     755     761     814     778     838
     857     877     888     940    1040     972    1046    1057    1111    1064
    1023    1167    1201    1183    1037    1149    1070    1183    1048    1046
    1128    1044     969     984     970     968     925     843     842     806
     798     742     737     752     675     655     659     652     674     635
     685     652     607     606     615     655     651     625     623     626
     579     639     601     652     594     640     602     671     617     619
     642     622     619     595     693     650     616     637     675     628
     635     554     648     626     644     663     632     652     617     679
     691     670     623     692     660     682     635     691     675     645
     624     773     660     695     687     637     642     693     605     653
     674     653     601     617     653     626     597     646     589     615
     603     600     602     599     623     605     619     615     575     648
     629     597     583     595     629     631     590     605     640     601
     563     566     540     634     560     530     661     589     592     552
     581     547     568     577     591     534     583     556     580     603
     592     605     611     658     585     693     640     632     640     670
     640     686     684     692     773     700     702     720     768     782
     774     799     820     802     791     822     797     828     729     779
     791     863     772     802     802     760     720     718     774     755
     696     725     634     665     667     646     592     617     602     610
     576     558     576     607     528     575     571     563     589     591
     552     569     574     557     557     566     505     568     519     537
     519     580     519     531     538     600     582     550     517     576
     529     532     590     533     542     531     565     598     514     551
     521     523     530     567     526     557     515     521     514     573
     498     546     580     585     514     563     590     591     595     509
     542     526     543     533     592     575     513     534     538     566
     473     538     531     494     506     506     555     550     574     511
     474     575     531     524     490     543     498     514     530     539
     495     470     473     554     508     489     495     513     509     486
     492     526     464     491     522     497     506     509     503     523
     496     526     513     495     492     509     530     523     519     495
     519     548     487     489     534     555     529     472     579     534
     457     528     549     516     511     497     525     547     486     491
     524     539     436     554     551     552     486     511     515     564
     490     543     565     496     505     528     567     585     567     534
     608     574     492     539     549     537     523     525     549     556
     545     547     598     488     521     503     531     575     497     555
     530     506     551     538     579     537     532     562     566     548
     530     472     593     598     586     537     539     556     547     506
     618     577     547     577     603     579     574     530     547     548
     524     583     556     584     535     573     571     591     579     605
     580     592     593     521     611     616     611     654     636     629
     594     610     627     618     597     634     634     628     601     662
     635     708     670     679     680     694     680     710     783     754
     675     732     775     737     729     806     835     892     839     835
     868     897     862     905     885     978     890     952    1006    1085
     988    1065    1115    1150    1095    1129    1246    1308    1319    1319
    1334    1379    1419    1455    1514    1626    1682    1654    1908    1819
    1808    1921    2012    1987    1985    2203    2283    2329    2264    2400
    2376    2502    2495    2583    2769    2800    2700    2765    2848    2866
    2874    2848    3046    3075    2947    3122    3149    3027    3037    3054
    3300    3119    2964    3104    3108    3182    2940    2991    2973    3034
    2788    2819    2754    2759    2676    2657    2566    2639    2487    2409
    2369    2337    2218    2159    2176    2210    1961    1910    2008    1862
    1768    1629    1754    1655    1531    1441    1489    1459    1293    1285
    1251    1212    1143    1138    1140    1091     985     943     978     946
     939     871     842     869     850     835     826     865     848     806
     864     857     814     819     950     914     955     961    1029    1053
    1120    1082    1168    1276    1270    1318    1392    1522    1479    1611
    1660    1754    1634    1796    1833    1949    1858    1798    2050    1887
    1901    1896    1956    1969    1865    1788    1934    1719    1640    1567
    1459    1505    1377    1370    1274    1172    1025    1023     974     902
     840     819     751     706     633     614     576     534     538     506
     508     535     492     474     495     448     463  240942
