$Informacoes da Fluorescencia de Raios-X:
"Sample    : GHA-370",                                                                    
"Operator  : luisf",                                                                      
"Comment  : ",                                                                            
"Group     : thiago_acra2010ma",                                                          
"Date       : 2010-06-14 18:39:52",                                                       
"",                                                                                       
"Mesurement Condition",                                                                   
"------------------------------------------------------------------------------------",   
"Instrument : 700HS2   Atmosphere : Vac.   Collimator : 10(mm)   Spin : No",              
"------------------------------------------------------------------------------------",   
"Analyte               TG kV   uA      FI Acq.(keV)  Anal.(keV)  Time(sec)     DT(%)",    
"------------------------------------------------------------------------------------",   
"Na                    Rh 50  662-Auto Al  0 - 20    0.8 - 1.2   Live -  959   20",       
"Channel_info_start",                                                                     
"Channel : Na",                                                                           
"Points : 2048
"Range : 0.000000 - 20.480000",                                                           
"Step : 0.010000",                                                                        
"Channel_info_end",                                                                       
$DATA:
       0    2047
       0       0       0       0       0       0       0       0       0    2048
       0       0       0       0       0       0       0       0       0       0
       0       0       0       0       0       0       0       0       0       0
       0       0       0       0       0       0       0       1       1       1
      92     182     194     198     155     191     162     167     159     180
     204     177     166     198     197     188     183     215     225     221
     224     254     245     322     294     277     293     282     270     270
     239     281     263     254     220     264     245     266     236     263
     231     240     212     224     218     218     193     161     155     198
     199     212     179     222     243     256     207     276     245     258
     263     272     226     222     202     201     198     195     204     233
     248     273     230     284     233     288     288     283     277     240
     209     217     193     200     189     212     234     245     272     297
     309     374     400     427     496     507     455     499     414     466
     363     357     348     352     345     335     336     430     525     717
    1000    1414    1757    2459    2800    3574    3900    4548    4557    4801
    4519    4488    3968    3636    2871    2444    2135    1847    1402    1303
    1152    1348    1397    2063    2772    4237    5774    8575   11039   14708
   16689   20530   22208   24704   23621   25006   22014   21091   17296   14879
   11824    9501    6762    5149    3698    2673    2009    1586    1323    1193
    1010     959     903     954     883     909     844     906     815     882
     840     813     720     727     614     631     453     475     470     448
     458     484     461     477     435     520     546     562     595     777
     958    1357    1625    2089    2781    3561    3929    4812    5308    6031
    6056    6618    6056    6129    5209    4984    4139    3428    2653    2225
    1671    1449    1013     979     848     801     698     797     763     901
     879    1064    1233    1473    1836    2572    2786    3674    4132    4877
    5179    5897    5790    6146    5579    5437    4615    4301    3520    3051
    2321    1951    1392    1219     975     842     832     890     813     938
     905     957     943     967     857     845     801     704     700     641
     562     538     490     511     486     462     448     486     452     471
     491     518     448     491     466     489     514     508     556     560
     554     599     711     718     747     851    1092    1351    1754    2488
    3219    4598    5806    8208   10173   13584   15738   19748   21725   24740
   25360   27699   27458   27401   24551   24496   20068   18111   14282   12110
    9145    7139    5032    3939    2698    2031    1579    1456    1331    1386
    1497    1847    2325    2974    3300    4383    5295    6816    8098   10492
   12989   16406   18654   23136   26444   31154   32761   37926   37897   40215
   38032   38209   35053   32863   27639   25027   20108   16619   12254    9418
    6946    5251    3510    2555    1716    1194     945     870     890     958
    1093    1430    1656    2081    2380    2964    3290    3846    4184    4934
    4719    5221    4933    5086    4708    4424    3705    3515    2943    2628
    2018    1678    1300    1079     800     690     514     505     366     343
     353     322     322     331     335     325     308     340     339     352
     371     361     373     405     438     572     672     855    1012    1329
    1738    2434    2810    3595    4176    5189    5673    6633    7173    7934
    7900    8215    8057    8019    7144    6937    6079    5497    4502    4032
    3293    2717    2323    1903    1516    1393    1175    1119     958     879
     841     788     731     708     632     694     690     741     664     753
     753     863     867    1017    1138    1203    1232    1407    1477    1505
    1613    1714    1766    1839    1715    1802    1635    1666    1394    1402
    1189    1132     992     937     900     817     692     712     632     642
     626     657     544     669     622     622     668     665     644     692
     655     763     651     786     696     759     677     757     735     802
     736     784     751     778     748     840     877     947     881     952
     900    1010    1015     977     888     942     918     920     877     857
     821     865     842     774     745     740     730     746     757     793
     732     812     764     768     750     767     714     758     723     808
     812     858     859     930     891     993    1049    1203    1151    1329
    1499    1703    1676    1962    2172    2440    2453    2745    2784    2768
    2726    2944    2682    2772    2399    2373    2197    2087    1854    1798
    1625    1567    1347    1227    1250    1197    1109    1141    1223    1183
    1146    1202    1228    1330    1301    1413    1514    1797    1936    2315
    2935    3701    4556    6479    8604   11805   14824   19957   25945   33693
   40176   50779   60515   72518   78659   91858  100616  111557  112004  127041
  118864  122808  113069  112318  102516   96413   81861   75596   63155   53860
   42775   36139   28339   22545   16301   13061    9032    7255    5003    3935
    2917    2354    1881    1556    1441    1366    1225    1237    1165    1120
    1109    1207    1220    1205    1139    1165    1186    1241    1146    1187
    1297    1319    1327    1488    1508    1654    1642    1988    2132    2536
    2787    3282    3928    4762    5318    6320    7508    8846    9739   11204
   12556   13800   14200   15364   16382   16595   15801   16258   15401   15073
   13368   13172   11255   10420    8552    7670    6631    5715    4631    3928
    3063    2688    2171    1822    1580    1421    1229    1178    1056    1086
     955     995    1002    1056    1001     983    1017    1078    1082    1065
    1020    1103    1022    1033    1085    1115    1100    1100    1138    1094
    1103    1139    1066    1123    1086    1040    1074    1069     985    1019
    1031    1051     955     966    1098    1023     983    1059    1034    1022
     976    1050    1037    1137     899    1042     946    1060     974    1045
    1061    1060    1015    1093    1096    1077    1049    1019    1115    1102
    1097    1163    1187    1184    1222    1259    1296    1266    1319    1384
    1422    1357    1402    1459    1455    1528    1455    1410    1434    1401
    1334    1312    1265    1309    1124    1178    1172    1169    1078    1063
     996    1034     977    1029    1000    1008     928     994     905    1020
     914     952     938     902     931     929     921     936     917     963
     917     919     940     966    1019    1019     981    1124    1075    1167
    1222    1282    1457    1555    1606    1670    1820    1906    2040    2201
    2188    2298    2227    2287    2396    2352    2207    2291    2053    2054
    1860    1860    1620    1562    1406    1412    1333    1266    1169    1091
    1098    1064    1024     952     968     956     908     965     974     986
     903    1013     901     966     928     943     986    1001     888     942
     932     872     840     959     846     882     892     858     888     903
     941     911     873     918     896     902     929     955     906     908
     979     947     867     965     928     952     884     938     947     932
     883     923     947     877     911     912     860     959     893     846
     915     933     899     935     991     972     974     929     984    1013
     976    1067    1000    1032    1036    1092    1017    1133    1049     996
    1072    1031     984    1021    1009    1017     937     990     949    1013
     869    1015     935     959     869     906     886     917     867     862
     878     866     869     909     828     938     856     875     866     929
     866     878     877     854     815     878     886     903     838     890
     927     886     848     857     902     881     856     930     939     983
     847     911     877     874     923     893     911     875     873     902
     873     905     848     827     923     932     846     904     864     859
     938     833     850     901     921     896     900     917     856     914
     882     939     892     956     941     961     960     987    1023    1087
    1042    1055    1020    1146    1048    1110    1064    1043    1045    1059
    1034     999     983     993     943     981     899     840     993     996
     881     974     910     887     826     901     943     879     866     848
     856     870     827     838     872     838     891     873     897     842
     831     849     876     893     786     948     858     915     801     831
     805     863     824     896     799     824     811     856     787     868
     793     840     829     809     838     887     863     845     802     840
     878     866     810     873     848     857     864     882     870     867
     822     800     817     865     822     824     855     801     835     838
     760     817     731     814     797     794     759     809     849     814
     806     806     783     804     732     813     746     849     814     815
     815     758     787     804     745     873     773     811     863     815
     762     841     847     840     860     851     966     899     973     990
    1055    1112    1030    1143    1087    1161    1141    1170    1134    1260
    1180    1210    1252    1258    1165    1209    1123    1158    1075    1130
    1045     996     987     994     957     918     913     851     823     853
     855     821     780     851     767     689     754     800     771     785
     735     759     722     753     776     777     722     731     783     771
     711     781     773     753     771     739     710     767     709     744
     718     763     775     738     783     718     780     739     854     768
     730     790     777     805     760     813     836     874     780     838
     864     860     836     832     812     900     854     905     858     881
     797     851     848     874     850     828     892     821     839     900
     826     792     803     867     805     830     827     828     856     805
     800     780     736     808     727     762     727     772     692     800
     708     733     724     713     673     712     693     673     745     686
     699     636     768     774     714     701     698     758     667     786
     763     803     753     757     785     835     774     862     883     885
     839     855     932     938     896     924     938     874     860     884
     947     924     791     897     893     833     782     835     810     746
     786     755     774     790     732     773     709     729     677     706
     683     699     641     639     673     667     640     663     664     657
     633     709     700     683     689     642     684     656     614     622
     665     626     684     649     647     645     673     645     668     660
     648     713     689     681     678     700     782     776     745     780
     831     837     815     808     950     899     906     902    1059     955
    1005    1039    1037    1018     940    1024    1058    1046     899     918
     936     884     888     926     891     854     797     774     785     786
     698     689     695     703     691     665     681     689     657     616
     641     627     609     651     650     654     632     585     653     594
     596     619     632     601     605     613     621     626     602     576
     625     599     562     563     633     605     621     646     662     602
     574     605     675     620     605     593     569     622     626     612
     691     600     612     620     620     611     658     616     626     676
     611     656     618     595     587     627     637     678     658     689
     605     626     577     630     662     646     559     610     621     639
     569     587     609     575     558     573     600     616     568     558
     564     628     556     573     537     574     534     540     583     544
     574     543     564     578     532     507     613     547     548     522
     581     590     539     528     573     580     594     555     587     584
     594     598     554     567     557     647     586     663     586     614
     691     653     622     713     736     689     713     765     739     797
     713     838     822     828     772     768     826     822     788     822
     797     809     753     744     745     778     704     742     720     738
     656     631     642     622     629     642     622     603     601     573
     582     607     557     551     587     514     505     585     583     568
     544     541     525     547     517     527     574     567     491     511
     544     554     461     486     495     560     508     526     543     576
     494     518     555     522     537     478     545     504     476     499
     480     541     476     525     528     549     530     509     537     529
     517     546     553     558     503     511     547     512     559     541
     558     514     478     544     531     520     507     543     529     563
     489     505     507     537     531     526     513     511     472     543
     519     477     512     501     501     528     492     527     494     500
     453     514     483     492     505     474     494     493     456     513
     473     494     485     458     500     492     454     448     503     537
     484     484     531     532     528     484     498     487     458     505
     501     532     473     477     496     493     487     453     537     485
     482     516     513     504     484     509     508     459     462     463
     519     473     454     519     510     502     474     471     517     507
     510     476     544     522     530     535     557     512     534     547
     554     526     534     505     531     529     513     537     574     548
     525     519     572     538     522     571     539     557     496     512
     527     536     538     523     520     549     557     512     514     562
     476     499     562     573     537     540     555     584     536     522
     512     559     563     550     553     509     553     605     537     587
     547     520     538     576     546     592     566     546     559     530
     600     665     574     530     607     563     564     541     608     572
     586     548     577     674     632     611     594     665     648     619
     667     700     625     664     686     706     672     664     724     678
     746     666     729     719     724     691     822     792     815     814
     874     788     827     826     918     931     868     948     899     994
     997    1013    1065    1090    1116    1209    1233    1238    1286    1256
    1376    1392    1432    1483    1623    1556    1668    1547    1885    1923
    1836    1914    1915    1998    1877    2127    2255    2314    2255    2316
    2463    2581    2524    2619    2726    2832    2707    2851    2819    2839
    2845    2855    2988    3052    2908    2970    2941    2999    2946    2822
    3309    3047    2889    3019    3053    2953    2786    2852    2978    2828
    2792    2729    2780    2609    2605    2622    2543    2469    2283    2400
    2373    2233    2123    2146    2128    2058    1993    1859    1889    1931
    1663    1587    1731    1580    1477    1356    1344    1335    1278    1283
    1211    1139    1177    1125     991    1055    1014     957     956     924
     931     887     842     850     786     759     828     844     796     803
     801     840     783     799     908     937     877     877     942     997
    1025    1124    1169    1248    1197    1346    1366    1369    1405    1574
    1557    1669    1623    1671    1766    1833    1733    1809    1829    1909
    1788    1779    1861    1763    1725    1560    1820    1639    1542    1421
    1449    1329    1277    1167    1188    1120     986    1014     920     902
     781     741     729     672     671     666     573     555     481     489
     496     522     421     436     450     450     421  233504
