$Informacoes da Fluorescencia de Raios-X:
"Sample    : GHA-300",                                                                    
"Operator  : THIAGO",                                                                     
"Comment  : ",                                                                            
"Group     : thiago_acra2010ma",                                                          
"Date       : 2010-06-13 14:18:36",                                                       
"",                                                                                       
"Mesurement Condition",                                                                   
"------------------------------------------------------------------------------------",   
"Instrument : 700HS2   Atmosphere : Vac.   Collimator : 10(mm)   Spin : No",              
"------------------------------------------------------------------------------------",   
"Analyte               TG kV   uA      FI Acq.(keV)  Anal.(keV)  Time(sec)     DT(%)",    
"------------------------------------------------------------------------------------",   
"Na                    Rh 50  849-Auto Al  0 - 20    0.8 - 1.2   Live -  959   21",       
"Channel_info_start",                                                                     
"Channel : Na",                                                                           
"Points : 2048
"Range : 0.000000 - 20.480000",                                                           
"Step : 0.010000",                                                                        
"Channel_info_end",                                                                       
$DATA:
       0    2047
       0       0       0       0       0       0       0       0       0    2048
       0       0       0       0       0       0       0       0       0       0
       0       0       0       0       0       0       0       0       0       0
       0       0       0       0       0       0       0       5       2       8
      87     245     230     241     208     252     208     208     176     241
     216     210     219     202     198     268     280     245     234     244
     269     316     307     338     290     335     297     314     341     344
     368     332     331     357     266     264     322     305     277     314
     292     324     315     296     244     217     266     225     238     227
     210     239     246     253     280     248     262     292     294     299
     279     270     266     273     230     245     237     261     226     296
     294     294     273     327     304     334     256     314     272     272
     295     263     261     246     226     238     238     288     264     263
     314     371     371     366     411     413     405     422     365     394
     349     344     349     347     322     361     396     496     514     719
     909    1244    1642    2204    2384    2911    3017    3436    3575    3775
    3515    3500    3139    2966    2363    2055    1758    1450    1198    1112
    1013    1094    1171    1680    2403    3441    4431    6358    7929   10231
   11479   13542   14766   15882   15436   16099   14011   13444   11278   10001
    7811    6406    4722    3558    2625    2034    1486    1242    1083     933
     873     935     874     895     842     921     954     972     915     936
     863     860     710     762     733     683     547     567     595     517
     488     515     478     500     451     497     566     591     653     813
    1107    1350    1643    2218    2761    3409    3898    4599    5009    5505
    5560    6025    5638    5446    4647    4310    3712    3249    2546    1999
    1634    1315    1116     991     838     854     769     819     851     958
     934    1152    1398    1690    1960    2786    2999    3834    4225    4972
    5173    5805    5488    6006    5306    5174    4584    4019    3514    2871
    2228    1883    1373    1284    1054     962     837     899     865     956
     874     937     921     877     876     910     737     773     658     655
     554     578     512     515     449     506     475     479     437     481
     509     497     477     545     502     545     548     532     561     576
     585     623     631     691     744     903    1142    1389    1745    2503
    3253    4578    5828    7839    9684   12428   14247   17404   18821   21455
   21463   23081   22893   22353   20444   20059   16266   14850   11742    9828
    7448    5853    4179    3378    2372    1873    1492    1400    1325    1428
    1673    1830    2474    2973    3442    4503    5554    7065    8628   11303
   13521   17233   19605   23977   27508   32000   33245   38106   37941   39249
   36801   36778   33985   31322   26380   23087   18986   15653   11654    9119
    6673    4861    3275    2490    1762    1327    1005    1025    1021    1151
    1243    1581    1870    2362    2605    3225    3515    4205    4368    4945
    4846    5111    4705    5000    4601    4278    3731    3330    2855    2414
    2012    1602    1257    1060     841     768     626     539     451     428
     453     438     439     420     446     447     396     416     438     430
     429     514     463     534     548     717     842    1015    1163    1612
    1874    2497    2808    3643    4333    5027    5414    6396    6528    7188
    6941    7161    7135    6967    6230    5906    5196    4693    3997    3406
    2896    2502    2045    1852    1443    1318    1148    1078    1017     960
     864     857     839     831     787     769     830     837     862     888
     969     981    1046    1148    1192    1331    1270    1434    1457    1705
    1653    1654    1809    1749    1632    1758    1626    1574    1423    1449
    1334    1198    1009     994     935     912     805     795     776     706
     738     863     727     781     757     772     720     812     762     873
     788     927     841     857     900     902     836     917     848     930
     865     927     889     997    1013    1040    1082    1070    1113    1069
    1103    1108    1126    1186    1101    1168    1074    1130    1014    1116
    1016    1050     963    1070     996     998    1013    1054    1005    1021
    1017    1038     973     970    1043    1064     964    1032    1102    1039
    1044    1009    1096    1073    1107    1326    1290    1434    1472    1702
    1792    1981    2048    2394    2477    2611    2782    2910    2914    3067
    2906    3028    2798    2865    2553    2550    2332    2147    1973    1889
    1734    1681    1589    1539    1558    1588    1421    1442    1576    1452
    1395    1513    1521    1575    1643    1707    1848    2237    2361    2737
    3378    4416    5642    7645    9597   13004   16005   21425   26886   34188
   40420   49732   58529   67614   73579   83385   90582   98251   98132  108635
  100353  103171   93885   91432   83856   77323   65611   59504   49932   43034
   33469   27902   22077   17378   12834   10571    7590    5951    4268    3572
    2762    2514    2034    1979    1741    1685    1659    1527    1584    1610
    1497    1633    1559    1693    1545    1673    1666    1696    1654    1756
    1680    1765    1677    1885    1969    2132    2101    2579    2667    3007
    3304    3830    4430    5242    5769    7027    7718    9003    9717   10843
   11908   12975   13364   14013   14916   14859   14223   14118   13464   13242
   11416   10869    9765    8909    7342    6642    5640    4916    4170    3731
    3070    2763    2355    2168    1975    1778    1641    1596    1603    1658
    1435    1458    1497    1605    1479    1469    1504    1646    1514    1596
    1602    1619    1551    1570    1668    1590    1576    1567    1591    1598
    1548    1664    1632    1621    1503    1629    1522    1586    1519    1494
    1518    1518    1488    1426    1513    1522    1467    1532    1557    1521
    1500    1432    1459    1488    1503    1554    1551    1559    1470    1568
    1555    1507    1592    1636    1596    1610    1537    1607    1625    1661
    1620    1746    1720    1810    1794    1888    2033    2064    1982    2157
    2118    2151    2016    2130    2134    2185    1967    2105    2039    2047
    1947    1867    1786    1860    1633    1703    1586    1566    1478    1503
    1459    1392    1448    1393    1373    1479    1378    1361    1345    1407
    1363    1354    1419    1415    1320    1428    1401    1382    1349    1399
    1372    1433    1435    1461    1505    1498    1485    1705    1670    1881
    1828    2051    2243    2304    2436    2464    2790    2923    2940    3166
    3202    3366    3215    3301    3325    3210    2929    3057    2890    2855
    2582    2409    2263    2097    1983    1991    1830    1732    1592    1601
    1565    1415    1407    1427    1452    1414    1439    1334    1444    1432
    1356    1277    1334    1340    1338    1392    1470    1346    1302    1397
    1340    1349    1259    1361    1309    1385    1285    1287    1252    1411
    1309    1399    1399    1349    1280    1313    1327    1283    1288    1409
    1409    1353    1367    1331    1288    1391    1242    1319    1357    1361
    1352    1325    1338    1295    1340    1279    1347    1360    1292    1326
    1302    1402    1294    1383    1341    1369    1369    1444    1402    1475
    1401    1507    1599    1576    1483    1536    1544    1547    1483    1530
    1497    1485    1380    1409    1456    1462    1296    1405    1352    1328
    1318    1274    1305    1343    1335    1331    1288    1346    1278    1318
    1311    1239    1257    1279    1338    1337    1154    1241    1252    1318
    1242    1274    1299    1253    1203    1235    1269    1269    1166    1284
    1227    1290    1301    1282    1268    1346    1248    1308    1233    1259
    1299    1252    1265    1343    1341    1231    1280    1321    1244    1271
    1264    1229    1192    1253    1275    1251    1217    1278    1240    1365
    1233    1230    1221    1301    1284    1347    1341    1291    1313    1366
    1336    1384    1370    1413    1388    1414    1463    1430    1469    1545
    1441    1577    1563    1510    1450    1572    1419    1516    1456    1448
    1468    1537    1430    1477    1378    1418    1344    1326    1326    1393
    1249    1354    1260    1331    1188    1236    1295    1274    1283    1310
    1350    1306    1187    1168    1232    1315    1290    1287    1288    1262
    1319    1255    1277    1277    1259    1282    1198    1218    1204    1264
    1250    1229    1252    1287    1267    1292    1284    1323    1284    1251
    1161    1274    1282    1303    1241    1249    1256    1241    1174    1212
    1358    1280    1204    1223    1345    1326    1194    1290    1238    1250
    1236    1229    1288    1287    1152    1318    1232    1247    1135    1210
    1199    1186    1212    1217    1235    1230    1258    1231    1227    1216
    1091    1259    1209    1264    1217    1175    1242    1241    1169    1255
    1156    1226    1155    1138    1127    1198    1114    1247    1261    1182
    1250    1280    1186    1306    1321    1285    1245    1370    1332    1400
    1314    1404    1378    1440    1500    1452    1460    1491    1483    1513
    1538    1556    1470    1522    1433    1428    1466    1461    1343    1323
    1313    1389    1321    1319    1274    1313    1204    1248    1168    1221
    1116    1207    1073    1154    1122    1124    1175    1151    1079    1156
    1142    1188    1043    1126    1166    1157    1003    1164    1100    1192
    1109    1135    1179    1112    1049    1099    1060    1143    1039    1101
    1118    1137    1126    1113    1179    1212    1118    1164    1245    1197
    1244    1147    1239    1195    1196    1235    1234    1300    1275    1282
    1188    1236    1229    1251    1241    1317    1221    1288    1303    1327
    1155    1259    1178    1241    1260    1204    1252    1225    1177    1207
    1194    1197    1127    1194    1154    1139    1131    1180    1175    1119
    1055    1119    1118    1090    1016    1188    1084    1109    1038    1131
    1054    1108    1044    1094    1103    1078    1042    1075    1143    1068
    1043    1109    1116    1073    1050    1116    1136    1140    1044    1068
    1138    1107    1113    1192    1152    1215    1099    1208    1171    1182
    1209    1201    1217    1210    1174    1207    1196    1225    1196    1148
    1240    1187    1180    1172    1198    1217    1134    1139    1109    1078
    1101    1107    1092    1153    1086     994    1081     994    1011    1058
    1094    1039    1003    1031    1083    1005    1037    1008    1054    1064
     952    1024     987     963     961     953    1127    1003     965     939
    1021    1009     977     995    1057    1031     991     969    1003    1051
    1007    1042    1007    1092     998    1009    1086    1048    1095    1118
    1194    1116    1155    1122    1222    1187    1160    1275    1305    1259
    1231    1249    1369    1274    1311    1269    1226    1257    1196    1187
    1235    1204    1172    1191    1150    1120    1110    1033    1050    1075
    1016    1002    1041    1044     942     965     988    1037     954     923
     926     976     892     915     932     890     884     917     988     921
     885     924     915     924     899     967     980     891     882     972
     882     947     944     927     904     935     932     968     895     958
     942     883    1034     980     959     907     935     947     921     917
     936     959     941     890     919     997     881     925     919     916
     959     974    1013     982     897     934     999     935     872     907
     995     944     883     876     923     877     866     856     942     930
     899     853     942     929     853     860     877     898     918     876
     859     884     859     886     863     874     918     848     897     840
     851     876     842     837     834     813     868     895     784     841
     895     872     812     886     848     847     831     848     881     830
     860     862     864     871     881     908     926     944     902     972
     925     959     955     981    1015    1012     986     990    1033    1082
     984    1052    1059    1029     985    1081    1067    1070    1039    1013
    1015    1050    1011    1057     972     977     939     959     936     944
     955     888     909     910     856     858     884     808     801     866
     805     833     842     784     837     799     810     821     792     867
     785     778     744     868     776     834     798     785     794     839
     816     828     768     767     768     808     841     832     779     773
     769     773     859     786     775     836     839     839     786     787
     859     759     771     769     807     799     790     767     808     794
     768     743     810     818     720     812     834     830     805     812
     804     795     770     843     812     831     854     823     797     822
     790     786     801     776     788     754     796     790     770     763
     799     871     746     763     733     744     706     732     792     740
     735     753     824     773     757     808     792     828     716     734
     790     769     746     759     789     749     711     709     753     736
     776     783     775     785     720     755     781     772     706     684
     760     737     807     772     792     728     713     771     804     810
     737     794     770     823     760     768     724     828     764     732
     819     823     762     767     798     788     799     796     720     789
     759     761     793     808     778     787     788     794     794     744
     923     735     749     807     775     815     825     819     798     832
     797     775     819     824     788     818     810     795     832     757
     796     894     792     799     790     816     792     795     843     823
     779     788     910     815     830     811     882     802     839     818
     841     830     789     804     832     824     864     858     942     849
     838     854     908     888     856     821     902     906     840     859
     873     942     858     867     949     920     892     906     951     959
     959     859     994     919     925     951    1028     979     944     993
    1003    1049     970    1039    1048    1163    1023    1059    1089    1108
    1084    1110    1197    1170    1217    1207    1239    1210    1290    1242
    1308    1398    1378    1348    1488    1521    1479    1511    1603    1594
    1725    1741    1752    1825    1857    1942    2048    2088    2089    2197
    2189    2252    2287    2451    2628    2768    2637    2634    3069    3049
    2990    3123    3321    3413    3324    3586    3732    3766    3616    3893
    4227    4081    4153    4240    4420    4415    4311    4347    4508    4549
    4582    4548    4883    4764    4658    4789    4877    4813    4905    4537
    5435    4755    4554    4599    4539    4720    4442    4593    4668    4561
    4307    4348    4343    4297    3870    4012    4029    3783    3625    3750
    3620    3538    3384    3257    3167    3127    2884    2865    2934    2729
    2481    2364    2528    2385    2236    2147    2159    2049    1933    1996
    1869    1743    1757    1658    1579    1523    1444    1436    1408    1385
    1376    1300    1313    1328    1143    1216    1222    1243    1224    1152
    1258    1241    1154    1276    1426    1361    1444    1445    1467    1548
    1536    1618    1783    1783    1794    1961    2204    2143    2166    2310
    2435    2432    2387    2541    2611    2687    2543    2607    2809    2774
    2676    2582    2694    2482    2480    2296    2585    2299    2219    2258
    2048    2026    1810    1710    1717    1600    1487    1362    1349    1264
    1144    1142    1061    1023     899     900     857     880     808     768
     788     666     724     709     681     658     668  368350
