$Informacoes da Fluorescencia de Raios-X:
"Sample    : GHA434",                                                                     
"Operator  : AMERICO",                                                                    
"Comment  : ",                                                                            
"Group     : thiago_acra2010ma",                                                          
"Date       : 2010-06-15 17:29:12",                                                       
"",                                                                                       
"Mesurement Condition",                                                                   
"------------------------------------------------------------------------------------",   
"Instrument : 700HS2   Atmosphere : Vac.   Collimator : 10(mm)   Spin : No",              
"------------------------------------------------------------------------------------",   
"Analyte               TG kV   uA      FI Acq.(keV)  Anal.(keV)  Time(sec)     DT(%)",    
"------------------------------------------------------------------------------------",   
"Na                    Rh 50 1000-Auto Al  0 - 20    0.8 - 1.2   Live -  960   19",       
"Channel_info_start",                                                                     
"Channel : Na",                                                                           
"Points : 2048
"Range : 0.000000 - 20.480000",                                                           
"Step : 0.010000",                                                                        
"Channel_info_end",                                                                       
$DATA:
       0    2047
       0       0       0       0       0       0       0       0       0    2048
       0       0       0       0       0       0       0       0       0       0
       0       0       0       0       0       0       0       0       0       0
       0       0       0       0       0       0       0       1       6       4
      98     211     210     215     211     210     216     216     198     214
     213     219     209     228     223     230     254     259     259     288
     309     309     326     372     436     383     367     426     405     380
     349     378     364     357     265     299     278     288     317     275
     249     289     260     265     237     252     284     246     265     285
     275     334     316     425     383     442     432     507     476     451
     453     422     407     348     270     327     307     330     344     367
     318     411     444     466     414     462     438     450     364     370
     317     343     320     332     237     260     263     279     313     324
     357     379     359     463     491     501     529     604     425     448
     452     386     416     388     378     407     365     508     552     804
     961    1387    1726    2447    2657    3309    3585    4031    4384    4299
    4210    4306    3642    3555    2966    2555    2164    1883    1484    1455
    1268    1369    1526    2039    2686    4002    5285    7734    9395   12047
   14000   16598   18009   19574   19257   20016   18036   17265   14135   12361
    9979    7728    5712    4438    3160    2478    1815    1461    1185    1034
     972     932     821     882     808     888     848     880     796     890
     818     812     712     821     783     734     663     692     668     746
     689     683     629     642     660     746     771     905     996    1367
    1600    2098    2694    3612    4631    5979    6647    8081    8796   10056
   10091   10769   10276   10016    8810    7990    6955    5913    4546    3802
    2858    2464    1848    1673    1571    1447    1447    1474    1576    1737
    1897    2447    3055    4088    5120    7258    8079   10274   11322   13569
   14674   16305   16052   17022   15389   14986   12807   11563    9591    8195
    6171    5090    3483    2824    2225    2022    1783    1843    1748    1882
    1906    2048    1990    1929    1927    1743    1562    1474    1382    1140
     902     871     744     704     630     669     610     592     547     592
     587     567     585     576     594     633     633     657     686     716
     747     781     787     872     918    1121    1405    1991    2544    3773
    4839    7134    9079   12748   16001   20441   23985   29281   32280   36245
   37354   39871   39384   39547   35611   34405   29002   25670   20515   17227
   12958   10186    7154    5220    3743    2864    2038    1768    1723    1842
    2020    2403    3051    3544    4074    5017    6107    7230    8200    9909
   11693   13676   15093   17773   20291   22444   23736   26219   25947   27162
   25987   24724   23245   21419   18206   16314   13199   10863    8178    6463
    4746    3521    2454    1834    1233    1074     811     715     711     833
     931    1093    1311    1620    1883    2184    2571    2775    2970    3249
    3259    3552    3323    3410    3174    2996    2697    2447    2068    1747
    1415    1209    1003     869     669     595     470     447     454     404
     376     398     357     359     395     378     368     391     365     391
     385     443     409     483     508     533     651     832    1001    1317
    1689    2056    2509    3145    3702    4425    4823    5508    6023    6412
    6299    6694    6528    6452    5708    5585    4868    4339    3701    3149
    2739    2248    1807    1696    1306    1222     953     853     850     817
     713     758     712     735     689     696     659     686     719     805
     826     806     874     973    1139    1109    1186    1284    1275    1394
    1409    1453    1506    1550    1500    1496    1482    1407    1303    1304
    1165    1070     976     938     896     791     720     691     656     707
     621     682     601     668     615     689     667     714     658     729
     695     683     689     683     724     759     698     758     725     775
     732     775     832     886     871     914     852     844     897     970
     909     897     922     974     945     902     879     931     868     859
     800     803     752     857     785     820     794     877     780     858
     843     836     789     794     833     864     846     853     870     887
     800     918     863     998     937    1073    1031    1192    1181    1378
    1454    1546    1724    1926    1935    2213    2279    2366    2358    2436
    2526    2599    2330    2316    2194    2122    2040    1936    1733    1607
    1538    1469    1306    1305    1279    1278    1154    1174    1219    1259
    1195    1327    1281    1381    1365    1444    1521    1726    1823    2174
    2649    3431    4092    5722    7356    9893   12431   16427   21005   26767
   31713   38903   46335   54658   60197   67390   75518   80421   81970   90457
   85496   86524   80140   78318   71817   66079   56710   52017   43729   36914
   29252   24197   19576   15374   11369    9074    6565    5136    3854    3021
    2470    2070    1724    1566    1422    1436    1321    1358    1367    1329
    1241    1320    1278    1382    1275    1359    1348    1376    1357    1438
    1296    1427    1427    1546    1620    1730    1730    1923    2117    2408
    2596    3139    3530    4199    4478    5580    6278    7139    7619    8812
    9941   10502   10770   11397   12181   12246   11833   11568   11394   10841
    9617    9264    8217    7762    6464    5666    4859    4182    3449    3083
    2451    2296    1859    1741    1613    1448    1378    1378    1330    1265
    1250    1223    1202    1214    1158    1113    1350    1269    1149    1302
    1269    1272    1311    1316    1229    1309    1306    1268    1314    1361
    1249    1335    1244    1211    1298    1237    1313    1218    1158    1220
    1279    1233    1204    1286    1263    1229    1205    1146    1243    1258
    1192    1196    1215    1317    1187    1280    1246    1313    1223    1278
    1286    1265    1183    1303    1260    1339    1224    1350    1411    1391
    1419    1450    1478    1492    1542    1574    1707    1732    1766    1772
    1747    1859    1832    1806    1922    1920    1761    1775    1707    1757
    1629    1661    1572    1478    1439    1401    1289    1316    1267    1247
    1239    1253    1170    1212    1164    1218    1150    1136    1185    1102
    1168    1123    1142    1157    1129    1154    1168    1192    1172    1179
    1214    1250    1281    1353    1487    1590    1641    1848    2021    2294
    2547    2805    3215    3642    3950    4529    4953    5229    5511    5942
    6322    6375    6246    6319    6688    6343    6052    5887    5532    5154
    4677    4222    3872    3554    3112    2862    2505    2255    1938    1799
    1694    1445    1404    1350    1279    1265    1211    1279    1250    1232
    1206    1201    1215    1140    1151    1165    1195    1196    1122    1177
    1100    1103    1066    1077    1139    1107    1139    1080    1163    1128
    1077    1121    1058    1111    1058    1080    1087    1107    1178    1127
    1189    1201    1122    1108    1157    1126    1057    1075    1178    1127
    1135    1133    1101    1091    1124    1110    1096    1182    1101    1157
    1182    1181    1142    1284    1268    1300    1369    1448    1515    1485
    1490    1544    1654    1750    1688    1689    1731    1830    1715    1790
    1781    1637    1587    1547    1573    1522    1381    1346    1368    1381
    1195    1246    1149    1228    1201    1195    1120    1113    1063    1077
    1066    1080    1045    1008    1064    1118    1027     971    1040    1085
     987     980    1078    1044    1034    1067    1091    1048    1052    1013
    1011    1015     992    1007    1064    1055    1029    1094    1082    1107
    1092    1081    1059    1094    1017    1067    1109    1029     983    1037
    1136     981    1010    1010    1095    1124     976     941    1074    1062
    1043     992    1053    1151    1042    1045    1074    1129    1062    1123
    1039    1172    1148    1113    1175    1225    1233    1191    1232    1259
    1270    1221    1281    1275    1259    1331    1294    1320    1265    1248
    1251    1213    1183    1221    1170    1194    1145    1121    1085    1103
    1068    1151    1110    1053    1020    1017    1080    1009    1024    1052
    1046    1057    1044    1009     975    1042     966    1074    1121    1031
     998    1031    1016    1027    1029    1102    1036    1030     924    1043
    1037    1044     990    1103    1057    1034    1001    1007    1028    1038
    1021     991    1096    1048     999    1022    1098    1090     999     994
    1057    1003     962    1031    1033    1006     994    1101    1056    1012
    1038    1058    1018    1101     983    1062    1042    1007     970     984
    1067    1011     985     927     953    1047     908    1007     960    1070
     951    1022     974    1046     915     935    1044     994    1038    1036
     944    1022    1027     972     983     996    1085    1016     999    1096
    1038    1065    1043    1087    1044    1161    1154    1256    1159    1215
    1260    1332    1315    1367    1411    1545    1386    1481    1422    1543
    1493    1468    1432    1478    1373    1401    1352    1360    1295    1300
    1223    1209    1172    1128    1144    1155    1039    1096    1019    1096
     908     991     947     938     950     956     989     900     923    1011
     929     943     923     960     932     933     859     913     989     945
     869     918     915     898     913     922     948     951     887     935
     972     948     941     890     965     902     909     939    1017     994
     936     994     961    1007    1002    1053    1034    1054    1027     985
    1042    1020    1073    1063    1062    1011    1007    1066    1046    1038
     996     990     997    1007     945     975     962     952     927     954
     988     998     942     913     950     937     911     869     923     918
     848     873     902     943     865     845     865     851     870     922
     850     849     815     948     908     905     822     834     918     841
     877     857     886     920     941     896     928     894     894     929
     924    1015     938     984    1045    1017    1054    1059    1103    1102
    1103    1037    1140    1114    1072    1139    1130    1126    1030    1048
    1109    1086    1003    1083    1021    1045     994    1012     966     954
     886     918     932     870     906     860     895     901     853     849
     836     804     820     759     787     784     794     798     770     804
     809     807     827     858     795     787     853     790     765     788
     881     809     715     820     779     812     807     837     788     808
     804     791     806     854     813     811     788     860     897     916
     900     963     931     941     988    1027     959     985    1053    1035
    1042     979    1071    1071    1005    1044    1082    1126     964    1028
     964     989     975     959     942     939     902     814     892     860
     859     759     830     790     783     778     765     791     710     777
     752     750     737     732     774     768     704     747     730     805
     735     741     696     710     750     807     755     731     739     723
     743     728     712     731     820     763     713     713     790     747
     765     738     762     726     793     768     823     748     784     765
     780     796     725     744     789     779     731     767     808     833
     712     787     804     770     803     733     879     835     757     756
     765     778     733     732     806     712     771     750     733     766
     719     715     674     732     715     753     733     687     693     738
     706     705     695     693     722     729     667     663     692     758
     700     656     698     713     623     648     741     667     628     684
     712     711     655     682     718     753     666     693     709     689
     718     705     685     719     700     737     733     713     752     760
     748     738     753     750     799     841     817     850     795     804
     805     808     836     868     854     830     906     846     807     802
     807     845     795     800     831     796     729     813     786     785
     811     739     762     694     684     695     716     681     689     670
     722     689     627     693     706     650     668     673     724     692
     623     657     659     648     672     638     675     661     670     650
     670     686     663     679     621     613     645     623     660     645
     591     654     660     645     620     619     632     633     630     636
     633     664     618     614     636     626     624     640     670     646
     627     655     666     637     631     716     660     733     637     648
     667     663     576     638     615     659     637     608     675     641
     667     674     620     647     610     602     611     658     589     607
     633     661     638     647     572     628     649     627     605     633
     592     608     614     620     602     642     675     624     614     647
     666     666     577     635     536     637     639     657     603     629
     604     669     607     642     637     617     655     608     605     637
     657     565     618     608     591     617     600     596     663     622
     604     615     603     635     605     580     670     659     611     648
     624     601     584     610     673     669     577     618     591     621
     563     649     637     601     659     624     654     652     630     602
     626     676     600     649     630     642     640     689     644     665
     587     654     644     645     618     633     620     652     612     652
     678     646     689     646     666     648     624     590     701     638
     629     622     707     649     644     686     623     670     618     673
     732     654     646     674     654     619     649     681     682     644
     668     669     725     719     596     749     719     740     691     740
     742     709     725     718     778     688     700     723     760     741
     746     757     774     760     726     744     816     753     797     860
     859     814     840     769     872     855     857     878     874     900
     846     877     947     902     919     962    1029    1024    1016     985
    1018    1036    1052    1107    1174    1152    1272    1191    1226    1342
    1313    1353    1441    1361    1357    1475    1635    1653    1591    1626
    1779    1851    1850    1894    2093    2156    2081    2174    2482    2434
    2500    2522    2564    2655    2637    2721    2923    2954    2906    3053
    3238    3287    3211    3272    3521    3500    3460    3446    3543    3777
    3648    3653    3732    3786    3733    3823    3947    3796    3871    3721
    4108    3891    3778    3795    3836    3738    3677    3526    3630    3519
    3434    3323    3526    3336    3107    3148    3214    3046    2900    2877
    2829    2752    2677    2563    2661    2583    2337    2314    2233    2116
    2068    1950    1993    1905    1829    1734    1769    1567    1558    1484
    1424    1462    1305    1276    1308    1235    1188    1142    1205    1113
    1068    1064    1068     988    1007     948    1046     971     965    1010
    1021     970     888     983    1105    1107    1046    1089    1278    1268
    1242    1334    1428    1452    1518    1508    1724    1685    1734    1732
    1985    1938    1983    2035    2178    2213    2082    2100    2111    2274
    2187    2118    2185    2120    1924    1890    2020    1910    1795    1784
    1668    1638    1499    1423    1405    1344    1124    1099    1050    1038
     852     900     886     817     757     705     621     646     614     598
     603     622     529     548     583     561     535  290587
