$Informacoes da Fluorescencia de Raios-X:
"Sample    : GHA-404",                                                                    
"Operator  : luisf",                                                                      
"Comment  : ",                                                                            
"Group     : thiago_acra2010ma",                                                          
"Date       : 2010-06-15 07:06:20",                                                       
"",                                                                                       
"Mesurement Condition",                                                                   
"------------------------------------------------------------------------------------",   
"Instrument : 700HS2   Atmosphere : Vac.   Collimator : 10(mm)   Spin : No",              
"------------------------------------------------------------------------------------",   
"Analyte               TG kV   uA      FI Acq.(keV)  Anal.(keV)  Time(sec)     DT(%)",    
"------------------------------------------------------------------------------------",   
"Na                    Rh 50  914-Auto Al  0 - 20    0.8 - 1.2   Live -  959   21",       
"Channel_info_start",                                                                     
"Channel : Na",                                                                           
"Points : 2048
"Range : 0.000000 - 20.480000",                                                           
"Step : 0.010000",                                                                        
"Channel_info_end",                                                                       
$DATA:
       0    2047
       0       0       0       0       0       0       0       0       0    2048
       0       0       0       0       0       0       0       0       0       0
       0       0       0       0       0       0       0       0       0       0
       0       0       0       0       0       0       0       3       1       8
     117     228     221     249     204     228     204     231     253     237
     213     272     218     256     231     222     214     287     287     268
     297     321     351     392     334     381     375     422     362     397
     330     359     346     339     324     334     344     325     330     376
     309     346     320     319     336     328     349     410     426     554
     549     675     758     913     995    1236    1221    1401    1349    1314
    1218    1139     995     854     735     685     616     694     593     675
     753     837     833     923     934     936     949     856     789     752
     635     595     499     482     409     398     413     417     416     495
     541     639     616     696     713     789     712     834     665     689
     626     587     481     498     448     458     458     548     584     766
     919    1331    1613    2263    2436    3132    3288    3813    3797    4027
    3881    3805    3417    3226    2636    2375    2005    1661    1352    1389
    1109    1224    1374    1947    2466    3996    5211    7520    9501   12428
   14088   17045   18563   20416   19620   21207   18601   17830   14760   13513
   10299    8714    6191    4799    3525    2724    1928    1566    1187    1182
    1021    1094     882     982     916     948     922     962     858     952
     973     936     854     885     805     899     884     872     834     820
     847     898     858     967     907    1089    1091    1212    1329    1521
    1860    2245    2640    3506    4182    5286    5773    6864    7601    8417
    8432    8956    8674    8666    7613    7208    6411    5693    4563    4227
    3322    3014    2623    2537    2482    2556    2587    2910    3410    4323
    5160    7245    9703   13776   17607   26379   29836   39211   43547   53353
   56432   64100   62897   67098   62394   61108   52250   48177   39597   34273
   25142   21029   14528   11712    8479    7232    6259    6019    5719    6240
    6286    6911    6400    6453    6142    5809    5083    4614    3584    3153
    2442    1978    1504    1224     918     802     631     601     467     472
     476     485     459     532     447     465     465     524     532     550
     570     557     583     643     671     876     900    1254    1452    2290
    2948    4097    5156    7106    8931   11907   13457   16733   18939   21404
   21897   23893   23696   24255   22026   21891   17982   16680   13186   11472
    8645    6990    4846    3734    2882    2123    1501    1398    1241    1282
    1278    1635    2013    2467    2971    3587    4468    5702    6875    8696
   10481   13224   14970   18611   21134   24536   26202   30255   29907   32202
   30260   30864   28564   26985   22625   20577   16969   14273   10574    8699
    6381    4778    3220    2407    1654    1232     959     846     833     902
     986    1246    1437    1679    1974    2491    2629    3165    3359    3936
    3723    4191    3987    4107    3950    3713    3209    2957    2547    2280
    1791    1526    1224     996     797     702     533     460     391     404
     357     365     332     361     356     353     354     354     340     375
     406     397     427     482     464     542     636     774     922    1181
    1476    1920    2207    2975    3357    4023    4447    5387    5877    6142
    6033    6700    6359    6685    5760    5871    5222    4739    3820    3481
    2912    2462    1979    1849    1388    1313    1050     986     847     847
     706     775     698     716     672     714     686     710     733     727
     862     877     855     991    1028    1082    1123    1255    1371    1389
    1359    1453    1474    1485    1521    1581    1351    1410    1318    1203
    1140    1137    1009     933     925     784     729     690     661     638
     594     727     590     655     628     626     653     661     663     697
     667     658     711     764     766     757     711     728     777     707
     767     757     796     830     791     823     868     917     825     924
     960     951     911     991    1008    1019     924     933     911     926
     872     906     875     876     783     798     812     871     787     872
     798     874     772     836     816     877     843     901     834     834
     866     899     853     822     915    1002    1017    1139    1168    1292
    1340    1528    1550    1852    2029    2145    2197    2408    2508    2680
    2428    2722    2518    2529    2261    2256    2102    2042    1841    1852
    1567    1645    1444    1459    1341    1346    1277    1269    1298    1301
    1295    1374    1407    1424    1346    1479    1509    1690    1799    2075
    2385    3063    3764    5147    6491    8929   11116   15070   18724   24367
   28920   36801   44091   52700   57511   66798   72864   81572   82637   94167
   88593   92233   85107   86044   78588   75657   64188   59835   50970   44649
   35000   29958   23627   19549   14230   12032    8342    6687    4778    3767
    3019    2436    1928    1728    1564    1535    1316    1397    1265    1373
    1236    1343    1384    1371    1275    1365    1309    1428    1347    1379
    1426    1399    1464    1517    1558    1697    1773    1881    1971    2339
    2474    2945    3317    3868    4331    5022    5939    6906    7433    8644
    9595   10583   10822   11728   12605   12860   12403   12787   12089   12049
   10580   10282    9302    8491    7065    6626    5700    4867    4073    3629
    2889    2573    2134    1919    1705    1649    1352    1364    1255    1325
    1120    1216    1148    1137    1119    1210    1256    1225    1116    1210
    1229    1260    1218    1271    1277    1340    1238    1297    1228    1351
    1202    1256    1204    1323    1207    1244    1239    1321    1138    1222
    1219    1235    1128    1152    1134    1227    1139    1201    1204    1242
    1093    1139    1096    1231    1130    1282    1242    1279    1181    1211
    1295    1249    1249    1270    1290    1328    1181    1318    1332    1376
    1397    1356    1424    1553    1462    1583    1535    1832    1627    1815
    1883    1891    1891    1996    1885    1974    1841    1839    1902    1855
    1631    1682    1596    1588    1475    1528    1401    1373    1331    1363
    1230    1315    1069    1197    1151    1177    1144    1152    1171    1213
    1165    1182    1187    1188    1152    1135    1127    1201    1097    1184
    1148    1246    1198    1303    1287    1357    1273    1596    1618    1753
    1805    2140    2410    2585    2619    3130    3379    3779    3628    4225
    4252    4591    4504    4472    4772    4621    4339    4430    4131    4012
    3550    3559    3224    3023    2488    2473    2129    2039    1803    1710
    1577    1486    1375    1304    1330    1304    1185    1202    1245    1241
    1213    1198    1290    1196    1159    1187    1197    1266    1146    1179
    1219    1270    1167    1207    1163    1163    1127    1194    1196    1164
    1096    1169    1077    1159    1071    1160    1128    1201    1034    1169
    1161    1130    1151    1164    1068    1103    1143    1109    1077    1170
    1088    1147    1100    1159    1054    1060    1053    1162    1126    1101
    1070    1210    1116    1204    1179    1180    1213    1253    1239    1366
    1331    1345    1470    1466    1440    1517    1493    1560    1415    1547
    1541    1535    1423    1431    1448    1492    1258    1300    1288    1224
    1198    1227    1203    1190    1151    1103    1059    1134    1066    1088
    1082    1065    1031    1095    1058    1103    1018    1029    1065    1099
    1023    1008    1173    1108    1012     944    1069    1052    1072    1067
     990    1142    1031    1127    1072    1043    1029    1091    1125     990
    1043    1108    1105    1031    1078    1086    1045    1077    1062     952
    1102    1103    1044    1086    1020    1074     993    1074    1085    1010
     987    1057    1021    1096     999    1059    1092    1148    1011    1103
    1045    1131    1042    1162    1138    1189    1043    1150    1199    1235
    1207    1129    1172    1271    1146    1214    1311    1256    1160    1167
    1218    1238    1129    1137    1096    1138    1137    1075    1111    1156
    1100    1154    1071    1033     995    1068    1068    1053     936    1031
    1020     932     993    1062    1026    1092     925    1055     993    1052
     868     927     992    1100    1004    1023    1072    1044    1029     983
    1008    1062     994    1052     986    1042     968    1044     998    1038
     992     952    1027    1034     918     994    1003    1016     879     995
    1060    1054    1010    1003     973    1036    1027    1031    1032     999
    1029     976    1002    1036     967    1001    1044    1053     949    1011
     996     994     942     982    1018     991     950     952     961     990
     940    1036     913    1046     883     945     891    1023     964    1004
     928    1015     967     941     995    1088    1004    1057    1031    1074
    1007    1048    1082    1144    1156    1250    1239    1420    1390    1470
    1507    1668    1642    1747    1803    1914    1878    2051    2075    2206
    2002    2114    2158    2079    1927    2073    1970    1909    1874    1861
    1723    1679    1536    1467    1354    1340    1272    1154    1185    1138
    1044    1100     994    1051     935     938    1015     992     849     936
     948     992     867     939     928     952     914     863     874     924
     961     896     833     921     930     909     967     914     921     871
     875     994     859     922     924     923     889     893     881     923
     911     916    1002     953     907     986     938    1037     949     992
    1010    1037     974    1033    1015     986     927    1006     982    1010
     891     968    1012    1002     938     933     995     956     962     990
     964     962     990     935     857     995     902     939     944     936
     859     896     896     853     851     894     821     910     831     883
     848     872     786     841     821     843     800     831     843     860
     894     821     872     880     910     905     922     945     860     950
     957     983     939     976    1048     991    1044    1125    1059    1062
    1079    1079    1025    1100    1048    1042    1068    1110    1060    1034
    1012    1076     990    1062    1038    1024     964     989     918     934
     858     892     917     926     841     863     833     854     854     813
     839     836     803     819     794     868     791     787     792     769
     752     798     772     791     787     780     839     765     750     758
     777     769     753     774     788     854     746     770     815     788
     828     875     858     789     789     846     896     957     865     905
     910     942     915     933     995     948     985    1074    1067    1060
    1074    1119    1087    1136    1193    1138    1080    1233    1080    1113
    1126    1104    1020    1087    1000    1041     885     952     944     922
     923     829     862     806     767     769     767     851     726     695
     737     789     696     741     737     711     707     697     743     713
     741     733     778     733     690     730     739     729     710     679
     715     728     707     763     737     746     692     740     777     697
     729     722     790     754     713     714     696     707     709     712
     746     750     716     778     752     756     713     766     755     833
     747     733     724     773     704     807     762     765     792     732
     750     770     749     760     733     729     685     710     705     695
     692     672     704     743     686     684     723     741     672     721
     688     697     692     711     677     646     671     663     643     698
     689     680     663     713     677     594     780     653     642     680
     680     695     629     698     661     704     618     681     645     694
     668     709     663     703     696     654     672     704     650     693
     748     712     716     812     788     762     772     777     824     796
     803     908     847     902     871     799     914     933     799     871
     907     867     862     808     850     825     741     828     781     771
     733     778     738     770     715     664     682     697     679     658
     727     652     591     673     633     658     628     692     652     641
     603     678     634     664     590     676     603     629     607     703
     671     662     591     590     667     637     568     600     646     617
     586     602     629     618     626     610     630     650     573     645
     629     655     607     614     669     643     609     656     637     614
     593     595     621     631     608     634     661     603     637     600
     630     682     604     660     645     621     613     634     602     575
     633     658     601     603     573     604     603     653     622     605
     582     605     573     574     593     584     605     590     665     595
     579     616     583     608     612     566     620     609     561     588
     595     542     585     594     621     555     571     569     569     592
     599     583     565     624     558     562     567     629     594     568
     594     627     596     600     608     555     568     576     647     609
     551     594     625     607     552     602     602     635     591     567
     594     602     573     627     559     616     592     579     637     593
     571     637     571     586     592     573     646     642     605     588
     624     656     603     593     618     636     634     664     612     648
     660     553     594     629     634     635     608     617     550     600
     631     600     604     578     636     631     600     614     653     624
     642     548     686     576     548     651     579     643     612     594
     613     630     605     652     595     695     586     647     688     675
     652     644     664     672     643     676     694     697     608     644
     685     721     696     731     698     721     635     667     677     705
     638     673     735     779     711     790     747     766     722     786
     746     738     757     744     762     769     781     767     845     834
     832     849     854     916     859     904     922     948     953     931
     938    1008     962    1038    1089    1074    1053    1077    1109    1206
    1118    1241    1169    1265    1288    1359    1396    1501    1424    1436
    1615    1679    1613    1677    1759    1830    1920    1854    2095    2103
    2025    2242    2256    2454    2334    2411    2529    2599    2518    2754
    2768    2941    2893    2898    3022    3209    3082    3237    3189    3395
    3194    3315    3568    3445    3372    3589    3628    3649    3543    3491
    3966    3546    3453    3628    3498    3556    3364    3502    3454    3458
    3184    3313    3282    3309    3110    3077    3038    2989    2825    2929
    2877    2823    2724    2621    2602    2457    2298    2315    2147    2274
    2083    1990    2087    1982    1816    1774    1722    1674    1501    1491
    1596    1483    1299    1355    1333    1265    1178    1173    1178    1184
    1038    1040    1069    1025     986     998     979     947     952     898
     974     978     978     974     992    1040     918    1065    1094    1207
    1159    1179    1283    1356    1351    1445    1521    1563    1614    1770
    1867    1863    1825    1926    1898    2054    2071    2177    2197    2268
    2135    2148    2232    2069    2087    2016    2134    1950    1902    1840
    1759    1784    1660    1612    1524    1466    1326    1254    1176    1179
    1041     996     948     900     726     743     746     715     661     625
     624     568     529     587     569     545     506  277155
