$Informacoes da Fluorescencia de Raios-X:
"Sample    : GHA-47",                                                                     
"Operator  : thiago",                                                                     
"Comment  : ",                                                                            
"Group     : thiago_acra2010ma",                                                          
"Date       : 2010-06-11 04:58:08",                                                       
"",                                                                                       
"Mesurement Condition",                                                                   
"------------------------------------------------------------------------------------",   
"Instrument : 700HS2   Atmosphere : Vac.   Collimator : 10(mm)   Spin : No",              
"------------------------------------------------------------------------------------",   
"Analyte               TG kV   uA      FI Acq.(keV)  Anal.(keV)  Time(sec)     DT(%)",    
"------------------------------------------------------------------------------------",   
"Na                    Rh 50 1000-Auto Al  0 - 20    0.8 - 1.2   Live -  960   14",       
"Channel_info_start",                                                                     
"Channel : Na",                                                                           
"Points : 2048
"Range : 0.000000 - 20.480000",                                                           
"Step : 0.010000",                                                                        
"Channel_info_end",                                                                       
$DATA:
       0    2047
       0       0       0       0       0       0       0       0       0    2048
       0       0       0       0       0       0       0       0       0       0
       0       0       0       0       0       0       0       0       0       0
       0       0       0       0       0       0       1       2       3       5
      82     184     172     180     167     174     165     175     171     191
     168     191     165     185     180     189     162     216     203     234
     227     247     226     278     272     321     279     298     292     285
     323     318     308     329     262     341     321     322     336     305
     285     296     281     253     233     230     233     192     226     253
     275     293     333     418     401     466     486     503     480     535
     438     484     405     394     347     341     292     336     290     312
     391     418     409     475     474     486     410     436     405     353
     351     343     274     230     236     224     217     236     200     271
     276     368     292     333     361     362     313     393     329     337
     291     323     276     268     259     269     241     267     314     376
     485     609     686     915    1067    1280    1357    1559    1526    1705
    1537    1571    1427    1315    1142    1098     901     797     669     674
     557     627     635     806    1041    1472    1910    2706    3386    4355
    4816    5683    6176    6582    6229    6805    6198    5900    4850    4274
    3455    2776    2074    1677    1229    1005     770     700     617     603
     577     546     569     588     543     568     627     601     639     625
     615     625     591     579     538     551     517     562     447     523
     510     501     528     515     505     581     604     722     765     953
    1092    1436    1825    2402    2941    3698    4121    5156    5469    6148
    6168    6553    6269    6361    5350    5004    4222    3714    2887    2638
    2018    1825    1393    1378    1195    1263    1140    1304    1464    1841
    2111    2932    3563    4916    6104    9112   10028   13240   14470   17489
   18306   20516   19608   21043   19164   18852   15995   14381   11678    9899
    7460    6067    4156    3438    2628    2317    1894    2063    1930    2170
    2102    2271    2046    2239    2085    1964    1712    1569    1238    1120
     836     790     628     553     454     465     392     350     378     353
     308     327     293     396     328     393     369     367     365     401
     384     451     428     503     522     625     687    1000    1233    1760
    2240    3242    4212    5686    7149    9010   10508   12586   13976   15847
   16161   17477   16862   17033   14970   14968   12122   10980    8835    7456
    5616    4426    3081    2373    1684    1402    1044     939     954     925
    1011    1299    1552    1867    2204    2875    3269    4292    4813    6389
    7501    9285   10406   12694   13972   16509   17152   19440   19086   20061
   18694   18470   17012   15999   13270   11783    9650    7912    5845    4673
    3438    2562    1748    1377     911     709     650     585     590     691
     674     938     992    1254    1371    1689    1844    2194    2260    2585
    2494    2645    2472    2502    2385    2245    1906    1809    1606    1320
    1066     922     761     609     468     451     376     394     314     312
     288     290     297     312     291     294     319     301     328     352
     300     344     333     365     330     384     496     522     653     807
     947    1141    1341    1629    1886    2133    2281    2773    2830    3161
    2991    3094    2904    2843    2607    2579    2298    2072    1713    1616
    1443    1288     926     945     773     766     647     635     607     635
     549     550     561     525     519     578     580     603     571     616
     611     657     603     681     735     775     755     830     852     889
     906     944     950     978     940     940     838     885     835     775
     715     719     648     625     632     569     559     534     526     530
     540     559     507     585     503     536     577     593     563     596
     562     635     568     585     537     641     628     614     597     675
     627     681     638     700     711     729     788     798     745     773
     823     822     772     833     765     900     803     744     767     775
     716     728     702     770     761     748     694     778     762     763
     687     767     749     762     741     738     779     742     765     767
     716     806     780     848     867     908     875     990     970    1032
    1088    1214    1198    1331    1379    1569    1535    1578    1594    1651
    1621    1692    1488    1577    1436    1454    1401    1323    1178    1291
    1207    1170    1108    1067    1049    1101     953    1050    1061    1149
    1046    1049    1060    1137    1106    1230    1214    1374    1463    1704
    1914    2309    2685    3813    4596    6148    7305   10064   12200   15243
   17801   21865   25787   30196   32169   37144   39773   43134   42951   48162
   44460   45355   41000   40471   36181   34018   28730   26335   21822   18874
   14486   12660    9660    7734    5828    4941    3571    3075    2312    2026
    1714    1568    1371    1339    1265    1314    1188    1218    1238    1262
    1205    1307    1258    1352    1129    1270    1239    1248    1252    1316
    1305    1409    1340    1374    1374    1432    1474    1662    1725    1958
    1923    2304    2464    2780    3026    3572    4034    4421    4667    5449
    5730    6281    6184    6751    7010    7091    6501    6632    6049    6022
    5554    5151    4690    4217    3723    3426    2868    2710    2201    2164
    1879    1785    1490    1406    1381    1316    1228    1212    1295    1357
    1232    1218    1233    1218    1273    1281    1267    1290    1213    1254
    1236    1289    1171    1353    1311    1318    1165    1362    1327    1342
    1171    1295    1262    1267    1200    1255    1226    1241    1173    1232
    1206    1270    1169    1194    1183    1209    1245    1251    1259    1183
    1110    1239    1198    1263    1236    1284    1238    1255    1204    1264
    1217    1228    1281    1386    1190    1350    1325    1417    1384    1463
    1487    1591    1607    1750    1644    1850    1881    1941    1965    2218
    2139    2183    2198    2260    2301    2323    2059    2163    2038    1914
    1821    1905    1751    1638    1509    1529    1367    1455    1286    1232
    1086    1263    1201    1155    1127    1200    1130    1174    1150    1148
    1111    1096    1080    1116    1157    1178    1085    1168    1104    1167
    1187    1250    1146    1246    1194    1327    1251    1429    1441    1583
    1632    1755    1837    2022    2111    2207    2409    2675    2635    2785
    2765    2986    2858    2891    3068    2926    2667    2674    2417    2507
    2305    2247    1955    1893    1666    1631    1465    1509    1299    1362
    1307    1301    1223    1259    1244    1295    1214    1188    1239    1311
    1208    1214    1208    1195    1142    1196    1152    1146    1126    1196
    1130    1146    1133    1081    1092    1130    1063    1039    1043    1076
    1008    1164    1036    1116    1039    1120    1105    1081    1052    1102
    1066    1103    1101    1113    1046    1063    1008    1130    1136    1062
    1055    1049    1083    1119    1013    1115    1082    1155    1064    1041
    1108    1121    1011    1175    1152    1146    1116    1216    1243    1243
    1162    1227    1336    1280    1189    1174    1178    1355    1286    1224
    1302    1278    1167    1284    1155    1198    1087    1103    1166    1114
    1058    1023    1031    1043     953    1010    1061    1060     962     975
    1053    1077    1046    1030    1027    1061     990    1054    1020    1062
     981    1036    1026    1099     929     969     981    1045    1033    1031
     998    1018     986    1068    1020    1031     966    1083    1025    1046
     994    1017     988    1007    1008    1021    1024    1028    1011    1023
    1074    1044     960    1029    1029    1071     952    1023    1028    1051
     995    1068    1064    1030     986    1050    1102    1113    1033    1121
    1087    1146    1120    1193    1269    1216    1189    1298    1251    1387
    1319    1341    1324    1339    1363    1353    1359    1397    1255    1365
    1337    1282    1226    1157    1199    1189    1124    1142    1125    1156
    1017    1055    1021    1032    1013    1043    1090    1035    1011    1041
    1083    1092     983     993     996    1014     957    1011    1049    1005
     977    1103    1006    1044     936    1064    1014    1056     966    1041
     975    1044    1011    1060     974    1065     937    1055    1116    1030
     940    1038    1065    1044     999    1023    1079    1061    1027    1093
    1035    1093     948    1032    1046    1057    1007    1024    1074     986
     939    1025    1005    1081    1014     979     945    1033    1000    1031
    1045    1000     990    1005     970    1015     930    1049    1023     982
     958    1017     989    1013     940    1020     998     968     942     970
    1001    1099     976    1005    1042    1029     976    1025     978    1100
    1017    1102    1163    1100    1106    1149    1180    1212    1159    1279
    1330    1380    1358    1359    1454    1462    1428    1455    1478    1559
    1492    1520    1482    1538    1390    1441    1411    1328    1254    1292
    1251    1216    1181    1184    1123    1131    1025    1039    1068     989
    1038    1042     936     988     914     897    1015    1013     873     964
     905     929     914     918     962     955     891    1012     936     926
     920     936     956     927     949     977     938     916     862     944
     915     973     889     958     900     990     906    1026    1089    1101
    1004    1003    1066    1012    1080    1041    1080    1096    1055    1132
    1126    1101    1099    1068    1116    1062    1027    1041    1038    1081
     977    1028    1082    1025     985     942     992    1018     941     955
     985     992     915     957     928     973     869     939     945     906
     907     915     925     908     868     941     864     891     868     869
     910     902     779     867     873     874     862     869     908     938
     868     869     920     926     845     963     858     940     903     913
     947     974     908     964     989    1004     947    1048    1048    1038
     987    1020     941     993     969    1048     968     976     954     952
     932     976     938     961     937     956     880     930     857     897
     852     888     879     885     855     841     860     870     864     827
     781     836     778     879     893     829     799     858     827     856
     778     825     780     845     822     786     835     814     785     827
     829     849     799     824     848     826     816     816     830     813
     736     843     806     819     853     874     862     951     812     897
     933     980     894     932     973     944     957     942    1038     969
     950     951     947     989     936    1030     980     978     915     919
     930     872     862     917     893     890     935     831     827     847
     775     798     847     774     752     781     768     830     770     764
     792     811     768     702     751     741     722     762     759     768
     748     787     753     780     754     800     728     778     762     805
     801     734     761     743     772     827     741     772     754     764
     705     717     847     785     803     736     759     768     725     726
     756     803     732     785     784     750     711     755     754     813
     711     784     752     762     713     761     774     765     718     730
     749     744     702     702     794     789     698     742     775     736
     612     684     782     725     697     761     709     789     679     688
     735     729     712     667     692     706     705     677     720     727
     682     745     679     717     701     648     730     729     703     701
     701     737     714     652     710     729     711     684     713     691
     643     730     694     739     727     748     715     740     681     700
     732     662     735     751     719     744     749     754     753     802
     715     776     802     777     736     773     806     785     736     735
     727     774     745     765     737     734     741     750     759     718
     712     682     640     702     699     685     676     682     624     667
     719     667     672     715     660     729     580     615     682     680
     661     686     668     697     678     657     651     713     627     664
     670     692     685     597     655     644     597     607     630     664
     673     597     597     685     618     613     622     669     643     598
     699     643     584     631     662     653     661     639     651     645
     629     634     651     644     704     647     637     675     632     631
     596     661     639     622     652     706     610     695     653     637
     581     635     634     639     630     637     621     685     597     675
     629     659     615     626     631     718     625     616     632     682
     593     652     679     639     638     621     666     634     610     649
     666     621     632     624     605     679     560     609     603     668
     650     591     667     650     591     611     584     637     587     638
     614     662     587     572     615     605     592     600     625     605
     584     622     670     626     587     637     636     662     618     693
     603     663     623     655     596     670     596     600     644     662
     591     666     616     607     664     656     641     652     618     662
     649     694     616     669     622     652     675     606     652     632
     626     634     661     611     657     621     627     705     630     673
     655     663     651     668     680     677     648     674     678     691
     677     640     681     692     682     693     682     692     686     688
     670     695     638     652     705     704     720     642     666     722
     700     724     701     681     672     765     718     753     759     749
     719     799     704     734     760     738     769     740     788     766
     719     754     792     791     805     841     813     828     850     878
     836     830     825     904     854     918     911     912     988     961
     935     923    1021    1029     942     916    1092    1043    1044    1035
    1077    1114    1165    1189    1270    1223    1245    1278    1347    1356
    1380    1488    1488    1554    1520    1621    1728    1669    1754    1779
    2011    1996    2016    2145    2168    2305    2269    2292    2519    2622
    2519    2727    2729    2850    2908    2918    3078    3282    2885    3207
    3381    3431    3298    3467    3615    3576    3475    3733    3740    3879
    3831    3815    4140    4041    3843    3901    3991    3920    3879    3846
    4258    4028    3687    3999    3795    3885    3714    3728    3720    3693
    3567    3525    3476    3367    3223    3244    3176    3224    2915    2970
    2787    2788    2645    2679    2657    2517    2289    2317    2246    2236
    2101    2022    2047    1907    1744    1746    1719    1597    1525    1487
    1538    1405    1358    1251    1269    1283    1218    1130    1183    1142
    1092    1113    1038    1036    1008     978    1035     999     976    1068
    1078    1033     983    1037    1192    1200    1209    1288    1284    1306
    1401    1432    1541    1664    1605    1705    1855    1778    1922    1827
    2006    2108    1969    2155    2108    2264    2026    2070    2176    2198
    2078    2113    2074    2061    1894    1843    1923    1732    1617    1633
    1500    1406    1379    1283    1298    1177    1068    1023     980     948
     829     824     806     749     735     719     638     661     578     566
     613     566     567     553     564     519     587  297960
