$Informacoes da Fluorescencia de Raios-X:
"Sample    : GHA070",                                                                     
"Operator  : ",                                                                           
"Comment  : ",                                                                            
"Group     : thiago_acra2010ma",                                                          
"Date       : 2010-08-19 03:59:58",                                                       
"",                                                                                       
"Mesurement Condition",                                                                   
"------------------------------------------------------------------------------------",   
"Instrument : 700HS2   Atmosphere : Vac.   Collimator : 10(mm)   Spin : No",              
"------------------------------------------------------------------------------------",   
"Analyte               TG kV   uA      FI Acq.(keV)  Anal.(keV)  Time(sec)     DT(%)",    
"------------------------------------------------------------------------------------",   
"Na                    Rh 50 1000-Auto Al  0 - 20    0.8 - 1.2   Live -  960   14",       
"Channel_info_start",                                                                     
"Channel : Na",                                                                           
"Points : 2048
"Range : 0.000000 - 20.480000",                                                           
"Step : 0.010000",                                                                        
"Channel_info_end",                                                                       
$DATA:
       0    2047
       0       0       0       0       0       0       0       0       0    2048
       0       0       0       0       0       0       0       0       0       0
       0       0       0       0       0       0       0       0       0       0
       0       0       0       0       0       0       0       0       2       9
      84     176     162     158     150     198     163     187     166     198
     159     189     154     180     160     149     175     185     190     229
     203     254     275     263     265     293     284     299     288     292
     306     348     286     336     282     318     294     313     295     329
     308     305     313     255     237     253     281     302     279     383
     396     518     565     688     777     905     941    1001    1001     982
     877     861     734     639     583     597     500     484     474     520
     595     632     675     740     780     747     704     679     594     565
     541     452     387     294     301     300     305     313     328     339
     356     395     378     453     455     476     476     515     430     465
     365     369     301     325     272     264     261     286     281     328
     399     493     520     706     795     950     971    1083    1126    1143
    1121    1200    1106    1081     942     887     795     795     664     646
     568     574     531     614     716     962    1242    1663    2079    2620
    2998    3610    3783    4212    4208    4396    3796    3636    3076    2800
    2221    1914    1383    1223    1009     806     604     658     616     631
     532     617     574     658     610     686     700     744     673     746
     747     732     690     692     669     646     621     683     588     696
     656     706     684     719     706     783     848     970    1000    1243
    1360    1813    2068    2732    3324    3993    4648    5569    5881    6729
    6710    7172    6867    6842    5931    5652    4867    4270    3452    3100
    2534    2348    2094    1939    1849    1964    1987    2243    2668    3373
    4049    5714    7796   10873   13644   20535   23051   30388   33672   40953
   42583   48175   47072   48969   46034   44572   37599   34788   27987   23674
   17577   14448    9915    7858    5862    5181    4348    4397    4332    4651
    4581    5074    4725    4830    4425    4233    3562    3200    2596    2286
    1756    1434    1060    1017     676     584     505     500     423     392
     328     350     377     412     365     371     378     411     387     426
     478     496     558     552     615     692     858    1118    1309    2066
    2628    3771    4913    6793    8337   10807   12573   15587   16972   19493
   19693   21082   20744   21218   18945   18534   15129   13945   11041    9553
    7055    5528    3881    2934    2180    1631    1287    1081     992    1136
    1151    1548    1749    2129    2621    3346    3806    4839    5558    7126
    8487   10517   12065   14362   16212   18577   19525   22561   21987   23404
   21715   21824   19855   18600   15852   13835   11378    9207    7089    5547
    4051    2995    2029    1533    1068     757     638     626     610     690
     755     879    1048    1413    1505    1839    2054    2410    2509    3015
    2848    2957    2813    2901    2686    2643    2238    2032    1755    1510
    1163    1008     789     690     527     471     360     355     320     308
     289     288     256     326     279     297     294     263     276     299
     286     331     289     322     306     329     360     474     481     591
     741     811     914    1136    1275    1527    1601    1870    1948    2117
    2119    2191    2090    2029    1913    1812    1563    1483    1249    1154
     990     971     768     718     654     606     514     529     513     480
     444     512     443     480     493     454     493     527     506     508
     574     547     576     600     599     708     634     705     709     769
     743     723     773     754     680     778     700     679     609     642
     566     542     538     532     475     464     453     470     463     469
     443     476     424     433     455     467     445     487     446     495
     512     501     450     506     557     555     488     540     521     552
     546     615     568     631     610     658     642     690     672     725
     679     731     690     739     684     744     676     668     654     686
     634     666     651     681     666     679     683     672     616     652
     635     651     671     662     655     709     621     645     648     678
     662     670     728     746     707     798     770     820     827     952
    1007     972    1055    1158    1198    1307    1278    1352    1448    1433
    1364    1487    1448    1355    1336    1391    1226    1230    1064    1105
    1037    1030     934     954     983    1005     915     917     977     994
     958     968     995    1050     994    1110    1054    1208    1109    1320
    1525    1763    2044    2744    3102    4171    4880    6376    7902   10289
   11600   14433   16937   20006   21552   24425   26863   28778   28874   32639
   29921   31005   27683   28138   24959   24015   20210   18422   15554   13346
   10315    8955    7197    5765    4587    3868    2813    2303    1859    1792
    1465    1308    1201    1192    1170    1127    1041    1034    1082    1100
    1104    1127    1025    1120    1046    1113    1119    1111    1085    1144
    1094    1195    1138    1231    1171    1296    1219    1418    1361    1551
    1469    1867    1812    2107    2357    2625    2760    3248    3356    3708
    4027    4435    4395    4723    4814    5079    4828    4860    4558    4608
    3984    3839    3414    3275    2796    2610    2308    2156    1848    1751
    1482    1433    1326    1301    1197    1123    1069    1093    1139    1127
     982    1062    1068    1130    1043    1076    1070    1084    1082    1093
    1127    1166    1073    1139    1134    1157    1047    1120    1100    1130
    1067    1193    1083    1096    1040    1113    1019    1097    1062    1073
    1058    1103     984    1096    1080    1112    1017    1063    1121    1093
    1057    1078    1062    1099    1103    1112    1120    1166    1049    1214
    1060    1150    1023    1161    1086    1167    1209    1166    1114    1232
    1219    1253    1333    1372    1239    1378    1375    1426    1422    1442
    1532    1498    1486    1633    1554    1624    1524    1544    1558    1428
    1379    1355    1259    1356    1184    1211    1161    1144    1072    1119
    1094    1101     983    1056    1072    1076    1059     997    1045     997
    1008    1071    1056    1056     944    1036    1040    1084    1050    1063
    1067    1085    1072    1113    1076    1155    1085    1292    1215    1423
    1393    1575    1600    1753    1768    1962    2084    2230    2154    2382
    2347    2502    2406    2394    2397    2455    2222    2245    2126    2164
    1903    1852    1696    1739    1456    1413    1280    1297    1160    1174
    1122    1118    1067    1067    1073    1110    1061    1034    1037    1074
     996    1129    1034    1050    1015    1064    1034    1009    1016    1022
     963    1050     944     977     975     985     917     987     921    1021
     983     974     965     952     938     963     942    1044     923     973
     959    1032     916     997     971    1020     938     953     963     973
     898     959     933     984     920     965    1003     954     934     916
     971     996     930    1040     998    1044     971     994    1045    1045
    1057    1037    1056    1099    1016    1075    1083    1123    1067    1092
    1181    1047    1007    1058    1070    1061    1000    1043    1124     960
     943     921     889     988     931     980     938     997     880     955
     928     948     908     907     890     910     954     959     928     990
     909     905     947     933     894     995     958     994     842     878
     897     908     947     879     928     954     930     915     971     946
     911     935     922     966     902     918     956     945     872     958
     922     955     934     930     878     959     897     938     914     924
     881     952     929     933     886    1017     872     936     954     983
    1000     974    1009    1029     954    1059     997    1021    1037    1038
    1059    1036    1067    1105    1058    1061    1059    1067    1036    1103
    1006    1040     966    1029    1006    1059     941     942     943    1015
     897     917     904     914     900     896     914     906     938     889
     889     944     909     905     902     922     920     962     920     922
     866     925     880     902     874     897     927     957     841     917
     902     956     955     995     924     962     897     946     975     904
     852     923     912     949     864     980     904     972     908     932
     924     953     933     934     900     922     927     986     902     918
     902     943     947     912     944     957     897     949     890     970
     886     934     872     894     919     920     830     945     881     945
     852     936     936     942     904     880     885     916     833     907
     868     924     841     916     873     958     859     950     924     963
     957     993    1031    1136     993    1113    1114    1197    1187    1267
    1359    1418    1404    1485    1451    1557    1532    1673    1526    1662
    1529    1651    1585    1512    1505    1523    1517    1536    1346    1362
    1232    1270    1129    1196    1120    1070     974     994     991     916
     885     846     891     892     854     883     881     830     818     846
     868     828     778     826     872     848     812     780     908     902
     811     846     820     833     840     792     857     853     877     833
     899     824     811     794     804     878     831     810     864     884
     816     844     847     849     874     929     849     897     919     878
     857     957     836     904     834     910     818     883     829     893
     776     870     870     854     830     820     898     855     764     809
     829     802     785     796     799     833     764     778     817     811
     763     817     770     793     795     778     723     832     747     791
     754     816     842     786     773     814     774     807     826     806
     799     811     814     833     815     846     837     885     833     840
     870     938     808     882     902     948     915     908     915     900
     932     894     948     994     897     961     955     920     871     902
     867     873     789     892     828     910     767     784     805     810
     748     803     784     765     776     769     739     758     705     810
     735     723     758     720     735     765     722     677     742     763
     714     753     735     773     696     731     719     693     642     754
     715     739     711     716     726     690     721     738     769     749
     725     754     820     809     732     785     763     834     757     821
     864     861     822     865     841     827     899     953     975     933
     903     910     974     988     937     945     992     978     938     965
     936     936     802     899     803     864     786     779     727     822
     711     741     774     757     682     700     705     671     672     684
     692     717     723     713     662     739     684     753     675     666
     655     630     648     686     648     708     655     658     690     618
     688     670     646     671     594     675     647     638     695     704
     663     703     704     714     631     693     666     720     676     688
     698     675     641     738     677     639     615     672     620     640
     665     615     669     693     614     626     650     678     697     641
     645     653     639     654     676     692     642     672     648     657
     637     702     594     651     601     643     646     664     597     604
     651     642     640     642     605     622     597     633     675     643
     628     607     656     637     619     588     691     654     610     585
     614     676     593     625     631     652     543     643     690     603
     571     643     572     656     617     617     606     660     621     622
     667     631     591     694     648     646     633     652     677     648
     670     679     634     700     673     670     665     679     650     675
     689     719     638     658     732     668     666     660     660     696
     638     582     619     615     652     622     592     619     594     635
     689     617     603     584     570     628     567     546     613     587
     614     612     574     609     574     568     599     572     592     608
     557     591     521     567     603     614     567     569     585     580
     560     542     552     603     603     600     574     617     572     577
     558     606     582     528     567     562     552     600     557     570
     558     588     634     591     557     553     566     575     549     563
     553     551     568     550     587     597     554     551     532     555
     521     540     615     570     567     587     605     591     505     590
     566     555     554     601     545     549     542     567     553     559
     520     565     546     566     560     516     568     590     578     546
     547     582     507     557     574     570     577     527     512     566
     536     544     574     582     563     547     583     602     542     575
     583     597     557     521     572     582     579     562     597     616
     545     554     560     596     488     530     589     567     540     566
     563     566     555     550     585     550     541     570     601     580
     539     538     566     582     570     563     585     568     560     567
     601     546     544     576     576     601     540     579     610     585
     578     583     582     602     579     625     554     565     565     539
     581     575     592     579     577     576     607     583     582     627
     557     553     683     629     619     617     576     639     590     607
     670     577     616     620     625     608     610     635     596     626
     614     609     610     702     622     632     645     689     600     629
     616     692     631     694     670     678     650     667     656     707
     691     666     671     742     678     659     730     741     723     753
     740     761     720     735     776     791     748     766     817     836
     774     820     840     904     857     864     878     975     895     940
     991     935     982    1041    1070    1084    1095    1070    1132    1261
    1211    1225    1277    1382    1328    1434    1484    1582    1489    1479
    1724    1666    1772    1772    1901    1968    1891    1975    2244    2241
    2138    2342    2335    2512    2418    2498    2597    2769    2658    2905
    2859    2965    3046    3029    3367    3173    3129    3226    3352    3301
    3249    3368    3522    3556    3356    3466    3527    3598    3378    3448
    3716    3406    3404    3502    3352    3452    3246    3190    3366    3324
    3085    3077    3051    2969    2977    3041    2795    2941    2655    2650
    2679    2446    2405    2385    2332    2300    2043    1957    2027    2016
    1841    1803    1735    1714    1617    1573    1542    1490    1374    1306
    1363    1255    1192    1199    1121    1123    1080    1041    1058    1004
     999     915     941     971     877     799     929     927     836     924
     944     988     902     921    1087    1017    1025    1078    1161    1166
    1245    1272    1432    1413    1402    1538    1626    1710    1690    1738
    1825    1922    1855    1840    1905    2087    1926    1975    2064    1886
    1941    1902    1842    1864    1803    1631    1768    1670    1499    1516
    1366    1339    1267    1234    1148    1117     994     984     915     817
     763     753     693     664     582     614     591     549     545     513
     534     522     459     478     484     495     483  263545
