$Informacoes da Fluorescencia de Raios-X:
"Sample    : GHA132",                                                                     
"Operator  : ",                                                                           
"Comment  : ",                                                                            
"Group     : thiago_acra2010ma",                                                          
"Date       : 2010-08-19 21:31:17",                                                       
"",                                                                                       
"Mesurement Condition",                                                                   
"------------------------------------------------------------------------------------",   
"Instrument : 700HS2   Atmosphere : Vac.   Collimator : 10(mm)   Spin : No",              
"------------------------------------------------------------------------------------",   
"Analyte               TG kV   uA      FI Acq.(keV)  Anal.(keV)  Time(sec)     DT(%)",    
"------------------------------------------------------------------------------------",   
"Na                    Rh 50 1000-Auto Al  0 - 20    0.8 - 1.2   Live -  959   17",       
"Channel_info_start",                                                                     
"Channel : Na",                                                                           
"Points : 2048
"Range : 0.000000 - 20.480000",                                                           
"Step : 0.010000",                                                                        
"Channel_info_end",                                                                       
$DATA:
       0    2047
       0       0       0       0       0       0       0       0       0    2048
       0       0       0       0       0       0       0       0       0       0
       0       0       0       0       0       0       0       0       0       0
       0       0       0       0       0       0       0       0       4       9
      91     185     214     201     187     210     198     200     179     211
     210     225     201     207     229     244     205     228     209     274
     262     321     305     337     323     352     378     373     325     361
     365     406     299     362     298     353     307     301     323     312
     308     324     288     277     271     285     265     281     253     309
     314     359     389     433     470     550     522     594     548     549
     532     513     476     478     434     368     315     405     365     437
     441     516     496     554     537     549     474     533     465     445
     365     320     292     314     243     251     256     266     259     331
     327     346     400     357     353     424     387     431     351     360
     335     318     289     301     315     309     275     293     379     423
     511     667     743     977    1083    1289    1310    1529    1627    1621
    1545    1705    1482    1436    1279    1154    1033     951     740     790
     707     750     758     979    1209    1701    2153    3000    3427    4655
    5024    6001    6315    6683    6551    7043    6039    5823    4924    4447
    3485    2794    2134    1760    1345    1072     821     771     710     710
     668     681     706     690     667     785     765     796     719     754
     761     725     666     670     676     671     582     637     632     605
     577     629     655     633     673     752     863     900    1041    1224
    1573    2058    2596    3405    4242    5346    5911    6984    7760    8585
    8524    8983    8530    8267    7357    6784    5944    5012    4152    3326
    2637    2345    1812    1679    1543    1548    1528    1639    1821    2146
    2549    3486    4690    6066    7700   10721   12080   15386   17092   20079
   21235   23423   22639   23982   21841   20956   17757   16321   13328   11192
    8377    7010    4773    4038    3027    2630    2326    2349    2276    2419
    2493    2550    2462    2389    2356    2189    1934    1790    1499    1242
    1051     882     749     633     529     506     467     446     414     450
     382     430     404     463     447     454     472     436     493     540
     540     607     593     634     715     848    1056    1389    1848    2616
    3518    4964    6251    8305   10519   13347   14936   18146   19912   22307
   22404   23903   23316   23227   20743   20235   16499   14892   11846   10015
    7658    5897    4380    3290    2294    1817    1444    1253    1215    1374
    1527    1910    2153    2598    3161    3856    4652    5850    6890    8586
   10017   12434   13766   16289   18194   20340   21701   23980   23513   24610
   22717   22559   20446   18959   16071   14290   11745    9599    7072    5531
    4109    3095    2244    1589    1155     932     757     791     746     864
     935    1133    1376    1641    1767    2171    2423    2625    2845    3271
    3199    3322    3094    3051    2777    2723    2321    2083    1777    1572
    1241    1067     892     786     555     513     443     424     361     334
     383     331     369     389     362     393     316     332     339     350
     343     347     391     429     436     507     543     634     698     817
    1049    1264    1396    1763    1993    2331    2526    2799    3002    3220
    3008    3166    2973    3057    2647    2588    2262    2039    1697    1571
    1365    1253    1044    1050     773     837     682     711     703     588
     622     624     573     578     554     604     588     625     622     657
     624     730     693     773     805     802     815     942     953     985
     924    1023     962    1009     962    1028    1015     882     844     790
     764     799     743     668     626     673     592     608     596     580
     578     653     565     632     604     557     612     625     564     635
     619     647     553     710     691     680     645     713     660     718
     660     741     750     796     740     845     819     960     863     891
     845     941     831     985     925     868     824     896     840     900
     835     867     801     806     787     824     783     841     721     802
     835     813     798     795     756     819     809     878     794     873
     852     900     849     868     911     974     994    1083    1122    1149
    1223    1336    1481    1540    1599    1709    1705    1840    1790    1930
    1812    1770    1744    1723    1616    1659    1495    1498    1319    1385
    1241    1235    1125    1156    1114    1147    1118    1177    1116    1176
    1139    1117    1198    1260    1204    1340    1464    1561    1665    1993
    2375    3024    3563    4821    5891    7907    9923   12627   15591   19574
   22840   28117   32711   37728   39940   45486   48969   52999   52358   57148
   53470   53896   48351   47954   42928   39458   33633   30331   25278   21486
   16966   14180   11256    9024    6775    5641    4028    3405    2571    2215
    1952    1777    1595    1473    1449    1365    1296    1362    1345    1377
    1319    1352    1356    1414    1302    1407    1420    1450    1352    1333
    1402    1496    1470    1569    1597    1617    1693    1859    1975    2292
    2325    2643    2827    3410    3844    4283    4716    5487    5808    6492
    6903    7335    7459    7973    8322    8250    7759    7987    7416    7160
    6232    5995    5378    4939    4338    3885    3274    3051    2498    2367
    2017    1968    1640    1637    1460    1545    1378    1330    1376    1341
    1294    1314    1261    1308    1394    1339    1424    1400    1330    1313
    1316    1424    1322    1356    1352    1394    1390    1321    1464    1374
    1361    1420    1367    1418    1288    1386    1389    1398    1319    1386
    1350    1337    1246    1311    1302    1302    1271    1305    1385    1335
    1328    1318    1283    1303    1281    1388    1310    1424    1328    1358
    1378    1400    1350    1344    1339    1458    1389    1465    1479    1433
    1490    1577    1671    1722    1617    1782    1864    1868    1846    2014
    2011    2119    2025    2078    2042    2043    2033    1963    1837    1821
    1745    1683    1649    1628    1452    1512    1478    1447    1299    1303
    1345    1233    1255    1189    1293    1312    1210    1253    1291    1214
    1170    1260    1226    1289    1298    1178    1188    1217    1255    1243
    1235    1265    1245    1334    1399    1405    1553    1572    1582    1907
    1927    2149    2373    2494    2678    2848    2972    3169    3156    3464
    3444    3524    3417    3559    3639    3551    3204    3225    3023    2852
    2634    2513    2213    2231    1880    1839    1692    1675    1470    1505
    1444    1378    1315    1324    1304    1249    1259    1283    1245    1333
    1246    1325    1323    1197    1178    1278    1313    1316    1189    1225
    1157    1190    1151    1189    1151    1208    1115    1118    1194    1124
    1215    1227    1175    1132    1083    1192    1220    1220    1183    1158
    1208    1147    1083    1144    1147    1213    1157    1125    1190    1139
    1103    1071    1150    1214    1158    1183    1170    1190    1151    1163
    1183    1159    1154    1254    1193    1332    1156    1316    1344    1397
    1318    1294    1476    1423    1355    1440    1450    1406    1319    1375
    1474    1413    1411    1355    1247    1307    1241    1292    1160    1209
    1205    1210    1141    1132    1110    1219    1176    1159    1056    1107
    1206    1186    1117    1073    1094    1124    1015    1121    1104    1115
    1052    1123    1121    1160    1073    1100     995    1122    1090    1132
    1094    1111    1067    1062    1104    1148    1113    1130    1117    1145
    1064    1135    1146    1077    1059    1150    1038    1149    1137    1136
    1084    1081    1033    1115    1091    1092    1071    1089    1127    1128
    1051    1179    1088    1144    1075    1225    1139    1209    1212    1353
    1214    1309    1276    1354    1347    1406    1359    1494    1477    1549
    1456    1498    1421    1533    1476    1488    1539    1473    1389    1478
    1407    1417    1335    1390    1309    1321    1186    1235    1246    1205
    1091    1145    1181    1172    1112    1123    1057    1152    1093    1067
    1137    1200    1078    1116    1066    1139    1112    1117    1105    1088
    1021    1124    1130    1081    1092    1123    1044    1048    1075    1089
    1108    1083    1073    1163    1078    1057    1047    1078    1090    1210
    1110    1095    1149    1095    1031    1079    1161    1179    1119    1104
    1191    1178    1105    1114    1057    1105    1118    1173    1143    1163
    1064    1163    1097    1189    1088    1092    1105    1112     983    1078
    1103    1122    1066    1105    1088    1143    1033    1063    1089    1130
    1177    1128    1057    1113    1053    1056    1068    1088    1075    1116
    1040    1133    1058    1104    1159    1163    1128    1219    1151    1214
    1296    1278    1308    1462    1402    1445    1612    1695    1736    1871
    1932    2185    2088    2211    2304    2385    2251    2380    2459    2524
    2397    2367    2408    2472    2236    2177    2067    2093    1912    1846
    1692    1668    1518    1509    1385    1394    1267    1244    1256    1177
    1095    1168    1157    1107    1047    1058    1099    1049    1033     968
     940    1137     950    1018    1093    1067     961     988    1030     981
     998    1058    1027     998     979     992     993    1005    1028    1018
    1038    1045    1021    1029    1044    1050    1099    1051    1172    1146
    1072    1146    1116    1168    1145    1129    1202    1190    1189    1172
    1201    1260    1172    1184    1117    1170    1103    1198    1080    1124
    1107    1105    1064    1083    1052    1059    1015     964     963    1010
    1019    1024     964    1015    1007    1036     984     988    1006    1013
     961     977     970     996     939     942     965    1002     960     904
    1013     940     918    1024     959     965     930     966    1007     998
     957    1033    1012    1095    1005    1082    1083    1104    1029    1122
    1132    1222    1155    1168    1115    1187    1190    1175    1254    1246
    1111    1226    1132    1188    1217    1193    1197    1059    1124    1053
    1160    1137    1025    1144    1095    1048    1002    1012    1012    1013
     931     933     958     937     959     914     927     936     904     906
     937     854     902     988     896     852     883     857     865     857
     876     902     906     927     861     877     893     843     894     893
     878     916     835     895     853     915     886     839     859     903
     860     908     885     971     855     952     961     964     905     988
     969    1047     950     987    1016     993    1006    1036    1103    1084
    1001    1013    1037    1102     981    1045    1114    1100    1025    1086
     999     971     980     984     873     933     884     908     926     938
     830     922     903     856     865     822     897     817     843     768
     896     837     780     827     822     827     785     854     830     850
     826     821     835     843     822     870     807     787     807     791
     809     824     800     816     871     855     786     841     855     876
     822     852     887     891     845     859     839     766     768     837
     838     897     812     871     835     786     823     851     831     802
     786     844     807     835     774     808     849     887     762     816
     791     860     784     784     827     788     699     796     750     820
     777     771     819     822     818     766     799     758     782     796
     777     789     778     796     779     758     739     745     779     715
     749     763     763     722     739     774     831     734     752     747
     723     766     778     739     738     778     706     756     720     785
     718     745     753     779     753     778     767     817     744     733
     734     830     813     790     786     773     852     766     850     875
     780     863     853     852     796     860     801     832     787     790
     844     831     796     828     801     827     779     816     750     785
     732     740     714     720     680     714     750     733     691     689
     761     722     670     752     722     741     730     699     684     736
     703     701     755     740     676     687     699     779     630     696
     678     690     655     709     729     712     708     695     701     746
     603     632     689     747     741     641     706     726     720     665
     682     735     700     695     693     719     689     738     676     684
     703     678     779     765     715     682     741     729     702     699
     664     709     733     691     776     717     735     719     692     693
     630     743     652     750     684     668     718     664     644     677
     703     708     625     700     671     700     645     732     692     722
     681     657     712     668     646     648     722     664     634     707
     676     711     657     621     659     690     710     698     638     664
     717     673     715     643     662     645     677     709     698     649
     678     674     680     673     648     681     709     641     756     690
     704     670     690     690     678     659     712     645     686     673
     665     674     635     679     631     677     686     667     717     711
     738     690     698     680     621     648     703     707     700     676
     744     674     669     723     730     692     700     717     706     714
     685     670     687     671     656     700     711     721     715     680
     676     718     702     682     728     729     689     708     741     711
     686     723     776     794     676     725     721     752     742     734
     728     771     710     731     769     768     687     762     695     756
     753     783     784     767     762     808     801     831     755     815
     810     793     784     755     811     800     823     835     855     823
     821     815     855     903     788     921     904     894     820     856
     906     899     917     915     957     920     935     999    1038    1013
    1033    1019    1026    1031    1031    1122    1188    1167    1167    1084
    1267    1258    1227    1358    1391    1344    1402    1428    1410    1510
    1496    1551    1624    1709    1691    1750    1853    1931    1951    2024
    2123    2131    2146    2146    2440    2532    2449    2381    2816    2818
    2773    2920    3049    3116    3110    3302    3412    3487    3437    3592
    3679    3684    3608    3920    4021    3904    3874    4020    4105    4106
    4016    4056    4235    4344    4177    4258    4394    4356    4241    4161
    4674    4253    4055    4057    4064    4184    3902    4018    4062    3870
    3769    3721    3713    3663    3489    3605    3406    3494    3008    3184
    3061    3129    2841    2764    2742    2672    2448    2436    2392    2331
    2078    2093    2171    2086    1868    1794    1812    1698    1554    1575
    1603    1475    1454    1324    1399    1368    1289    1203    1203    1247
    1141    1129    1126    1090    1040    1068    1190    1075    1053    1077
    1163    1138    1181    1129    1355    1292    1318    1398    1465    1517
    1507    1567    1675    1752    1749    1848    1959    2111    2019    2128
    2107    2215    2222    2367    2323    2480    2269    2318    2463    2345
    2213    2346    2405    2164    2077    1956    2085    1904    1745    1711
    1598    1614    1438    1325    1369    1259    1180    1088    1026    1024
     913     851     878     868     741     685     698     688     676     635
     634     625     663     620     603     634     608  323540
