$Informacoes da Fluorescencia de Raios-X:
"Sample    : GHA-246",                                                                    
"Operator  : THIAGO",                                                                     
"Comment  : ",                                                                            
"Group     : thiago_acra2010ma",                                                          
"Date       : 2010-06-12 19:24:50",                                                       
"",                                                                                       
"Mesurement Condition",                                                                   
"------------------------------------------------------------------------------------",   
"Instrument : 700HS2   Atmosphere : Vac.   Collimator : 10(mm)   Spin : No",              
"------------------------------------------------------------------------------------",   
"Analyte               TG kV   uA      FI Acq.(keV)  Anal.(keV)  Time(sec)     DT(%)",    
"------------------------------------------------------------------------------------",   
"Na                    Rh 50 1000-Auto Al  0 - 20    0.8 - 1.2   Live -  960    5",       
"Channel_info_start",                                                                     
"Channel : Na",                                                                           
"Points : 2048
"Range : 0.000000 - 20.480000",                                                           
"Step : 0.010000",                                                                        
"Channel_info_end",                                                                       
$DATA:
       0    2047
       0       0       0       0       0       0       0       0       0    2048
       0       0       0       0       0       0       0       0       0       0
       0       0       0       0       0       0       0       0       0       0
       0       0       0       0       0       0       0       1       2       4
      41      84      84      92      73      78      91      97      71      91
      88      67      72      93      89      97      74      83      77      86
      77      68      91      90      80     116      76     107     122     108
     136     135     172     235     200     230     219     249     252     253
     218     207     129     144     110      94      90      92      81      88
      66      77      73      79      52      87      72      70      63      77
      66      61      55      81      69      86      62      88      74      81
      84      83      75      82      87      94      97      85      71      84
      73      97      79      83      88      97      79      70      81      98
      60      77      70      89      68     101      71      83      72      90
      86      82      71      73      78      66      73      90      64      85
      62      82      75     100      85      69      68      70     100     104
      90     100     100     101      77      79      79      97      74      82
      78      66      71      80      69      80      72      79      65      79
      92      80      71      84      89      94      72      97      78      78
      64      89      59      66      55      73      71      55      65      65
      52      68      50      70      61      68      64      66      49      77
      72      59      58      50      59      60      70      61      50      69
      53      53      53      46      58      64      64      68      69      45
      61      65      58      76      58      50      62      50      73      69
      46      75      78      71      58      83      48      74      51      70
      66      59      63      52      53      56      46      73      59      54
      50      50      46      45      60      58      43      70      66      69
      60      70      78      62      81      91     105      91      93      94
      77      84      82      91     106      92      78      96      83      99
      94     103      84      88      98      89      97     100      87      91
      87      99      80      86      85      73      90      80      62      78
      68      61      74      64      75      56      67      64      66      65
      62      63      64      60      66      72      84      64      59      97
      71      85      59      79      63      85      89     104     106      81
     113     112      99     134     103     129      80     121      85      99
      88      78      84      68      67      70      74      64      78     104
      91      85      87      83      96     102      85      73      88      89
      87     102      87     105     117     120     100     136      96     131
     138     136     106     125     101     110      98      97     102      86
     101     115     109     106     113      98      97     112     106     117
     115      99     135     118     119     134     123     118     113     106
     123     118     142     116     153     127     126     125     129     127
     141     161     118     159     142     157     165     164     149     164
     165     134     164     186     155     179     151     149     156     205
     185     178     188     184     190     181     175     169     161     161
     179     165     198     181     176     204     215     201     191     232
     220     230     196     195     178     224     218     240     218     242
     249     240     223     283     224     254     235     229     246     287
     271     250     256     269     244     275     276     267     263     303
     291     299     269     272     271     279     293     288     316     292
     270     297     279     299     285     320     294     289     287     279
     305     296     283     321     291     313     310     316     289     281
     318     316     284     301     288     307     308     311     280     281
     338     344     315     350     312     318     329     352     334     314
     365     376     320     386     358     349     407     372     379     386
     448     405     404     410     435     423     392     404     447     442
     396     428     425     466     394     446     425     444     437     461
     398     441     382     505     449     462     446     427     447     482
     500     468     467     489     480     485     461     507     429     489
     440     491     462     519     501     504     479     524     532     560
     477     524     505     523     503     558     513     564     493     572
     572     517     540     525     561     571     557     585     643     590
     554     618     535     592     536     590     570     639     602     608
     597     608     571     630     634     670     594     642     665     678
     684     741     727     784     763     794     797     817     750     881
     778     859     776     822     763     833     749     777     755     777
     790     763     683     735     711     784     692     731     681     757
     679     720     761     706     725     722     727     719     715     694
     684     768     766     756     714     779     730     775     693     740
     769     747     714     762     763     778     720     792     738     739
     712     771     756     752     718     774     800     796     746     849
     809     775     738     812     795     867     772     794     824     764
     795     813     780     829     810     783     800     808     769     848
     783     797     732     818     756     834     828     754     769     835
     768     847     774     843     809     811     856     869     764     861
     813     751     723     831     812     795     808     769     801     817
     719     848     780     792     734     778     810     784     784     787
     838     801     775     793     775     822     780     811     807     860
     792     796     789     869     748     846     804     825     789     843
     779     830     811     885     765     841     834     870     817     874
     814     887     848     900     926     894    1003     984     960    1041
     966    1132    1061    1087    1040    1053     977    1015    1020    1042
    1002     954     942     940     840     893     778     812     811     725
     779     755     688     726     744     702     710     754     737     745
     716     719     716     719     739     696     708     719     704     721
     684     742     682     761     729     736     702     724     706     695
     698     764     712     784     728     737     788     793     748     746
     799     837     779     810     776     792     766     799     751     789
     726     766     786     732     712     688     701     723     692     714
     700     714     672     666     700     660     701     680     680     725
     678     675     700     717     691     698     710     745     646     628
     676     740     693     655     619     691     686     677     636     712
     638     650     646     624     624     660     607     680     655     643
     698     655     657     664     666     655     666     696     689     694
     607     683     619     689     595     661     669     627     604     648
     623     698     655     678     630     650     668     653     616     656
     669     664     653     661     641     652     663     687     609     651
     704     693     687     682     663     642     603     658     636     694
     620     638     642     627     600     645     634     650     622     612
     672     644     635     647     638     640     583     602     634     624
     650     637     623     637     624     601     646     633     606     641
     662     661     573     630     644     656     631     617     633     648
     626     641     659     650     620     626     627     680     612     633
     617     643     594     657     630     664     594     662     619     694
     606     657     633     652     621     652     613     695     641     697
     637     671     610     632     628     653     651     644     639     662
     659     670     674     649     644     608     658     607     618     618
     663     671     644     638     624     650     618     665     652     671
     658     681     658     714     654     602     617     666     602     641
     653     679     679     665     634     624     647     677     665     662
     624     670     627     588     625     640     685     650     673     636
     611     646     614     682     660     699     620     623     618     630
     597     685     651     615     625     696     660     633     636     665
     658     634     646     710     619     661     641     676     659     688
     623     653     621     675     637     690     643     644     677     682
     647     660     637     642     670     599     631     701     636     634
     647     709     592     606     584     633     685     665     606     583
     623     622     630     706     611     674     621     671     634     669
     576     675     616     642     590     623     657     640     603     617
     622     627     623     649     652     635     590     628     590     599
     632     617     628     660     603     613     633     628     596     603
     620     673     606     635     597     595     575     603     604     665
     602     620     614     668     556     576     632     628     578     592
     586     580     556     614     582     588     537     527     603     637
     581     583     604     617     562     584     630     558     537     609
     617     570     592     578     592     586     560     580     588     569
     573     513     548     580     576     598     585     632     581     566
     561     601     567     618     584     558     576     610     566     541
     547     546     534     560     536     618     588     559     546     599
     588     620     550     625     570     538     534     612     578     620
     510     536     520     572     534     571     579     532     589     535
     555     567     505     537     564     556     534     582     550     592
     587     521     547     578     539     550     532     542     543     545
     611     582     564     564     557     567     539     560     539     533
     501     604     513     534     520     573     556     544     503     552
     541     529     556     568     546     560     543     519     578     535
     550     511     531     592     513     556     534     557     520     568
     510     552     490     520     526     551     521     551     511     573
     511     525     552     547     521     561     513     584     498     513
     544     579     502     522     513     538     507     533     560     524
     499     560     535     507     487     530     520     540     496     493
     560     531     474     513     516     548     532     519     548     506
     533     541     500     498     510     503     539     523     505     473
     469     516     484     513     494     517     471     486     507     501
     454     563     502     497     543     539     522     566     446     498
     517     506     503     523     484     517     497     552     526     511
     510     468     456     529     475     477     535     502     522     513
     518     474     454     472     480     507     471     479     502     495
     470     481     487     505     433     507     465     477     484     497
     456     509     490     535     450     470     459     459     467     501
     439     491     458     485     468     420     478     427     432     520
     477     421     435     469     468     494     467     477     466     477
     420     448     469     455     443     471     452     403     486     459
     479     467     448     467     468     501     452     483     462     461
     407     449     468     467     454     426     443     481     427     448
     429     423     432     406     433     461     431     430     428     419
     382     465     417     407     429     402     443     464     443     436
     456     454     436     436     445     432     457     421     436     426
     486     437     433     439     430     461     453     433     402     423
     453     433     431     431     448     403     441     439     412     439
     427     437     440     431     421     451     416     445     414     436
     422     429     425     467     403     432     447     417     427     441
     429     446     454     443     414     418     416     493     466     461
     383     451     427     401     431     416     404     392     412     393
     429     394     426     454     437     396     424     416     455     389
     431     424     408     407     391     452     402     411     428     441
     420     430     410     409     435     397     436     439     394     454
     382     432     409     426     456     446     404     386     397     395
     406     416     413     467     444     387     414     404     407     428
     409     429     431     418     434     427     380     423     404     449
     429     443     384     415     428     402     436     424     392     426
     393     421     406     408     411     393     405     377     418     368
     383     391     448     397     425     415     427     380     373     391
     428     428     358     381     393     439     409     413     425     419
     388     414     418     409     432     427     383     423     434     422
     412     437     437     456     407     420     422     426     367     405
     383     435     413     416     408     431     414     443     371     445
     429     430     430     405     419     412     403     395     382     428
     436     412     451     424     439     448     404     393     375     378
     446     430     411     428     464     450     437     439     442     450
     407     402     479     426     402     448     436     452     472     453
     458     448     421     422     485     486     430     467     426     463
     452     471     449     462     468     449     497     491     448     508
     504     459     496     457     545     516     450     549     512     516
     487     467     524     550     527     506     579     525     493     563
     536     542     524     549     557     589     556     567     593     596
     598     636     652     681     640     634     735     700     695     714
     685     754     687     787     788     808     825     826     836     882
     901     966     943     993     998    1095    1001    1135    1020    1207
    1217    1324    1269    1379    1405    1462    1362    1468    1689    1693
    1523    1680    1769    1889    1862    1809    1971    2043    2032    2092
    2148    2273    2325    2320    2435    2383    2330    2466    2564    2596
    2609    2473    2738    2690    2631    2694    2739    2713    2643    2662
    2911    2707    2587    2666    2755    2769    2625    2590    2613    2591
    2454    2498    2405    2433    2335    2330    2307    2314    2190    2164
    2024    2046    1925    1861    1999    1800    1674    1692    1652    1587
    1453    1474    1476    1356    1321    1289    1215    1195    1067    1063
    1085    1043     958     902     891     912     829     823     804     790
     763     741     782     726     650     668     669     663     676     633
     714     682     748     679     752     747     754     734     791     910
     858     926    1042     978    1009    1054    1104    1216    1132    1225
    1280    1258    1301    1386    1393    1405    1339    1339    1480    1431
    1335    1314    1289    1304    1307    1155    1287    1133    1067    1044
    1018     950     929     859     860     754     664     681     632     567
     536     509     509     459     422     429     466     435     418     377
     431     369     439     388     403     405     368  197227
