$Informacoes da Fluorescencia de Raios-X:
"Sample    : GHA-682",                                                                    
"Operator  : THIAGO",                                                                     
"Comment  : ",                                                                            
"Group     : thiago_acra2010ma",                                                          
"Date       : 2010-06-19 02:27:06",                                                       
"",                                                                                       
"Mesurement Condition",                                                                   
"------------------------------------------------------------------------------------",   
"Instrument : 700HS2   Atmosphere : Vac.   Collimator : 10(mm)   Spin : No",              
"------------------------------------------------------------------------------------",   
"Analyte               TG kV   uA      FI Acq.(keV)  Anal.(keV)  Time(sec)     DT(%)",    
"------------------------------------------------------------------------------------",   
"Na                    Rh 50 1000-Auto Al  0 - 20    0.8 - 1.2   Live -  959    6",       
"Channel_info_start",                                                                     
"Channel : Na",                                                                           
"Points : 2048
"Range : 0.000000 - 20.480000",                                                           
"Step : 0.010000",                                                                        
"Channel_info_end",                                                                       
$DATA:
       0    2047
       0       0       0       0       0       0       0       0       0    2048
       0       0       0       0       0       0       0       0       0       0
       0       0       0       0       0       0       0       0       0       0
       0       0       0       0       0       0       0       0       1       1
      44     121     103     115     104     123      91      87     111     108
      99     114      91     120      93     103      87     109      95     104
     105     116     105     103      81     114     118     122     130     171
     150     216     215     254     250     275     292     307     272     252
     251     265     200     173     164     124     125     129     109      89
      97     112      88      85      95     117      87      90      95      94
     102      96      96     116     102     111      97     105     108      96
     102     116     105     109     101      87     100     108      92      98
      98     103     114     107      97      82      98     115     105     114
     116      98     103      97     105      99     120     126      83      97
      95      88      81     116     101      99      88      98     117      92
      97      88      96     109     111     126     128     115      97     105
     113     121     117     116     100     108     115      91     104      97
      94      97      96     101     101      96      94     101     109      98
     107     118     112     110     122     121     122      86     107     102
     100      90     101      85      97      95      74      93      87      83
      81      97      74      79      73      78      77      79      88      97
      72      90      75      88      90      98      88      69      86      87
      84      53      80      69      65      89      69      80      92      92
      80      80      84      75      81      75      85      83      88     114
      87     110      95      95      94     100      78     100      83      75
      78      96      77      62      81      78      75      72      79      71
      67      95      89      85      90     124     102     115     123     124
     114     143     156     138     129     147     147     158     127     135
     129     146     108     126     100     113     124     126     103     114
     134     133     121     120     127     116     104     116     125     114
     116     118     103     112     105     108     109      92     104      99
      88      83      97     102      98      93      77      80      82      90
      89     103      81      94      94      84      85      70      86      83
      75      85      73     102      94      95     101     104     117     131
     107     119     142     143     104     129     123     142     121     125
     100      95      78      88     109     110      80     123     104      95
      75      95      89     100     115     107     101      98     114      99
     114     140     115     125     122     129     108     149     134     124
     140     142     145     129     144     149     149     124     126     135
     129     141     134     120     114     144     143     147     151     139
     137     145     146     143     154     154     162     160     142     150
     135     174     150     158     162     152     191     205     154     172
     191     204     185     173     173     204     185     212     204     184
     211     191     188     206     204     205     186     221     209     251
     187     208     201     221     177     222     241     255     232     258
     223     251     235     244     217     272     232     271     221     287
     245     256     267     244     243     259     270     312     269     286
     254     301     294     317     309     333     302     312     316     320
     315     333     337     331     307     319     381     365     334     363
     342     350     378     363     354     399     373     373     340     381
     336     373     367     345     362     342     367     345     335     363
     381     360     323     354     376     382     403     401     405     406
     349     441     346     393     364     382     393     411     383     417
     389     415     392     433     398     429     413     456     413     434
     435     460     450     482     444     497     478     518     522     480
     555     534     527     567     529     552     526     555     499     517
     522     551     544     575     542     545     514     554     577     577
     555     554     524     552     582     645     543     593     592     587
     517     624     641     574     567     614     581     678     657     666
     613     650     598     643     662     645     576     662     639     673
     610     661     638     699     643     632     680     726     620     745
     676     700     638     719     671     695     711     699     666     758
     722     775     791     744     725     760     757     791     737     791
     792     804     762     805     807     819     793     860     814     852
     818     830     824     890     867     900     864     892     904     967
     928     973     859     964     858     932     910     952     879     968
     871     894     913     862     891     966     860     878     887     865
     879     958     884     907     912     951     937     911     892     904
     933     957     907     941     896     920     969    1001     938     906
     931     989     978     961     965     969     949    1011     980    1007
     983     959     965     952     943     953     965    1035     957    1022
    1022    1038    1017     999    1046    1047    1059     994    1051    1058
     987    1041    1021    1064    1026    1010    1035    1017     945    1013
     963    1007     928    1009    1010    1005     936     973     985    1060
     950    1029     955    1059    1006    1005    1032    1099    1037     988
    1032    1126    1012    1056    1036     994    1008    1008    1014    1017
     993    1006    1086    1072     998     995    1024    1082     957    1086
    1002     977     963     977     979    1021     975     980    1020    1079
     917    1039     993    1051     948    1048    1021     990     989     988
    1020    1051    1008    1117    1047    1057    1055    1027    1094    1058
    1007    1089    1162    1162    1088    1226    1177    1256    1175    1217
    1302    1313    1256    1303    1242    1293    1198    1308    1174    1274
    1122    1129    1113    1127    1107    1074    1044    1017     987     935
     983     936     908     903     870     907     879     914     859     910
     877     994     937     901     901     934     882     909     869     922
     929     921     905     887     875     945     892     951     903     925
     860     969     959     963     945     979     951    1018     963    1072
    1046    1053    1009    1038    1054    1067    1001    1073     973    1031
     953     975    1007     976     871     897     900     975     877     934
     891     834     871     860     883     949     824     868     839     906
     855     884     883     931     852     856     931     909     819     907
     808     825     834     823     812     929     872     806     846     858
     813     882     775     855     801     848     813     775     807     834
     820     858     842     839     812     821     838     899     817     871
     818     838     840     870     818     890     813     814     778     852
     849     794     834     851     759     857     836     843     879     843
     838     816     851     871     859     880     850     881     805     852
     835     842     824     832     797     920     791     830     829     801
     839     824     814     857     806     844     779     885     805     787
     762     826     851     791     813     793     746     817     836     820
     843     743     797     851     771     779     780     832     805     876
     781     787     809     823     778     810     788     799     792     909
     774     815     862     798     766     823     795     843     756     840
     777     785     825     877     774     864     814     787     824     781
     770     811     733     864     792     809     835     801     813     817
     790     770     775     813     789     795     837     840     828     842
     814     834     755     822     848     847     845     822     811     878
     794     826     769     835     837     870     729     821     811     899
     781     845     799     853     778     801     855     838     766     782
     844     830     778     876     802     820     758     890     796     792
     774     838     786     854     756     821     855     835     749     788
     814     866     868     828     830     891     826     809     834     844
     813     806     853     801     883     837     828     830     766     818
     878     852     738     800     800     853     801     821     808     834
     782     808     796     829     797     796     809     828     861     875
     838     879     800     844     791     839     788     822     900     844
     792     901     806     827     834     820     805     856     820     823
     802     865     799     830     823     839     812     814     796     835
     757     823     757     849     800     777     781     825     749     751
     780     805     787     832     831     826     718     787     807     784
     760     840     777     837     764     797     811     752     697     799
     745     787     738     781     753     791     717     787     795     785
     783     757     755     827     731     758     808     791     767     787
     799     752     733     763     768     738     686     791     767     794
     750     790     745     746     731     735     692     733     728     770
     773     774     775     716     732     707     671     731     791     727
     720     743     762     770     745     722     720     748     706     722
     773     693     761     718     695     782     740     719     722     702
     695     696     767     753     698     710     723     732     695     710
     713     748     734     701     697     723     686     698     713     749
     723     702     690     731     687     792     702     774     709     704
     717     750     693     675     725     755     656     679     696     745
     645     679     761     671     672     695     670     720     657     723
     708     723     699     698     667     750     685     670     708     708
     646     691     631     739     666     678     699     682     665     680
     719     685     720     696     728     676     668     662     665     678
     659     667     689     673     705     697     689     682     649     706
     688     662     662     642     696     734     674     649     710     702
     678     700     674     677     648     633     690     653     644     666
     703     716     722     679     653     671     679     666     689     662
     658     670     679     673     665     653     615     658     612     648
     659     688     686     619     639     667     664     645     690     628
     652     632     595     684     680     667     626     664     606     689
     661     662     670     666     640     684     665     610     632     647
     600     608     619     654     594     676     628     645     592     613
     662     686     616     598     654     632     594     579     614     649
     604     664     656     638     610     617     599     642     602     611
     634     655     619     641     656     629     626     594     594     579
     588     561     655     614     593     612     625     604     600     623
     612     601     594     586     602     595     610     620     612     596
     620     609     622     628     610     577     643     614     580     587
     589     596     596     583     593     566     554     574     534     638
     593     599     582     637     536     559     574     578     556     584
     542     595     581     600     562     603     545     564     584     619
     543     584     596     541     552     555     599     551     546     543
     576     601     555     567     566     584     561     583     567     607
     538     552     543     556     527     588     575     531     533     593
     580     618     546     564     505     556     525     582     619     571
     534     585     535     581     543     572     565     585     506     565
     563     519     571     537     565     551     508     546     527     536
     545     555     556     546     552     562     547     546     542     553
     573     592     540     571     531     548     541     575     559     566
     534     505     511     533     549     559     528     549     493     503
     544     536     536     520     537     528     517     540     501     517
     536     512     568     583     511     522     485     518     478     561
     527     517     534     514     488     585     501     511     557     556
     567     517     565     541     515     531     503     529     467     514
     569     556     513     545     544     545     478     499     495     571
     507     518     532     527     491     533     511     524     491     534
     562     554     499     552     525     514     515     527     543     536
     492     512     534     514     483     537     493     525     532     510
     513     505     539     497     502     531     524     501     573     537
     491     532     501     547     490     522     546     547     481     517
     528     546     470     474     517     548     536     519     503     518
     484     565     544     535     525     526     572     546     502     517
     521     559     522     508     540     549     555     537     512     516
     493     586     496     552     515     524     549     558     489     524
     548     567     520     540     567     550     510     547     542     556
     523     526     555     532     521     559     582     520     508     542
     575     529     539     557     549     531     494     552     580     551
     539     506     616     612     566     601     549     619     564     558
     596     559     600     566     595     624     532     593     599     590
     609     596     625     618     564     547     595     604     625     649
     611     614     601     639     627     637     645     644     655     708
     606     675     708     675     632     679     685     672     690     755
     733     719     669     749     741     738     706     738     799     789
     753     775     846     854     801     840     864     859     777     938
     900     988     922     922     989    1033    1072    1111    1069    1208
    1158    1220    1259    1282    1268    1369    1320    1418    1452    1472
    1542    1617    1625    1684    1780    1910    1850    1895    2131    2141
    2030    2174    2372    2371    2331    2476    2604    2629    2611    2618
    2816    2865    2854    2910    3049    3050    3004    3129    3235    3275
    3192    3218    3423    3447    3352    3363    3493    3442    3400    3292
    3677    3411    3312    3362    3414    3346    3261    3346    3294    3205
    3137    3137    3013    2989    2925    2876    2854    2780    2619    2665
    2738    2470    2380    2377    2281    2221    2067    2127    2045    2006
    1884    1735    1793    1691    1596    1565    1517    1491    1299    1379
    1313    1251    1156    1179    1135    1105    1010    1030    1029    1026
     927     920     894     905     882     849     901     830     797     838
     821     889     900     812     988     923     942     983    1107    1089
    1088    1133    1341    1299    1251    1371    1396    1471    1549    1583
    1680    1656    1692    1730    1739    1760    1757    1762    1789    1741
    1660    1713    1688    1585    1582    1436    1562    1520    1413    1259
    1250    1217    1112    1042    1094     993     878     853     797     746
     721     687     686     671     586     534     600     532     486     506
     507     499     497     486     478     471     457  250361
