Acquisition date and time: 00-00-   0 (00:00:00)
Live Time:,        0
Real Time:,        0
 
Photopeaks:,    15
  11,      1.041,        675,        105,       3.93
  12,      1.254,       2729,        119,       4.52
  13,      1.487,      41296,        261,       3.37
  14,      1.740,     197765,        640,       8.60
  15,      2.013,        221,        150,       2.36
  16,      2.307,      49750,        348,       3.08
  17,      2.622,     175838,        497,       4.69
  19,      3.313,     220550,        572,       8.04
  20,      3.691,     505570,        904,       6.85
  22,      4.509,      91604,        413,       2.61
  23,      4.950,       1513,        242,       2.51
  24,      5.412,       2302,        217,       1.21
  25,      5.895,      18447,        292,      11.97
  45,      2.696,        657,        219,       3.20
  56,      4.464,       4574,        321,       2.62
Incoherent scattering peaks:,     4
  14,      1.734,       3654,        650,       9.57
  16,      2.297,       3051,        395,       3.15
  19,      3.292,       4370,        450,       7.57
  20,      3.665,       5671,        826,       6.33
