Acquisition date and time: 00-00-   0 (00:00:00)
Live Time:,        0
Real Time:,        0
 
Photopeaks:,    15
  11,      1.041,        578,         97,       4.89
  12,      1.254,       2024,        108,       2.48
  13,      1.487,      36094,        222,       3.94
  14,      1.740,     194553,        459,      11.99
  15,      2.013,        878,        128,       4.98
  16,      2.307,      26056,        269,       3.17
  17,      2.622,     118753,        488,       7.91
  19,      3.313,     133574,        455,       5.99
  20,      3.691,     334312,        742,       9.20
  22,      4.509,      70731,        372,       2.38
  23,      4.950,       1098,        220,       1.39
  24,      5.412,       2446,        201,       0.70
  25,      5.895,      18607,        279,      18.44
  45,      2.696,        241,        202,       4.76
  56,      4.464,       3996,        300,       1.94
Incoherent scattering peaks:,     4
  16,      2.297,        520,        347,       3.18
  17,      2.609,       2619,        565,       7.81
  19,      3.292,       2257,        372,       5.86
  20,      3.665,       1712,        685,       9.26
