Acquisition date and time: 00-00-   0 (00:00:00)
Live Time:,        0
Real Time:,        0
 
Photopeaks:,    15
  11,      1.041,        357,         91,       2.59
  12,      1.254,       3069,        110,       2.37
  13,      1.487,      55901,        290,       5.66
  14,      1.740,     288276,        737,      16.36
  15,      2.013,       1281,        149,       4.01
  16,      2.307,      41136,        240,       2.56
  17,      2.622,     102812,        389,       4.33
  19,      3.313,     282953,        633,      12.67
  20,      3.691,     700117,       1021,      10.40
  22,      4.509,     126958,        453,       4.89
  23,      4.950,       1980,        241,       1.05
  24,      5.412,       3659,        204,       1.93
  25,      5.895,      29735,        299,      26.45
  45,      2.696,        944,        190,       4.99
  56,      4.464,       5792,        309,       4.43
Incoherent scattering peaks:,     3
  14,      1.734,      11236,        716,      16.59
  19,      3.292,      11855,        477,      11.92
  20,      3.665,      14801,        885,      10.37
