Acquisition date and time: 00-00-   0 (00:00:00)
Live Time:,        0
Real Time:,        0
 
Photopeaks:,    15
  11,      1.041,        812,         95,       2.91
  12,      1.254,       2275,        107,       2.62
  13,      1.487,      44147,        265,       3.31
  14,      1.740,     243985,        686,      10.92
  15,      2.013,       1532,        156,       3.21
  16,      2.307,      55080,        350,       3.39
  17,      2.622,     134630,        438,       5.60
  19,      3.313,     220968,        570,       6.14
  20,      3.691,     693373,       1014,       8.75
  22,      4.509,     109779,        434,       3.72
  23,      4.950,       1164,        239,       1.73
  24,      5.412,       3473,        208,       1.09
  25,      5.895,      26729,        297,      24.39
  45,      2.696,        809,        201,       4.29
  56,      4.464,       6278,        313,       3.38
Incoherent scattering peaks:,     4
  14,      1.734,       7920,        677,      11.78
  16,      2.297,       3430,        385,       2.80
  19,      3.292,       8133,        452,       4.95
  20,      3.665,      16400,        873,       8.77
