Acquisition date and time: 00-00-   0 (00:00:00)
Live Time:,        0
Real Time:,        0
 
Photopeaks:,    15
  11,      1.041,        605,        117,       3.43
  12,      1.254,        911,        124,       2.56
  13,      1.487,      20873,        218,       4.23
  14,      1.740,      96001,        353,       7.71
  15,      2.013,       -257,        174,       4.76
  16,      2.307,      83064,        457,       9.64
  17,      2.622,     447503,        800,      27.04
  19,      3.313,    1407096,       1341,      60.21
  20,      3.691,     286714,        603,      18.70
  22,      4.509,      38708,        310,       2.51
  23,      4.950,        514,        208,       1.14
  24,      5.412,       2289,        208,       1.51
  25,      5.895,      10008,        269,       7.48
  45,      2.696,      12618,        359,      18.01
  56,      4.464,       2676,        301,       2.91
Incoherent scattering peaks:,     2
  16,      2.297,       9950,        527,      10.04
  19,      3.292,      51065,        908,      59.19
