Acquisition date and time: 00-00-   0 (00:00:00)
Live Time:,        0
Real Time:,        0
 
Photopeaks:,    15
  11,      1.041,        267,         70,       2.59
  12,      1.254,        447,         77,       2.73
  13,      1.487,      10493,        143,       2.35
  14,      1.740,      50807,        332,       5.19
  15,      2.013,        786,         99,       1.49
  16,      2.307,      47274,        302,       1.78
  17,      2.622,       6533,        139,       5.04
  19,      3.313,     121992,        425,       4.62
  20,      3.691,      71185,        390,       2.97
  22,      4.509,      18735,        232,       2.08
  23,      4.950,        603,        166,       1.19
  24,      5.412,       1280,        169,       1.26
  25,      5.895,       6865,        212,       4.09
  45,      2.696,        324,         99,       2.15
  56,      4.464,       1576,        232,       2.63
Incoherent scattering peaks:,     4
  14,      1.734,       2040,        349,       5.25
  16,      2.297,       1661,        297,       1.90
  19,      3.292,        617,        316,       4.30
  20,      3.665,        977,        434,       2.73
