Acquisition date and time: 00-00-   0 (00:00:00)
Live Time:,        0
Real Time:,        0
 
Photopeaks:,    15
  11,      1.041,       1174,        111,       3.44
  12,      1.254,       1140,        118,       4.35
  13,      1.487,      28428,        226,       3.27
  14,      1.740,     141738,        409,       6.93
  15,      2.013,       1346,        168,       3.74
  16,      2.307,      57143,        391,       5.45
  17,      2.622,     449129,        780,      17.11
  19,      3.313,     906403,       1096,      28.83
  20,      3.691,     456563,        908,       8.36
  22,      4.509,      68306,        362,       2.07
  23,      4.950,        853,        217,       1.86
  24,      5.412,       2508,        204,       0.87
  25,      5.895,      14469,        269,       8.79
  45,      2.696,       7401,        329,      13.72
  56,      4.464,       3748,        295,       2.22
Incoherent scattering peaks:,     3
  16,      2.297,       9542,        468,       5.47
  19,      3.292,      29152,        730,      26.28
  20,      3.665,       4667,        912,       8.40
