Acquisition date and time: 00-00-   0 (00:00:00)
Live Time:,        0
Real Time:,        0
 
Photopeaks:,    15
  11,      1.041,        230,         80,       2.00
  12,      1.254,       1153,         90,       2.05
  13,      1.487,      24232,        186,       2.16
  14,      1.740,     117487,        360,      10.36
  15,      2.013,        994,        109,       3.50
  16,      2.307,      39417,        224,       2.82
  17,      2.622,      35952,        248,       4.08
  19,      3.313,     225619,        552,       8.67
  20,      3.691,     143136,        404,       3.14
  22,      4.509,      43443,        303,       1.87
  23,      4.950,        728,        190,       1.50
  24,      5.412,       1845,        180,       2.17
  25,      5.895,      11003,        234,       7.14
  45,      2.696,        304,        138,       2.39
  56,      4.464,       2142,        264,       1.82
Incoherent scattering peaks:,     1
  19,      3.292,       2787,        404,       8.50
