Acquisition date and time: 00-00-   0 (00:00:00)
Live Time:,        0
Real Time:,        0
 
Photopeaks:,    15
  11,      1.041,       1847,        110,       3.22
  12,      1.254,       1408,        111,       4.33
  13,      1.487,      28798,        226,       4.28
  14,      1.740,     158376,        567,       6.28
  15,      2.013,        927,        146,       1.61
  16,      2.307,      52839,        362,       2.58
  17,      2.622,     295171,        625,       9.82
  19,      3.313,     172488,        506,       6.00
  20,      3.691,     325469,        736,       3.36
  22,      4.509,      65122,        359,       1.56
  23,      4.950,        993,        215,       1.27
  24,      5.412,       2576,        200,       1.62
  25,      5.895,      15339,        270,      11.06
  45,      2.696,       2010,        248,       7.49
  56,      4.464,       3583,        295,       1.77
Incoherent scattering peaks:,     4
  14,      1.734,       2811,        569,       7.17
  16,      2.297,      10745,        418,       2.98
  19,      3.292,       1538,        399,       5.04
  20,      3.665,       2333,        689,       3.34
