Acquisition date and time: 00-00-   0 (00:00:00)
Live Time:,        0
Real Time:,        0
 
Photopeaks:,    15
  11,      1.041,        583,         92,       3.76
  12,      1.254,       1103,         99,       3.04
  13,      1.487,      33839,        238,       4.18
  14,      1.740,     172030,        612,      13.63
  15,      2.013,       1363,        141,       3.52
  16,      2.307,      33240,        296,       2.88
  17,      2.622,     131389,        432,       7.71
  19,      3.313,     176581,        514,       9.14
  20,      3.691,     386249,        803,      12.48
  22,      4.509,      82104,        385,       3.22
  23,      4.950,       1265,        219,       1.72
  24,      5.412,       2259,        192,       1.21
  25,      5.895,      16147,        266,      13.51
  45,      2.696,        814,        193,       6.63
  56,      4.464,       3505,        293,       3.60
Incoherent scattering peaks:,     4
  14,      1.734,       1753,        627,      13.78
  16,      2.297,       1970,        345,       2.72
  19,      3.292,       2462,        397,       8.32
  20,      3.665,       4264,        750,      12.46
