Acquisition date and time: 00-00-   0 (00:00:00)
Live Time:,        0
Real Time:,        0
 
Photopeaks:,    15
  11,      1.041,        680,        100,       5.75
  12,      1.254,       2928,        119,       4.18
  13,      1.487,      55056,        294,       4.67
  14,      1.740,     256428,        727,      18.22
  15,      2.013,       2043,        168,       3.32
  16,      2.307,      47275,        344,       3.93
  17,      2.622,     188839,        513,       9.10
  19,      3.313,     282468,        634,      14.29
  20,      3.691,     817842,        884,      17.66
  22,      4.509,     130930,        461,       2.88
  23,      4.950,       1884,        248,       2.02
  24,      5.412,       4004,        206,       1.22
  25,      5.895,      26982,        299,      30.47
  45,      2.696,        337,        226,       9.12
  56,      4.464,       5956,        317,       3.67
Incoherent scattering peaks:,     3
  14,      1.734,       5954,        742,      19.27
  16,      2.297,       2449,        397,       4.08
  19,      3.292,      11452,        489,      15.26
