Acquisition date and time: 00-00-   0 (00:00:00)
Live Time:,        0
Real Time:,        0
 
Photopeaks:,    15
  11,      1.041,        800,         86,       2.50
  12,      1.254,        633,         90,       1.51
  13,      1.487,      21456,        182,       1.62
  14,      1.740,      91676,        324,       5.66
  15,      2.013,       1777,        126,       2.02
  16,      2.307,      65899,        365,       2.42
  17,      2.622,      98704,        381,       4.04
  19,      3.313,     276702,        605,       8.37
  20,      3.691,     240399,        505,       4.56
  22,      4.509,      50132,        313,       2.53
  23,      4.950,       1080,        189,       1.25
  24,      5.412,       2058,        175,       1.38
  25,      5.895,       9739,        230,       9.98
  45,      2.696,        794,        178,       3.40
  56,      4.464,       2334,        255,       1.99
Incoherent scattering peaks:,     2
  16,      2.297,       3364,        378,       2.41
  19,      3.292,       4590,        433,       8.50
