Acquisition date and time: 00-00-   0 (00:00:00)
Live Time:,        0
Real Time:,        0
 
Photopeaks:,    15
  11,      1.041,        267,         77,       1.42
  12,      1.254,        178,         81,       1.84
  13,      1.487,       4651,        122,       2.66
  14,      1.740,      16043,        163,       2.31
  15,      2.013,        383,        111,       2.44
  16,      2.307,      44226,        316,       3.62
  17,      2.622,     108065,        488,       7.51
  19,      3.313,     469966,        783,      21.02
  20,      3.691,      69633,        320,       6.95
  22,      4.509,       8498,        199,       1.53
  23,      4.950,        289,        156,       1.29
  24,      5.412,       1426,        168,       2.21
  25,      5.895,       6224,        213,       6.50
  45,      2.696,       2781,        216,       6.41
  56,      4.464,        837,        233,       1.90
Incoherent scattering peaks:,     3
  16,      2.297,       2270,        361,       3.59
  17,      2.609,       1972,        591,       7.06
  19,      3.292,      14076,        545,      20.68
