Acquisition date and time: 00-00-   0 (00:00:00)
Live Time:,        0
Real Time:,        0
 
Photopeaks:,    15
  11,      1.041,       1068,        111,       4.68
  12,      1.254,       2944,        124,       4.82
  13,      1.487,      48708,        284,       5.20
  14,      1.740,     237811,        719,      13.54
  15,      2.013,       1047,        163,       2.87
  16,      2.307,      58937,        377,       3.39
  17,      2.622,     191651,        633,      11.66
  19,      3.313,     273939,        637,      10.50
  20,      3.691,     450361,        889,       8.18
  22,      4.509,     109170,        447,       4.52
  23,      4.950,       2066,        255,       1.65
  24,      5.412,       3313,        223,       1.49
  25,      5.895,      23878,        313,      22.55
  45,      2.696,        532,        256,       7.65
  56,      4.464,       5348,        342,       4.36
Incoherent scattering peaks:,     5
  14,      1.734,       4048,        737,      14.29
  16,      2.297,       2977,        452,       3.46
  17,      2.609,       2666,        751,      10.50
  19,      3.292,       3273,        486,       9.86
  20,      3.665,       6444,        856,       8.13
