Acquisition date and time: 00-00-   0 (00:00:00)
Live Time:,        0
Real Time:,        0
 
Photopeaks:,    15
  11,      1.041,        194,         87,       1.78
  12,      1.254,       1560,         99,       2.30
  13,      1.487,      41808,        234,       4.46
  14,      1.740,     196954,        460,       9.78
  15,      2.013,       1126,        117,       5.36
  16,      2.307,      44943,        239,       2.96
  17,      2.622,      52223,        292,       3.68
  19,      3.313,     253403,        588,       9.28
  20,      3.691,     177351,        445,       4.51
  22,      4.509,      73743,        371,       2.52
  23,      4.950,       1049,        216,       1.45
  24,      5.412,       1879,        194,       1.53
  25,      5.895,      16549,        264,      12.23
  45,      2.696,        624,        155,       3.63
  56,      4.464,       3009,        295,       2.38
Incoherent scattering peaks:,     1
  19,      3.292,       3382,        435,       8.43
