Acquisition date and time: 00-00-   0 (00:00:00)
Live Time:,        0
Real Time:,        0
 
Photopeaks:,    23
  11,      1.041,        568,         95,       3.58
  12,      1.254,       1537,        114,       4.48
  13,      1.487,      52154,        270,       8.76
  14,      1.740,     266328,        540,      35.52
  16,      2.307,      48352,        263,       2.57
  17,      2.622,     100756,        346,       8.66
  19,      3.313,     277258,        549,      15.45
  20,      3.691,     375385,        625,      12.44
  22,      4.509,     111312,        428,       2.44
  23,      4.950,       2066,        242,       1.62
  24,      5.412,       2675,        210,       0.98
  25,      5.895,      27290,        298,       1.76
  26,      6.399,    1669000,       1349,      29.49
  28,      7.472,       1506,        437,       1.49
  29,      8.041,      12720,        451,       2.23
  30,      8.631,      28073,        463,       1.68
  35,     11.908,       8313,        428,       1.33
  37,     13.375,       4222,        485,       1.25
  38,     14.142,       8022,        401,       1.98
  40,     15.746,       4878,        385,       1.97
  56,      4.464,       3016,        316,       2.48
  72,      7.893,       1062,        432,       2.96
  82,     10.542,       4450,        425,       1.11
Incoherent scattering peaks:,     2
  26,      6.320,      20917,        746,      20.84
  26,      6.963,      13889,        541,      26.19
