Acquisition date and time: 00-00-   0 (00:00:00)
Live Time:,        0
Real Time:,        0
 
Photopeaks:,    23
  11,      1.041,        197,         84,       1.59
  12,      1.254,        859,        102,       3.78
  13,      1.487,      39663,        236,       7.40
  14,      1.740,     193562,        461,      22.36
  16,      2.307,      42909,        242,       3.68
  17,      2.622,      51146,        258,       5.40
  19,      3.313,     251088,        516,      13.52
  20,      3.691,     174350,        446,       6.54
  22,      4.509,      74901,        365,       2.33
  23,      4.950,       1717,        216,       2.35
  24,      5.412,       1902,        198,       1.41
  25,      5.895,      18649,        269,       1.69
  26,      6.399,    1117922,       1131,      17.53
  28,      7.472,       1228,        418,       1.85
  29,      8.041,      19549,        456,       1.40
  30,      8.631,      24858,        445,       2.01
  35,     11.908,      16676,        428,       1.16
  37,     13.375,       2945,        472,       0.96
  38,     14.142,       4846,        385,       1.84
  40,     15.746,       3083,        369,       1.46
  56,      4.464,       1911,        290,       2.65
  72,      7.893,        820,        417,       2.36
  82,     10.542,       5558,        410,       2.20
Incoherent scattering peaks:,     2
  26,      6.320,      14531,        683,      13.02
  26,      6.963,      11465,        496,      14.96
