Acquisition date and time: 00-00-   0 (00:00:00)
Live Time:,        0
Real Time:,        0
 
Photopeaks:,    24
  11,      1.041,       1367,        103,       2.66
  12,      1.254,       1220,        112,       5.16
  13,      1.487,      37446,        242,      12.30
  14,      1.740,     191988,        469,      29.43
  16,      2.307,      62759,        303,       3.12
  17,      2.622,     261672,        530,       9.66
  19,      3.313,     413808,        668,      17.39
  20,      3.691,     747495,        862,      14.22
  22,      4.509,     115694,        434,       1.77
  23,      4.950,       1137,        238,       3.20
  24,      5.412,       2818,        199,       1.56
  25,      5.895,      25923,        281,       1.23
  26,      6.399,    1814451,       1380,      22.56
  28,      7.472,       1329,        397,       2.15
  29,      8.041,      23230,        429,       1.14
  30,      8.631,      71762,        480,       1.34
  35,     11.908,      15231,        402,       1.87
  37,     13.375,       3001,        457,       1.91
  38,     14.142,      14311,        376,       1.56
  39,     14.932,       1045,        355,       1.19
  40,     15.746,       5870,        351,       1.52
  56,      4.464,       6343,        305,       1.63
  72,      7.893,       1191,        395,       1.72
  82,     10.542,       6472,        391,       2.19
Incoherent scattering peaks:,     2
  26,      6.320,      19455,        701,      18.05
  26,      6.963,      13418,        513,      28.61
