Acquisition date and time: 00-00-   0 (00:00:00)
Live Time:,        0
Real Time:,        0
 
Photopeaks:,    24
  11,      1.041,        366,         69,       1.43
  12,      1.254,        303,         76,       0.94
  13,      1.487,       8156,        128,       3.23
  14,      1.740,      36663,        215,       7.56
  16,      2.307,      31690,        202,       2.14
  17,      2.622,       5966,        126,       6.40
  19,      3.313,     167419,        417,       7.71
  20,      3.691,      57858,        278,       3.56
  22,      4.509,      15872,        219,       2.24
  23,      4.950,        938,        162,       1.46
  24,      5.412,       1263,        169,       1.20
  25,      5.895,       6254,        213,       2.38
  26,      6.399,     271467,        640,       8.24
  28,      7.472,       2348,        384,       2.28
  29,      8.041,       9813,        412,       1.78
  30,      8.631,      34600,        432,       2.02
  35,     11.908,      10775,        398,       2.18
  37,     13.375,        656,        455,       1.44
  38,     14.142,       1788,        368,       1.08
  39,     14.932,        572,        357,       2.57
  40,     15.746,        900,        351,       1.18
  56,      4.464,        917,        232,       2.98
  72,      7.893,       1430,        395,       2.97
  82,     10.542,       4323,        378,       2.36
Incoherent scattering peaks:,     2
  26,      6.320,       5582,        533,       8.45
  26,      6.963,       8205,        390,       3.01
