Acquisition date and time: 00-00-   0 (00:00:00)
Live Time:,        0
Real Time:,        0
 
Photopeaks:,    23
  11,      1.041,        431,         93,       1.83
  12,      1.254,        901,        109,       2.48
  13,      1.487,      32437,        223,       6.09
  14,      1.740,     172486,        440,      28.63
  16,      2.307,      46621,        253,       2.88
  17,      2.622,      68102,        290,       5.95
  19,      3.313,     182759,        449,      10.62
  20,      3.691,     193985,        465,       8.85
  22,      4.509,      66224,        362,       3.00
  23,      4.950,       1315,        227,       2.50
  24,      5.412,       2180,        217,       2.09
  25,      5.895,      18161,        286,       2.31
  26,      6.399,    1055274,       1136,      22.80
  28,      7.472,       2718,        470,       1.77
  29,      8.041,      14563,        500,       2.73
  30,      8.631,      21857,        490,       1.33
  35,     11.908,       8213,        468,       1.42
  37,     13.375,       2163,        529,       1.08
  38,     14.142,       4977,        438,       1.67
  40,     15.746,       3425,        417,       1.67
  56,      4.464,       1940,        311,       3.27
  72,      7.893,       1436,        473,       4.07
  82,     10.542,       4721,        460,       1.89
Incoherent scattering peaks:,     2
  26,      6.320,      13047,        751,      19.18
  26,      6.963,      13332,        535,      13.92
