Acquisition date and time: 00-00-   0 (00:00:00)
Live Time:,        0
Real Time:,        0
 
Photopeaks:,    24
  11,      1.041,        228,         78,       1.22
  12,      1.254,        536,         89,       1.52
  13,      1.487,      19997,        177,       3.11
  14,      1.740,     100533,        338,      17.86
  16,      2.307,      28299,        200,       2.68
  17,      2.622,      44992,        237,       3.27
  19,      3.313,     142955,        396,      10.76
  20,      3.691,     145309,        401,       7.67
  22,      4.509,      39527,        288,       2.31
  23,      4.950,       1208,        187,       2.04
  24,      5.412,       1848,        185,       2.21
  25,      5.895,      10056,        238,       1.36
  26,      6.399,     640260,        891,      24.90
  28,      7.472,       2226,        403,       1.71
  29,      8.041,      10538,        429,       2.81
  30,      8.631,      15530,        421,       1.83
  35,     11.908,      12940,        411,       1.29
  37,     13.375,       1301,        389,       1.25
  38,     14.142,       2975,        377,       0.99
  39,     14.932,        132,        368,       0.79
  40,     15.746,       2101,        359,       1.15
  56,      4.464,       1280,        259,       2.36
  72,      7.893,       1414,        401,       4.22
  82,     10.542,       2924,        395,       2.46
Incoherent scattering peaks:,     2
  26,      6.320,       9388,        607,      21.97
  26,      6.963,       9367,        446,      10.69
