Acquisition date and time: 00-00-   0 (00:00:00)
Live Time:,        0
Real Time:,        0
 
Photopeaks:,    24
  11,      1.041,        705,        101,       2.86
  12,      1.254,       1454,        120,       6.53
  13,      1.487,      52264,        272,       8.08
  14,      1.740,     266324,        541,      36.96
  16,      2.307,      44155,        259,       3.01
  17,      2.622,     165692,        427,      11.50
  19,      3.313,     231717,        510,      14.93
  20,      3.691,     478965,        696,      19.19
  22,      4.509,     115638,        439,       3.17
  23,      4.950,       2174,        247,       2.40
  24,      5.412,       3755,        219,       2.26
  25,      5.895,      28068,        302,       3.53
  26,      6.399,    1915970,       1434,      47.61
  28,      7.472,        973,        436,       2.89
  29,      8.041,      12016,        460,       3.03
  30,      8.631,      25043,        458,       1.80
  35,     11.908,      17178,        438,       2.39
  37,     13.375,       2349,        498,       1.86
  38,     14.142,       8620,        402,       1.46
  39,     14.932,       1043,        388,       1.51
  40,     15.746,       5406,        381,       1.59
  56,      4.464,       3377,        323,       5.06
  72,      7.893,       1142,        431,       3.60
  82,     10.542,       3685,        423,       1.73
Incoherent scattering peaks:,     2
  26,      6.320,      19244,        761,      35.72
  26,      6.963,      15720,        553,      32.07
