Acquisition date and time: 00-00-   0 (00:00:00)
Live Time:,        0
Real Time:,        0
 
Photopeaks:,    24
  11,      1.041,        787,        100,       2.71
  12,      1.254,       1510,        117,       5.66
  13,      1.487,      48223,        265,      10.46
  14,      1.740,     257393,        534,      41.75
  16,      2.307,      46617,        267,       3.76
  17,      2.622,     200383,        466,      10.75
  19,      3.313,     268748,        548,      18.01
  20,      3.691,     585571,        765,      27.33
  22,      4.509,     120435,        443,       3.54
  23,      4.950,       2429,        248,       4.28
  24,      5.412,       3115,        213,       1.95
  25,      5.895,      28346,        302,       2.54
  26,      6.399,    1960002,       1443,      47.31
  28,      7.472,       1408,        433,       1.97
  29,      8.041,      13072,        446,       2.57
  30,      8.631,      34879,        467,       2.31
  35,     11.908,      16305,        436,       1.95
  37,     13.375,       3016,        494,       2.27
  38,     14.142,      11112,        402,       2.13
  39,     14.932,        720,        388,       1.31
  40,     15.746,       5891,        381,       1.64
  56,      4.464,       4022,        320,       3.73
  72,      7.893,       1008,        428,       3.29
  82,     10.542,       6739,        425,       2.29
Incoherent scattering peaks:,     2
  26,      6.320,      19472,        750,      40.61
  26,      6.963,      15568,        549,      35.16
