Acquisition date and time: 00-00-   0 (00:00:00)
Live Time:,        0
Real Time:,        0
 
Photopeaks:,    24
  11,      1.041,        248,         81,       1.83
  12,      1.254,        808,         95,       2.57
  13,      1.487,      28346,        204,       4.90
  14,      1.740,     139559,        394,      21.26
  16,      2.307,      37572,        226,       2.84
  17,      2.622,      50059,        250,       5.89
  19,      3.313,     145645,        400,      11.11
  20,      3.691,     165636,        425,       5.53
  22,      4.509,      54860,        324,       3.34
  23,      4.950,       1578,        200,       1.40
  24,      5.412,       1934,        188,       1.51
  25,      5.895,      14334,        250,       2.54
  26,      6.399,     865938,       1007,      25.05
  28,      7.472,       2005,        404,       2.19
  29,      8.041,      10700,        429,       1.84
  30,      8.631,      17468,        424,       1.41
  35,     11.908,      14954,        412,       1.29
  37,     13.375,       1913,        464,       1.30
  38,     14.142,       3780,        372,       1.64
  39,     14.932,        632,        367,       1.35
  40,     15.746,       2533,        356,       1.50
  56,      4.464,       1864,        270,       3.95
  72,      7.893,       1038,        401,       3.50
  82,     10.542,       4102,        396,       1.83
Incoherent scattering peaks:,     2
  26,      6.320,      10271,        632,      20.55
  26,      6.963,       9617,        464,      13.69
