Acquisition date and time: 00-00-   0 (00:00:00)
Live Time:,        0
Real Time:,        0
 
Photopeaks:,    24
  11,      1.041,        449,        101,       2.19
  12,      1.254,        843,        117,       4.81
  13,      1.487,      38306,        243,       6.47
  14,      1.740,     195324,        469,      30.86
  16,      2.307,      49564,        266,       3.58
  17,      2.622,      92975,        335,       7.06
  19,      3.313,     259045,        532,      16.70
  20,      3.691,     264753,        541,      10.53
  22,      4.509,      80590,        395,       4.26
  23,      4.950,       1881,        247,       2.60
  24,      5.412,       2275,        233,       1.46
  25,      5.895,      19569,        305,       1.89
  26,      6.399,    1250885,       1233,      30.55
  28,      7.472,       2669,        502,       2.69
  29,      8.041,      23822,        544,       1.99
  30,      8.631,      25427,        528,       1.83
  34,     11.208,       2042,        500,       2.50
  35,     11.908,      14519,        507,       2.43
  37,     13.375,       2964,        571,       1.00
  38,     14.142,       6173,        474,       1.67
  40,     15.746,       3631,        448,       1.63
  56,      4.464,       2087,        335,       5.90
  72,      7.893,       1411,        515,       4.27
  82,     10.542,       6538,        496,       3.37
Incoherent scattering peaks:,     2
  26,      6.320,      15748,        810,      24.60
  26,      6.963,      16040,        576,      16.43
