Acquisition date and time: 00-00-   0 (00:00:00)
Live Time:,        0
Real Time:,        0
 
Photopeaks:,    26
  11,      1.041,        601,         91,       3.17
  12,      1.254,       1484,        109,       3.74
  13,      1.487,      48045,        257,       6.42
  14,      1.740,     289135,        560,      35.19
  16,      2.307,      39805,        245,       2.81
  17,      2.622,     153111,        410,       7.06
  19,      3.313,     189170,        464,      13.90
  20,      3.691,     645203,        790,      19.17
  22,      4.509,     121301,        435,       3.36
  23,      4.950,       2210,        236,       3.23
  24,      5.412,       3574,        199,       1.46
  25,      5.895,      31560,        291,       2.51
  26,      6.399,    2178388,       1496,      31.73
  28,      7.472,       1273,        383,       2.96
  29,      8.041,      12588,        398,       1.63
  30,      8.631,      28652,        415,       1.49
  31,      9.243,        656,        374,       0.81
  34,     11.208,        590,        363,       2.05
  35,     11.908,       8462,        376,       0.94
  37,     13.375,       2680,        431,       1.41
  38,     14.142,       9859,        355,       1.29
  39,     14.932,        940,        337,       1.31
  40,     15.746,       6391,        340,       2.03
  56,      4.464,       4450,        292,       3.40
  72,      7.893,        391,        380,       1.41
  82,     10.542,       4615,        374,       2.07
Incoherent scattering peaks:,     2
  26,      6.320,      24346,        719,      23.44
  26,      6.963,      14203,        516,      39.14
