Acquisition date and time: 00-00-   0 (00:00:00)
Live Time:,        0
Real Time:,        0
 
Photopeaks:,    23
  11,      1.041,        264,         72,       2.70
  12,      1.254,        678,         86,       2.03
  13,      1.487,      20814,        178,       2.52
  14,      1.740,     106338,        345,      13.22
  16,      2.307,      39340,        224,       1.72
  17,      2.622,      18000,        171,       3.65
  19,      3.313,     160215,        411,       9.29
  20,      3.691,      97006,        338,       3.77
  22,      4.509,      38757,        277,       2.20
  23,      4.950,        908,        177,       0.75
  24,      5.412,       1619,        171,       1.52
  25,      5.895,      10598,        224,       1.21
  26,      6.399,     596115,        851,      13.01
  28,      7.472,       1629,        371,       0.86
  29,      8.041,      10934,        389,       1.57
  30,      8.631,      21624,        399,       1.61
  35,     11.908,       6759,        371,       1.67
  37,     13.375,       1747,        416,       1.23
  38,     14.142,       2832,        342,       1.80
  40,     15.746,       2522,        326,       1.57
  56,      4.464,       1470,        240,       2.12
  72,      7.893,        929,        370,       1.77
  82,     10.542,       3822,        363,       2.19
Incoherent scattering peaks:,     2
  26,      6.320,       9114,        569,      10.37
  26,      6.963,       8538,        415,       8.32
