Acquisition date and time: 00-00-   0 (00:00:00)
Live Time:,        0
Real Time:,        0
 
Photopeaks:,    24
  11,      1.041,        163,         92,       1.93
  12,      1.254,       1539,        116,       2.07
  13,      1.487,      46147,        257,       5.97
  14,      1.740,     241589,        516,      30.93
  16,      2.307,      51194,        266,       3.96
  17,      2.622,      52463,        268,       5.81
  19,      3.313,     273731,        544,      17.00
  20,      3.691,     312747,        578,       9.00
  22,      4.509,      92505,        407,       2.35
  23,      4.950,       2338,        241,       2.57
  24,      5.412,       2744,        215,       1.56
  25,      5.895,      24041,        297,       1.72
  26,      6.399,    1498924,       1296,      23.90
  28,      7.472,       2013,        460,       1.98
  29,      8.041,      14029,        476,       2.10
  30,      8.631,      22620,        478,       1.62
  34,     11.208,       1319,        454,       1.59
  35,     11.908,      10853,        459,       1.77
  37,     13.375,       3713,        438,       1.26
  38,     14.142,       7396,        427,       1.84
  40,     15.746,       4921,        405,       1.67
  56,      4.464,       2537,        325,       2.38
  72,      7.893,       1303,        456,       3.31
  82,     10.542,       3794,        448,       2.25
Incoherent scattering peaks:,     2
  26,      6.320,      18666,        756,      19.35
  26,      6.963,      15194,        552,      21.64
