$Informacoes da Fluorescencia de Raios-X:
"Sample    : ACC-535-MS",                                                                 
"Operator  : thiago",                                                                     
"Comment  : ",                                                                            
"Group     : thiago_acra2010ma",                                                          
"Date       : 2010-06-01 10:46:50",                                                       
"",                                                                                       
"Mesurement Condition",                                                                   
"------------------------------------------------------------------------------------",   
"Instrument : 700HS2   Atmosphere : Vac.   Collimator : 10(mm)   Spin : No",              
"------------------------------------------------------------------------------------",   
"Analyte               TG kV   uA      FI Acq.(keV)  Anal.(keV)  Time(sec)     DT(%)",    
"------------------------------------------------------------------------------------",   
"Na                    Rh 50 1000-Auto Al  0 - 20    0.8 - 1.2   Live -  959    8",       
"Channel_info_start",                                                                     
"Channel : Na",                                                                           
"Points : 2048
"Range : 0.000000 - 20.480000",                                                           
"Step : 0.010000",                                                                        
"Channel_info_end",                                                                       
$DATA:
       0    2047
       0       0       0       0       0       0       0       0       0    2048
       0       0       0       0       0       0       0       0       0       0
       0       0       0       0       0       0       0       0       0       0
       0       0       0       0       0       0       0       0       1       5
      56     132     136     130     133     138     152     112     137     124
     135     129     118     143     130     158     124     144     117     139
     131     158     116     140     154     156     152     157     168     141
     207     216     204     256     229     282     243     294     260     275
     228     255     212     199     171     148     162     133     124     141
     123     142     132     140     136     160     141     144     163     155
     130     125     135     154     127     165     125     167     137     150
     134     150     153     158     161     168     135     136     155     128
     129     162     120     124     112     128     132     118     131     128
     142     144     133     140     129     148     129     160     140     140
     143     136     111     147     129     148     125     122     141     138
     128     146     128     147     148     163     173     174     179     199
     162     169     212     207     187     202     182     197     181     179
     175     177     157     137     163     159     157     179     196     210
     238     219     222     247     216     265     217     247     199     225
     194     163     154     164     134     167     143     150     130     134
     157     122     135     162     127     163     138     150     132     139
     130     137     162     151     155     159     120     151     110     128
     130     161     131     143     140     156     123     161     130     148
     194     161     192     262     308     375     414     458     499     549
     574     595     564     571     476     485     418     363     333     310
     245     249     207     181     193     202     178     182     198     225
     216     300     335     448     511     702     826     992    1131    1284
    1380    1588    1525    1690    1576    1559    1356    1159    1016     853
     690     625     481     415     339     301     277     287     266     290
     313     265     307     329     305     328     254     257     230     207
     211     186     196     188     176     168     137     173     128     136
     159     145     129     135     159     152     127     153     128     162
     147     168     183     162     180     210     229     279     294     486
     544     751    1012    1416    1694    2206    2460    3013    3327    3755
    3806    4179    3946    4097    3611    3642    3066    2765    2242    1863
    1464    1243     810     666     526     403     293     279     262     282
     275     336     362     394     481     541     549     659     674     752
     756     892     850     947     970    1046    1006    1167    1076    1092
    1027     959     848     830     763     721     543     502     413     366
     288     281     226     235     182     208     190     199     169     187
     203     198     197     232     225     259     235     280     266     301
     294     280     278     308     296     311     298     288     289     249
     213     233     260     246     230     240     245     260     231     259
     296     276     267     246     235     285     278     265     247     267
     257     287     264     293     278     297     275     268     293     292
     276     306     293     302     281     320     331     335     347     359
     349     362     382     387     364     346     380     368     365     331
     360     366     379     393     382     380     370     421     367     429
     386     390     426     452     410     417     419     410     420     412
     462     482     405     455     434     458     472     451     437     498
     451     451     466     439     481     467     477     475     426     456
     464     431     407     455     466     491     476     483     477     508
     456     526     471     466     518     479     481     502     473     463
     482     485     507     585     483     546     492     611     529     559
     514     522     554     554     596     610     606     661     601     565
     672     628     627     664     662     700     620     708     670     690
     650     648     599     674     639     740     678     703     666     710
     685     734     679     702     660     762     761     719     691     744
     718     739     709     734     723     778     732     785     712     800
     716     805     764     785     768     820     806     851     823     894
     831     852     825     902     799     868     827     850     880     827
     846     902     837     857     870     899     872     966     868     875
     815     940     919     885     919     925     916     946     853     965
     961    1015     958     958    1013    1039     975    1070    1092    1159
    1098    1223    1192    1383    1288    1380    1299    1472    1447    1585
    1430    1515    1403    1515    1390    1462    1344    1389    1293    1320
    1228    1239    1227    1216    1186    1251    1151    1179    1092    1194
    1106    1197    1074    1086    1133    1122    1135    1173    1083    1144
    1145    1189    1183    1187    1150    1230    1186    1194    1188    1235
    1181    1161    1130    1210    1201    1217    1131    1245    1219    1247
    1138    1198    1202    1275    1260    1178    1284    1312    1230    1311
    1312    1282    1242    1284    1289    1344    1274    1326    1280    1412
    1290    1256    1284    1262    1224    1259    1334    1218    1222    1246
    1187    1280    1255    1244    1205    1272    1183    1248    1258    1316
    1286    1322    1212    1237    1168    1287    1266    1300    1261    1281
    1232    1293    1237    1291    1251    1351    1216    1305    1219    1257
    1218    1281    1220    1277    1237    1221    1214    1305    1277    1272
    1241    1313    1187    1185    1254    1259    1220    1261    1279    1293
    1250    1326    1266    1397    1318    1256    1279    1380    1184    1290
    1217    1394    1305    1336    1229    1387    1330    1316    1308    1399
    1382    1443    1381    1492    1389    1506    1519    1606    1508    1589
    1581    1621    1558    1561    1548    1521    1528    1508    1529    1504
    1461    1404    1402    1381    1286    1348    1228    1246    1169    1280
    1152    1228    1096    1128    1182    1150    1084    1137    1202    1191
    1147    1236    1084    1236    1063    1145    1058    1112    1072    1117
    1130    1125    1140    1151    1136    1150    1161    1213    1175    1268
    1187    1228    1283    1364    1389    1463    1566    1543    1476    1621
    1603    1686    1572    1643    1646    1609    1545    1711    1482    1555
    1389    1426    1358    1352    1255    1300    1258    1218    1196    1179
    1155    1232    1099    1128    1109    1188    1051    1110    1101    1174
    1040    1162    1136    1154    1115    1188    1126    1128    1031    1123
    1101    1122    1078    1093    1026    1072     987    1092    1186    1090
    1081    1163    1046    1114     982    1045    1071    1086     972    1039
    1074    1092    1038    1086    1066    1055    1014    1069    1029    1086
     994     978    1010    1086    1015    1067    1029    1072     989    1075
    1064    1076     991    1091    1027    1029    1056    1082    1054    1072
    1025    1077    1078    1112    1095    1091    1135    1115    1077    1081
    1116    1101    1058    1025    1003    1106    1081    1086     994    1084
    1036    1046    1025    1015     998    1097     983    1066     955    1098
    1011    1036    1001    1022    1015    1028     962    1024    1032    1073
    1013     994    1044    1060     954     986     986     969     935     994
     992    1043    1021    1064    1021    1045    1007    1010    1032    1071
    1000    1091     972    1073     992    1000    1007    1077     965     970
     976    1067     976    1067     989    1067     982    1058    1020    1018
    1022    1090     980     987     962    1102    1031    1083     989    1030
    1000    1130     959    1015    1045    1054    1003    1056    1053    1093
    1003    1079    1023    1048    1032    1093    1064    1137    1030    1141
    1046    1045    1014    1098    1055    1085    1028    1015    1071    1084
     962    1098    1089    1098     991    1057    1030    1054    1030    1029
    1069    1007     971    1022    1047    1033    1047    1107    1026    1100
    1037    1044    1034    1081    1003    1034    1045    1117    1087    1081
    1061    1084     993    1204     987    1082    1045    1068    1046    1098
    1028    1076    1117    1099     984    1016    1053    1067    1048    1117
    1061    1050    1017    1085    1005    1121    1076    1011    1068    1052
    1020    1025    1027    1091    1030    1054    1008    1049    1040    1114
    1046    1047    1007    1051    1057    1009     975    1056    1049    1021
     956    1075    1109    1116     946    1043     975    1087     991    1039
    1028    1026    1012    1099    1015    1059    1005    1058     975    1030
     992    1092    1004    1045    1013    1026     979    1029    1026    1075
    1081    1077     992    1095    1039    1075    1030    1047    1011    1051
    1047    1038    1008    1112     925    1119    1051    1061     952    1117
    1006    1113     956    1013     965    1022     978     990     991     955
     916     978     991     984     909     939     972     999     943     984
     966     977     895     986     959     956     971     977     911     994
     913     972     918     952     944     966     933    1005     935     916
     995     991     946     969     944    1031     898     904     995     994
     901     907     920     977     917     936     943     978     924     961
     970     937     901     945     916     971     899     963     918     945
     901     946     948     941     841     837     956     890     867     947
     816     914     898     955     927     857     862     938     934     885
     869     909     901     890     878     938     910     992     844     894
     852     920     845     881     955     915     899     865     832     967
     862     917     890     917     887     878     894     945     883     933
     976     941     865     955     939     879     864     948     909     933
     878     917     941     929     887     950     904     948     871     942
     950     942     878     957     910     925     884     893     866     957
     835     842     844     885     820     842     823     899     844     881
     865     827     808     916     803     893     853     847     854     903
     799     837     875     907     827     872     851     888     846     872
     862     845     811     833     872     933     816     827     913     863
     802     828     830     877     808     838     827     831     800     803
     818     837     840     860     903     883     811     827     872     860
     807     857     827     824     822     846     806     833     817     868
     901     850     795     815     792     810     807     786     811     782
     794     839     890     841     761     818     784     849     802     781
     802     833     804     785     756     834     752     771     746     774
     762     771     791     828     759     784     793     784     752     763
     715     828     747     768     811     757     801     757     756     809
     743     749     792     780     695     795     753     787     726     780
     772     748     773     748     755     756     733     739     753     763
     726     742     736     742     712     787     766     753     710     793
     719     758     768     680     740     741     726     747     693     795
     753     768     761     761     737     774     781     754     654     770
     765     709     690     702     669     735     704     725     700     751
     671     763     760     731     686     751     796     770     732     742
     705     717     689     758     718     746     744     731     752     723
     739     736     743     712     709     714     688     728     695     704
     700     720     683     775     734     772     694     691     706     748
     750     706     680     706     656     691     682     717     709     705
     673     678     639     726     695     683     643     677     674     733
     708     682     708     704     684     711     679     714     645     694
     707     716     651     702     704     737     667     719     748     679
     671     700     670     731     648     702     656     713     686     678
     728     718     659     680     691     652     669     671     650     702
     650     728     657     702     661     701     668     725     640     701
     642     671     654     661     727     693     668     661     689     669
     637     686     674     669     637     656     684     703     639     655
     632     679     646     691     689     666     641     651     655     673
     632     638     673     688     682     642     658     670     687     694
     648     659     685     674     641     620     636     679     669     675
     689     609     725     700     645     654     637     668     643     647
     647     725     629     664     688     668     661     689     662     614
     686     626     651     683     641     711     615     684     649     659
     683     707     620     648     679     675     678     618     697     733
     639     667     624     705     637     663     678     644     661     670
     656     675     674     683     670     665     600     684     656     685
     665     686     675     679     590     703     668     695     633     661
     686     636     618     668     661     659     675     711     687     663
     616     683     646     714     618     682     664     709     646     687
     686     660     638     671     709     701     727     711     681     698
     695     645     755     719     720     719     714     669     716     732
     674     720     672     769     743     730     766     744     744     773
     675     739     711     811     712     778     754     803     721     786
     771     811     806     812     815     787     789     844     822     793
     766     816     913     866     807     852     849     825     864     900
     911     921     880     959     938     976     881     942     968    1034
     981    1020    1023    1122     986     989    1142    1105    1075    1198
    1123    1167    1214    1332    1320    1359    1355    1400    1388    1470
    1452    1550    1548    1698    1635    1843    1735    1938    1924    1953
    2114    2157    2139    2244    2272    2464    2367    2367    2724    2699
    2782    2831    2917    3106    3100    3220    3294    3392    3296    3483
    3563    3699    3556    3744    3882    3971    3936    4069    4119    4228
    3977    4051    4430    4267    4134    4347    4268    4357    4092    4324
    4609    4474    4205    4324    4156    4324    4002    4035    4087    4047
    3824    3829    3870    3915    3546    3632    3573    3535    3170    3220
    3138    3082    2881    2844    2811    2866    2563    2487    2529    2375
    2202    2164    2265    2039    1931    1937    1856    1803    1593    1671
    1641    1565    1479    1445    1390    1361    1311    1207    1266    1223
    1184    1115    1204    1095    1068    1020    1054    1083    1039    1025
    1086    1124    1118    1027    1227    1215    1192    1242    1283    1354
    1335    1417    1556    1656    1614    1714    1769    1860    1840    1987
    1976    1963    2064    2000    2148    2180    2177    2261    2259    2155
    2035    2105    2059    1996    1904    1826    2006    1847    1711    1602
    1547    1492    1259    1359    1270    1224    1074    1061     993    1022
     916     887     818     823     688     712     666     637     594     619
     692     638     573     629     604     623     595  315600
