$Informacoes da Fluorescencia de Raios-X:
"Sample    : ACC-537-MS",                                                                 
"Operator  : luisf",                                                                      
"Comment  : ",                                                                            
"Group     : thiago_acra2010ma",                                                          
"Date       : 2010-06-01 11:29:24",                                                       
"",                                                                                       
"Mesurement Condition",                                                                   
"------------------------------------------------------------------------------------",   
"Instrument : 700HS2   Atmosphere : Vac.   Collimator : 10(mm)   Spin : No",              
"------------------------------------------------------------------------------------",   
"Analyte               TG kV   uA      FI Acq.(keV)  Anal.(keV)  Time(sec)     DT(%)",    
"------------------------------------------------------------------------------------",   
"Na                    Rh 50 1000-Auto Al  0 - 20    0.8 - 1.2   Live -  959    6",       
"Channel_info_start",                                                                     
"Channel : Na",                                                                           
"Points : 2048
"Range : 0.000000 - 20.480000",                                                           
"Step : 0.010000",                                                                        
"Channel_info_end",                                                                       
$DATA:
       0    2047
       0       0       0       0       0       0       0       0       0    2048
       0       0       0       0       0       0       0       0       0       0
       0       0       0       0       0       0       0       0       0       0
       0       0       0       0       0       0       2       1       2       5
      37     106     102      91      88     102      96     108      84      83
      85      94      81      89      93      90      96     106     105      80
      96     109      90     105     111     102     107     128     109     136
     122     138     150     161     182     218     218     220     210     185
     200     178     128     166     152     129     102      98      93     106
      75     103      62      91      91      95      94      98      86     102
     111      91      80     101      76      92      89      91      90      69
      81      88     104     103     124     114     109      80      85      98
      80      99     103      83      93      99      85      93      98      97
     103     112     112     112     112     105     108     126      84     120
     100     100      93      86      89     110     105      90      86     111
      95     121     103     129     127     138     141     156     128     161
     141     161     173     145     149     143     140     131     127     128
     104     120     114     111      89     128     128     149     154     176
     203     209     238     233     233     266     258     252     206     201
     182     166     123     117     119     132     106      98     104     105
      97     111      89      92     114     112     109     131      95     117
     126     135     126      86     102     118     103     116      94      99
      99      91     109      75      88      91     111     113     112     111
      90     155     139     189     189     236     235     299     292     362
     335     301     341     369     334     323     297     269     178     202
     174     155     158     126     124     122     113     151     153     136
     145     182     212     273     273     453     469     638     633     801
     815     923     939     978     898     909     780     732     634     539
     430     409     309     248     222     187     172     199     194     173
     200     201     184     222     217     205     185     162     169     154
     131     135     142     133     101     116      92     105     102      97
     101     119     127     103      95     110      94     130     100     112
     117      90     102     114     122     132     138     152     223     321
     354     537     630     880    1086    1440    1640    1999    2145    2546
    2524    2741    2609    2786    2451    2515    2009    1915    1542    1225
     992     813     572     457     342     271     214     191     192     207
     193     238     265     292     307     390     447     527     529     660
     776     767     824     990     979    1125    1193    1318    1207    1326
    1208    1247    1131    1048     920     878     704     604     483     434
     305     247     212     200     158     173     124     172     136     122
     143     142     155     200     186     212     236     245     257     262
     287     267     278     300     234     254     242     259     219     252
     209     203     188     178     186     162     167     158     154     163
     192     162     171     167     178     168     184     190     165     203
     183     190     202     215     193     209     223     223     201     228
     239     264     273     280     304     343     337     361     352     387
     370     405     366     414     386     408     319     373     306     339
     306     309     303     298     274     270     290     319     261     291
     284     280     317     313     306     271     282     321     290     318
     348     293     280     292     324     314     293     335     316     322
     342     332     328     344     346     353     353     320     330     324
     330     353     302     313     333     318     316     310     352     332
     300     349     307     334     354     313     332     322     316     317
     353     336     322     342     342     375     355     377     359     382
     350     404     381     408     397     427     404     416     448     463
     444     473     438     464     449     478     418     468     448     463
     464     439     477     482     437     497     431     460     475     497
     449     495     472     487     467     494     447     511     490     499
     457     474     497     535     454     538     467     535     503     522
     492     571     517     563     578     577     564     544     579     564
     558     651     595     586     549     603     595     587     604     573
     584     614     553     593     586     617     627     626     592     634
     579     638     580     605     609     672     678     716     603     710
     609     672     679     730     757     824     803     856     843     958
    1049    1122    1293    1241    1241    1436    1444    1610    1565    1772
    1546    1657    1580    1589    1491    1452    1288    1326    1178    1234
    1047    1036     945     942     864     901     785     784     731     776
     784     788     789     786     833     771     776     790     791     786
     728     825     783     808     797     846     792     841     795     767
     871     796     764     802     785     848     809     845     758     897
     794     890     821     872     872     890     930     911     906     914
     900     930     890     922     971     963     957    1018     906     928
     897     990     893     959     877     913     856     921     896     924
     846     885     830     860     832     864     832     868     871     882
     781     841     875     871     875     823     874     835     814     868
     876     852     852     914     850     914     835     866     828     866
     866     904     836     828     828     857     826     900     830     847
     905     828     851     840     821     845     827     846     824     907
     768     831     814     888     850     886     883     882     833     874
     861     896     902     970     866     947     859     912     884     926
     897     962     951     993     966    1013     984    1139    1094    1127
    1140    1159    1105    1158    1132    1183    1112    1057    1087    1059
     995    1048     983     982     926     990     869     916     852     860
     797     818     827     798     804     781     744     793     757     828
     720     838     796     766     718     747     729     791     744     791
     701     801     797     747     802     833     742     798     752     810
     812     839     834     884     881     909     960     919     909    1017
     949    1031     929     953     964    1018     933     971     930     956
     821     938     859     817     787     766     780     791     789     754
     788     793     731     732     766     818     752     762     801     788
     729     807     724     763     695     835     746     773     681     788
     669     694     733     724     724     813     651     762     681     736
     737     771     674     727     714     730     704     734     682     711
     694     742     691     749     732     710     761     680     750     752
     685     700     680     744     707     755     686     740     716     726
     681     752     686     705     741     742     650     781     697     790
     699     717     740     724     703     751     740     727     700     750
     717     773     692     703     688     698     684     718     725     720
     703     707     712     716     682     702     664     703     648     648
     637     749     682     660     723     682     690     708     689     760
     648     702     666     699     675     672     628     720     657     692
     652     755     633     701     682     714     669     713     667     685
     659     718     656     679     670     649     714     744     649     658
     683     714     649     729     613     725     654     713     697     692
     631     686     708     691     646     703     709     727     705     718
     689     734     709     766     728     738     720     733     730     748
     689     713     737     740     731     753     719     723     701     745
     765     725     743     720     682     758     712     701     700     736
     698     766     702     736     688     710     669     729     719     704
     726     709     664     769     687     680     687     735     692     733
     701     682     704     692     679     659     688     731     642     713
     712     723     672     731     691     725     656     690     700     709
     702     733     689     752     682     698     705     685     712     743
     761     714     699     732     656     730     679     694     730     707
     651     685     662     698     710     747     667     677     666     719
     724     717     613     730     731     742     679     687     732     731
     665     715     688     749     632     702     637     768     677     709
     676     697     670     674     683     711     667     664     653     681
     689     704     659     731     678     686     725     715     690     687
     709     735     669     721     761     717     710     658     705     743
     666     751     760     707     675     701     715     680     678     715
     696     698     665     727     700     678     670     653     614     663
     612     660     624     700     621     637     659     701     632     642
     627     647     624     649     628     630     585     675     645     666
     594     642     657     633     628     620     626     670     647     659
     634     647     602     643     651     652     647     623     681     626
     653     731     628     592     628     620     692     636     567     633
     650     669     667     636     690     641     610     668     654     645
     592     624     633     634     619     634     605     617     601     610
     652     604     620     635     593     591     583     623     598     610
     599     653     560     636     596     625     612     595     586     663
     594     668     572     569     667     613     579     606     604     605
     576     601     619     609     597     591     629     597     586     549
     619     638     588     598     624     602     626     592     591     632
     556     629     589     653     646     657     620     629     594     616
     612     642     578     598     592     639     588     623     588     620
     596     593     607     643     552     556     624     616     539     607
     537     603     546     646     573     584     564     573     577     632
     537     628     558     602     562     606     584     570     529     587
     556     609     541     606     570     565     571     567     549     580
     543     537     585     583     494     559     520     561     560     600
     557     577     533     584     549     611     561     551     589     554
     544     560     634     652     521     595     503     576     547     577
     559     576     519     570     526     571     521     573     543     582
     550     586     533     547     527     512     518     572     520     545
     538     585     532     574     593     534     535     532     571     512
     551     484     491     552     527     526     519     567     514     510
     543     526     532     507     533     546     471     478     528     510
     516     502     557     522     535     520     510     522     499     547
     551     495     507     539     551     514     517     489     510     531
     464     522     507     524     510     493     515     490     514     508
     511     502     504     480     504     534     537     527     501     471
     455     473     528     521     515     516     463     511     521     527
     501     495     547     501     464     522     485     511     518     483
     506     495     483     454     452     427     571     497     498     508
     513     507     485     455     517     480     466     491     507     468
     489     540     494     465     453     490     456     482     439     486
     470     517     493     499     484     504     487     482     480     487
     498     486     451     472     496     461     493     471     464     489
     498     449     519     491     468     493     419     449     434     478
     464     492     460     484     492     482     485     490     457     473
     479     477     450     503     492     469     463     492     505     445
     417     468     402     464     444     477     455     463     460     486
     475     455     479     483     487     470     439     482     457     432
     441     427     491     437     419     477     440     471     463     449
     419     500     424     449     453     458     444     460     441     475
     428     460     475     478     428     446     438     466     460     447
     453     449     465     422     426     441     395     469     431     441
     470     444     453     478     452     449     480     463     408     464
     435     434     407     457     465     466     453     494     447     465
     415     440     424     477     454     423     468     451     401     442
     441     468     422     396     440     473     470     448     464     470
     420     455     460     427     452     466     400     458     416     438
     451     460     449     425     440     462     434     408     470     440
     447     452     433     454     449     447     467     457     420     439
     448     454     424     422     449     442     436     433     458     464
     423     453     423     460     428     434     465     475     458     415
     477     458     475     458     444     470     421     422     486     451
     433     469     424     450     461     482     472     487     431     420
     490     477     429     471     515     465     423     456     535     481
     456     483     487     510     456     495     468     499     459     500
     521     464     468     492     450     532     512     496     497     502
     510     493     493     517     493     500     538     507     501     513
     505     574     533     533     560     589     506     571     571     578
     586     516     600     594     550     556     574     577     583     602
     597     623     582     581     620     655     619     629     683     667
     593     645     709     719     654     705     747     758     758     787
     791     858     816     812     823     883     821     916     945     958
     991    1050    1037    1136    1081    1169    1219    1233    1184    1315
    1401    1408    1382    1486    1573    1604    1660    1660    1890    1867
    1889    1963    1908    2033    2058    2087    2281    2194    2251    2371
    2477    2443    2446    2598    2698    2780    2598    2658    2723    2862
    2757    2777    2910    2929    2918    2999    3031    2892    2908    2954
    3254    3064    2838    2923    2968    3094    2754    2781    2928    2830
    2610    2664    2619    2625    2413    2520    2473    2366    2128    2168
    2246    2101    2059    1957    1891    1909    1750    1713    1697    1625
    1505    1437    1567    1466    1336    1299    1238    1221    1061    1108
    1108    1075     939     947     970     927     906     876     847     810
     768     820     780     738     756     704     704     696     721     692
     734     807     757     753     877     884     848     880     945     923
     958    1047    1103    1122    1164    1217    1232    1308    1270    1298
    1379    1401    1412    1446    1457    1524    1376    1455    1463    1423
    1384    1435    1304    1368    1292    1234    1318    1176    1061    1103
     979     965     869     884     830     769     678     657     672     657
     539     567     550     519     480     472     464     444     392     429
     472     409     395     416     385     390     405  213910
