$Informacoes da Fluorescencia de Raios-X:
"Sample    : ACC-589-MS",                                                                 
"Operator  : luisf",                                                                      
"Comment  : ",                                                                            
"Group     : thiago_acra2010ma",                                                          
"Date       : 2010-06-02 04:37:50",                                                       
"",                                                                                       
"Mesurement Condition",                                                                   
"------------------------------------------------------------------------------------",   
"Instrument : 700HS2   Atmosphere : Vac.   Collimator : 10(mm)   Spin : No",              
"------------------------------------------------------------------------------------",   
"Analyte               TG kV   uA      FI Acq.(keV)  Anal.(keV)  Time(sec)     DT(%)",    
"------------------------------------------------------------------------------------",   
"Na                    Rh 50 1000-Auto Al  0 - 20    0.8 - 1.2   Live -  960   12",       
"Channel_info_start",                                                                     
"Channel : Na",                                                                           
"Points : 2048
"Range : 0.000000 - 20.480000",                                                           
"Step : 0.010000",                                                                        
"Channel_info_end",                                                                       
$DATA:
       0    2047
       0       0       0       0       0       0       0       0       0    2048
       0       0       0       0       0       0       0       0       0       0
       0       0       0       0       0       0       0       0       0       0
       0       0       0       0       0       0       2       1       2       7
      69     161     181     183     177     185     169     165     165     187
     173     157     164     175     170     183     158     161     151     175
     175     192     160     201     189     192     170     187     214     198
     206     208     226     256     239     248     207     242     220     226
     243     212     206     225     170     180     155     177     160     179
     169     153     159     179     184     164     207     193     165     191
     164     186     171     193     196     152     175     164     179     167
     155     158     157     176     157     171     184     189     177     200
     157     161     158     180     169     175     179     164     166     209
     208     185     187     226     243     204     193     232     215     220
     232     198     186     200     160     189     152     253     245     278
     310     430     477     629     661     844     868     959     979    1062
     975     970     897     830     729     623     538     462     389     403
     344     367     356     427     542     809    1035    1385    1723    2195
    2260    2777    2911    3224    3232    3289    2975    2878    2378    2149
    1797    1455    1029     898     709     525     447     410     325     318
     304     300     291     316     273     281     296     313     298     300
     287     253     273     265     246     266     201     231     206     225
     200     180     195     184     194     230     213     239     264     277
     314     372     452     576     720     832     960    1110    1169    1362
    1392    1464    1310    1379    1265    1191     979     887     705     667
     479     435     335     359     290     302     289     318     321     299
     338     406     456     562     639     928     928    1254    1317    1528
    1609    1794    1833    1863    1824    1777    1523    1448    1139    1085
     798     722     553     475     407     381     375     349     329     363
     331     371     418     392     389     377     329     344     287     294
     248     285     209     212     208     228     209     214     218     211
     211     200     175     230     220     225     196     229     195     220
     239     247     271     273     260     361     372     447     504     713
     849    1284    1482    2001    2446    3304    3585    4352    4931    5629
    5640    5984    5876    5997    5415    5405    4580    4125    3269    2837
    2213    1885    1198    1031     791     651     502     471     428     460
     484     572     704     800     971    1214    1352    1631    2096    2708
    3172    4027    4544    5723    6298    7354    7746    8828    8637    9374
    8774    8778    8069    7700    6600    5839    4852    4070    2972    2446
    1846    1444     988     805     598     482     366     374     383     430
     424     470     573     706     743     841     947    1048    1190    1322
    1245    1294    1288    1373    1166    1190    1077    1043     856     796
     669     615     497     460     446     380     370     322     272     317
     314     293     323     297     306     309     302     299     296     334
     338     381     309     345     343     373     382     470     531     529
     609     753     848    1048    1152    1346    1372    1600    1718    1862
    1786    1943    1806    1770    1657    1600    1433    1483    1118    1081
     949     840     725     767     656     658     575     570     503     528
     477     560     501     550     509     510     514     517     496     528
     577     608     572     649     612     617     606     742     687     768
     713     743     738     842     780     855     729     770     746     702
     705     724     644     613     634     609     573     563     513     572
     559     625     543     587     549     556     556     584     522     590
     560     568     559     632     590     599     639     666     591     655
     617     641     629     676     700     734     737     797     723     711
     746     784     792     767     771     790     777     753     730     811
     724     805     754     784     685     801     771     760     751     825
     777     833     816     846     757     821     767     815     821     731
     785     841     791     846     877     912     886     957     833     993
     916    1031    1019    1073    1064    1181    1201    1260    1169    1270
    1214    1310    1118    1230    1106    1214    1150    1120    1069    1086
    1079    1091     995    1090     986    1034    1000    1009    1038    1071
    1025    1100    1028    1044    1090    1103    1230    1215    1218    1341
    1386    1595    1726    2150    2374    3046    3711    4494    5354    6707
    7691    9183   10941   12783   13436   15742   16521   18141   18073   20761
   18660   19463   17915   17772   16316   15263   13102   12249   10489    9101
    7412    6405    5206    4459    3485    3229    2460    2176    1871    1736
    1567    1463    1401    1349    1387    1388    1263    1265    1268    1401
    1304    1353    1295    1379    1286    1312    1291    1375    1344    1329
    1442    1438    1390    1435    1393    1461    1385    1590    1516    1679
    1647    1757    1850    1982    1986    2355    2434    2705    2645    3011
    3147    3459    3319    3629    3702    3752    3518    3711    3406    3486
    3291    3221    2993    2819    2429    2370    2140    2067    1881    1805
    1697    1687    1511    1578    1456    1466    1457    1355    1532    1488
    1342    1459    1348    1482    1375    1381    1490    1483    1391    1425
    1458    1483    1500    1509    1507    1595    1459    1511    1440    1527
    1397    1598    1509    1491    1405    1461    1428    1474    1418    1344
    1393    1486    1364    1475    1332    1409    1331    1402    1461    1457
    1415    1380    1328    1463    1339    1403    1390    1453    1395    1516
    1484    1417    1376    1515    1401    1515    1447    1469    1550    1565
    1506    1565    1572    1622    1632    1572    1597    1752    1710    1720
    1819    1860    1729    1865    1827    1871    1768    1768    1695    1685
    1628    1649    1576    1553    1501    1597    1414    1475    1315    1410
    1323    1319    1292    1315    1359    1346    1237    1337    1249    1312
    1258    1311    1219    1337    1215    1328    1255    1322    1298    1307
    1260    1317    1226    1298    1305    1310    1275    1484    1360    1478
    1419    1537    1554    1749    1677    1693    1789    1918    1984    2107
    2017    2161    2016    2133    2091    2093    1931    1981    1903    1878
    1763    1744    1719    1614    1552    1509    1414    1390    1259    1420
    1319    1326    1227    1267    1297    1382    1263    1354    1229    1320
    1245    1284    1254    1267    1221    1230    1324    1303    1190    1251
    1210    1276    1133    1316    1209    1295    1178    1199    1159    1260
    1152    1293    1177    1231    1126    1241    1129    1229    1109    1222
    1183    1317    1192    1190    1231    1238    1186    1206    1218    1200
    1155    1240    1218    1208    1215    1186    1242    1223    1208    1181
    1153    1311    1122    1258    1251    1249    1188    1259    1247    1265
    1258    1276    1296    1292    1257    1275    1292    1307    1244    1293
    1316    1341    1162    1267    1218    1260    1162    1240    1258    1255
    1153    1182    1197    1215    1174    1254    1192    1144    1193    1247
    1178    1224    1101    1176    1189    1231    1077    1240    1135    1209
    1148    1177    1169    1226    1109    1204    1194    1232    1157    1205
    1190    1250    1096    1149    1128    1177    1188    1206    1119    1229
    1148    1163    1116    1202    1084    1145    1239    1185    1108    1164
    1102    1199    1183    1168    1181    1162    1116    1226    1111    1217
    1181    1216    1165    1264    1158    1168    1225    1255    1190    1280
    1174    1317    1209    1228    1202    1249    1263    1309    1362    1330
    1229    1336    1278    1283    1246    1310    1232    1306    1231    1354
    1279    1299    1141    1282    1207    1277    1225    1248    1284    1227
    1168    1254    1234    1226    1097    1168    1224    1271    1202    1231
    1205    1247    1139    1213    1219    1228    1253    1264    1177    1190
    1157    1304    1175    1243    1141    1281    1205    1277    1190    1244
    1195    1283    1217    1279    1191    1248    1158    1180    1231    1204
    1149    1217    1192    1183    1198    1204    1183    1260    1200    1176
    1286    1210    1165    1157    1159    1234    1148    1270    1183    1241
    1189    1237    1178    1232    1091    1284    1100    1209    1155    1190
    1185    1200    1146    1126    1223    1172    1127    1175    1161    1160
    1160    1266    1165    1222    1159    1194    1191    1169    1125    1153
    1173    1147    1157    1209    1183    1221    1096    1153    1168    1194
    1197    1215    1143    1142    1189    1233    1192    1216    1179    1226
    1229    1283    1256    1260    1248    1352    1249    1288    1256    1341
    1326    1261    1287    1364    1197    1258    1280    1286    1233    1272
    1238    1287    1131    1151    1139    1166    1079    1181    1181    1181
    1087    1190    1142    1150    1124    1133    1199    1185    1064    1124
    1102    1184    1091    1080    1097    1132    1028    1080    1093    1084
    1060    1100    1077    1104    1067    1119    1044    1166    1069    1081
    1060    1094    1108    1051    1104    1114    1101    1090    1069    1126
    1076    1108    1127    1205    1063    1081    1137    1115    1077    1106
    1134    1106    1189    1131    1167    1161    1085    1108    1114    1135
    1110    1051    1112    1126    1055    1067    1052    1053    1088    1118
    1040    1059    1040    1066    1061    1028    1017    1008     948    1050
    1033    1037    1071    1046     955    1073     985    1080    1013    1000
    1113    1031     981    1055    1044    1003    1014    1011    1057    1001
     943    1021    1014    1049    1028    1119    1064    1033     980    1046
    1034    1094    1022    1055    1047    1109    1040    1067    1037    1117
    1076    1041    1045    1103    1033    1060    1053    1080    1006    1075
    1086    1053    1052    1027    1000    1085    1024    1061    1036    1028
     948     999    1081    1017     947     992     973     998     940    1032
     911    1033     927     967     954    1030     970    1008    1002    1035
     991    1047     963    1033     968    1003     952     936     973     926
     983    1042     920    1045     937     992     908     955     957     953
     938     982     947    1008     879     950    1016    1027     977     904
     962    1038     964    1037     989     999    1027    1037    1061    1080
     988    1046     967    1047     986     983     968    1008    1046    1002
     998    1014     984    1027     975     962     966     985     952     946
     936     895     989     947     878     940     957     871     822     933
     956     965     883     954     955     912     896     888     868     937
     931     901     934     949     849     923     931     931     818     896
     893     905     862     878     936     908     868     812     881     920
     852     888     890     927     882     914     852     923     805     905
     878     946     869     881     888     939     877     845     939     900
     860     918     839     868     830     862     853     926     842     849
     855     870     804     857     863     878     848     877     852     878
     825     825     842     864     789     832     829     820     822     870
     849     856     787     862     875     819     793     806     825     845
     840     825     851     858     801     779     908     881     754     851
     793     820     824     796     832     841     829     802     793     901
     797     809     789     868     800     833     840     831     780     863
     903     864     789     861     830     872     815     858     871     845
     835     826     828     855     842     882     854     841     790     826
     804     852     799     933     841     812     791     858     830     839
     845     824     841     824     770     804     790     819     826     797
     808     788     733     769     788     815     754     749     804     812
     730     755     784     831     834     775     798     798     741     769
     770     816     770     756     805     855     753     774     804     798
     793     744     807     757     751     744     772     831     721     807
     850     790     751     797     791     773     784     775     690     797
     797     730     760     791     815     809     784     786     784     757
     829     800     740     766     800     832     753     767     779     756
     756     821     772     758     736     770     763     786     752     861
     746     776     709     739     727     784     701     732     801     759
     742     751     725     763     717     731     788     767     754     762
     741     782     723     740     757     801     701     762     735     720
     713     748     771     762     715     788     767     781     756     734
     802     750     782     723     764     781     772     767     806     749
     771     731     693     734     730     749     753     788     708     793
     765     759     727     783     759     765     763     731     785     770
     695     727     816     826     706     769     715     716     720     742
     819     780     744     784     786     796     719     771     750     797
     779     822     787     798     724     740     767     801     715     775
     832     772     741     779     773     815     766     773     750     841
     753     759     862     815     757     850     787     791     838     775
     809     817     802     833     792     834     808     846     820     945
     833     852     884     821     838     865     899     887     870     912
     896     855     780     844     935     934     824     924     952     890
     923     929     975     947     957     976     959     997     944    1004
     964     993     999     997    1014    1066    1036    1062    1071    1128
    1144    1110    1107    1239    1266    1158    1370    1247    1217    1286
    1359    1300    1379    1353    1457    1522    1480    1591    1556    1590
    1675    1710    1830    1819    1793    1896    2003    2027    2091    2107
    2340    2304    2350    2435    2606    2668    2684    2699    3078    3064
    2894    3165    3299    3419    3385    3539    3761    3837    3848    3911
    4218    4152    4196    4217    4497    4469    4597    4719    4702    4823
    4646    4855    5141    5061    4748    4976    4976    5179    4879    5007
    5547    5216    4781    4901    4895    4908    4789    4865    4798    4760
    4406    4516    4505    4473    4159    4360    4064    4114    3805    3816
    3780    3636    3408    3326    3333    3305    2962    3017    2901    2818
    2669    2451    2603    2345    2178    2290    2175    2180    1941    1939
    1852    1888    1725    1548    1611    1575    1410    1451    1421    1349
    1378    1289    1293    1255    1189    1224    1283    1224    1117    1221
    1249    1213    1212    1153    1382    1384    1338    1411    1461    1491
    1528    1591    1664    1832    1742    1882    1929    2053    1984    2199
    2245    2265    2156    2356    2351    2416    2338    2371    2542    2442
    2271    2312    2370    2397    2079    2024    2221    2016    1916    1934
    1757    1696    1526    1550    1508    1398    1279    1175    1196    1106
    1025    1051     938     846     878     790     774     755     725     713
     770     733     681     666     707     686     666  362717
