$Informacoes da Fluorescencia de Raios-X:
"Sample    : ACC-695-MS",                                                                 
"Operator  : thiago",                                                                     
"Comment  : ",                                                                            
"Group     : thiago_acra2010ma",                                                          
"Date       : 2010-06-04 05:07:15",                                                       
"",                                                                                       
"Mesurement Condition",                                                                   
"------------------------------------------------------------------------------------",   
"Instrument : 700HS2   Atmosphere : Vac.   Collimator : 10(mm)   Spin : No",              
"------------------------------------------------------------------------------------",   
"Analyte               TG kV   uA      FI Acq.(keV)  Anal.(keV)  Time(sec)     DT(%)",    
"------------------------------------------------------------------------------------",   
"Na                    Rh 50 1000-Auto Al  0 - 20    0.8 - 1.2   Live -  959    9",       
"Channel_info_start",                                                                     
"Channel : Na",                                                                           
"Points : 2048
"Range : 0.000000 - 20.480000",                                                           
"Step : 0.010000",                                                                        
"Channel_info_end",                                                                       
$DATA:
       0    2047
       0       0       0       0       0       0       0       0       0    2048
       0       0       0       0       0       0       0       0       0       0
       0       0       0       0       0       0       0       0       0       0
       0       0       0       0       0       0       0       0       3       6
      62     121     133     136     150     156     129     140     141     140
     135     156     143     142     134     189     138     168     151     171
     165     196     183     224     199     238     234     246     219     253
     251     246     241     290     249     261     286     284     263     268
     225     264     204     181     181     179     182     172     152     152
     178     212     205     216     229     274     258     269     254     278
     275     260     244     235     185     208     175     225     218     232
     235     280     260     269     293     267     270     240     224     221
     205     187     168     156     175     170     144     173     156     165
     170     187     202     193     195     187     172     207     176     187
     171     184     164     173     152     144     161     158     166     195
     195     247     255     354     333     398     396     506     464     542
     475     494     532     480     448     462     444     397     375     411
     342     341     282     288     293     385     420     462     534     653
     696     885     855     956     874     962     906     853     735     671
     594     518     426     386     357     282     281     262     259     294
     251     276     250     305     279     299     276     293     300     351
     334     332     329     331     319     358     301     361     321     283
     326     327     329     357     392     394     385     480     527     699
     877    1198    1375    2032    2341    3042    3452    4220    4481    5089
    5098    5402    5236    5158    4586    4246    3661    3181    2477    2172
    1629    1381    1080    1012     858     857     761     833     881     986
    1082    1381    1754    2259    2803    3770    4378    5609    6189    7312
    7867    8804    8456    8912    8361    8249    7000    6501    5533    4616
    3535    2919    2076    1719    1244    1181     920     979     889    1003
    1002    1040    1016    1087     949     989     846     817     608     636
     495     447     371     377     249     310     239     255     235     217
     252     240     232     248     246     248     222     287     262     289
     294     290     311     352     356     450     541     753     905    1333
    1755    2439    3253    4442    5511    6922    8075    9968   10788   12278
   12357   13512   13204   13489   11981   12013    9910    9045    7236    6083
    4790    3764    2694    2061    1465    1124     850     681     671     711
     742     945    1057    1306    1390    1691    1884    2144    2277    2674
    2916    3171    3252    3681    3840    4067    4169    4493    4241    4374
    4076    3913    3636    3380    2846    2606    2176    1798    1446    1188
     949     830     594     539     501     469     433     452     381     413
     441     470     440     515     493     514     601     670     640     700
     679     741     636     670     643     628     530     537     458     432
     405     354     313     335     255     323     260     267     259     292
     280     281     256     269     254     257     241     292     279     277
     256     316     303     292     275     281     302     316     281     338
     365     425     396     468     467     507     539     616     603     707
     623     671     686     689     648     641     625     598     534     491
     464     494     474     524     375     436     369     432     368     399
     424     395     384     381     369     423     399     382     384     426
     445     432     414     454     456     502     429     479     491     503
     464     484     497     484     469     510     485     462     496     488
     443     485     435     492     431     452     463     441     439     431
     411     434     409     453     415     449     409     465     410     445
     465     463     418     432     465     483     478     493     533     551
     455     544     501     493     549     566     580     581     568     586
     606     598     586     646     585     670     606     639     623     607
     606     584     634     593     594     600     566     622     647     631
     612     609     598     610     620     696     600     626     621     632
     670     634     685     688     625     693     650     686     694     787
     748     738     730     757     763     891     832     881     907     899
     841     947     887     890     829     850     824     894     781     804
     803     861     796     821     750     825     767     819     853     841
     822     857     827     908     796     867     868     894     851    1001
     943    1075    1062    1289    1296    1599    1659    2154    2410    2877
    3087    3829    4392    4849    5298    5999    6403    6917    6809    7629
    7027    7076    6700    6753    6110    6047    5051    4893    4206    3599
    3100    2800    2317    2063    1763    1657    1406    1365    1066    1186
    1085    1085    1075    1006    1049    1039     918    1059     977    1016
     992    1069    1027    1048    1040    1026    1034    1051    1007    1145
    1053    1058     942    1108    1056    1143    1095    1181    1078    1167
    1153    1251    1256    1279    1277    1432    1523    1542    1538    1692
    1712    1865    1747    1924    1905    1931    1811    1832    1833    1830
    1720    1718    1624    1610    1484    1488    1307    1333    1191    1221
    1191    1219    1143    1130    1114    1131    1106    1096    1128    1106
    1063    1115    1102    1133    1088    1110    1125    1083    1090    1143
    1131    1154    1066    1103    1172    1219    1178    1220    1163    1093
    1122    1150    1140    1127    1062    1164    1069    1111    1085    1139
    1101    1147    1117    1096    1087    1178    1017    1162    1098    1102
    1041    1108    1093    1216    1093    1151    1120    1138    1102    1165
    1114    1253    1114    1191    1079    1249    1112    1154    1203    1264
    1234    1272    1369    1410    1338    1473    1444    1593    1571    1629
    1684    1751    1730    1742    1663    1753    1660    1712    1667    1602
    1592    1494    1477    1448    1288    1296    1231    1193    1143    1119
    1119    1056    1040    1055    1120    1035    1014    1007    1015    1021
     978    1092    1017    1055     983    1019     994    1039    1001     990
    1022    1059    1006    1059    1061    1141    1194    1328    1328    1430
    1445    1611    1729    1935    1980    2198    2344    2520    2592    2721
    2844    2947    2903    2873    3004    2921    2713    2711    2539    2524
    2137    2123    2006    1892    1700    1648    1434    1502    1298    1288
    1149    1157    1045    1107    1134    1079     988    1085    1059    1067
     988    1067    1053    1023     989     999    1138     998     933    1001
     972     982     928     984     973     953     937     918     901     905
     965    1007     902     994     912     896     903     995     905     987
     962     956     890     955     958     910     922     963     899     969
     912     969     948     958     857    1000     905    1000     871     949
     951    1032     996     990     949    1007    1001    1044    1022    1176
    1093    1093    1134    1121    1104    1156    1143    1157    1093    1185
    1166    1079    1036    1092     996    1059    1113    1025    1043     999
     899    1006     927     947     908     970     933     888     912     968
     862     889     902     897     900     915     865     891     912     922
     902     910     944     889     889     908     878     915     879     937
     863     929     930     949     918     918     824     902     901     925
     914     972     921     923     874     934     892     900     880     904
     909     924     867     912     840     886     841     915     902     916
     890     950     903     958     943     931     896     978     929    1085
     937    1022     974    1065    1036    1078    1033    1125    1113    1203
    1141    1167    1183    1206    1136    1208    1208    1205    1107    1172
    1068    1172    1102    1072    1024    1078    1037    1040    1004    1007
     895     993     916     938     867     958     876     948     857     858
     905     976     880     896     942     929     891     929     911     906
     868     961     896     937     883     961     901     949     879     884
     940     930     942     914     905     925     897     931     954     946
     895     948     966     891     875     920     949     999     930     996
     984    1053     889     885     857     933     916     891     946     865
     947     929     926     925     868     904     945     948     951     886
     923     973     926     878     915     910     851     896     927     896
     835    1021     857     923     858     875     891     885     903     868
     909     920     916     963     886     925     945    1025     967    1056
     990    1146    1171    1277    1235    1347    1453    1550    1531    1851
    1862    1983    1962    2255    2264    2290    2302    2479    2518    2493
    2387    2682    2576    2527    2318    2333    2196    2201    2056    2050
    1827    1777    1545    1514    1428    1380    1235    1196    1112    1147
    1090     950     959     990     852     910     903     879     846     917
     867     889     806     845     821     876     832     832     885     889
     804     828     815     863     851     891     864     860     869     804
     831     828     802     892     889     911     822     871     895     941
     908     872     903     929     909     965     963     969     931    1020
     990    1023     960     970     942     951     894     925     882     957
     890     874     828     895     840     892     851     815     803     804
     847     843     829     833     815     876     803     778     866     841
     743     729     763     858     744     852     821     828     793     809
     815     830     732     807     866     807     806     791     833     809
     757     855     848     910     831     884     871     902     910     968
    1001    1047     974    1009     992    1054     995    1118     975    1027
    1098    1072    1015     986     948    1008    1098    1022     917     915
     966     942     910     926     879     897     891     847     878     823
     772     790     801     843     769     774     811     743     751     782
     786     748     714     728     761     767     708     739     679     763
     741     712     734     739     724     693     700     746     681     789
     732     766     709     748     719     714     699     755     724     719
     703     740     708     771     699     721     724     755     754     746
     720     741     688     744     733     747     755     743     744     830
     713     733     729     818     738     725     787     743     717     733
     741     767     726     761     729     740     706     708     708     737
     686     671     720     740     654     673     755     708     674     654
     715     675     653     701     678     732     665     704     693     706
     668     698     642     683     718     728     689     726     681     685
     643     662     674     664     757     705     689     726     732     728
     682     671     749     731     676     703     685     685     686     681
     664     663     650     635     698     676     679     672     641     695
     621     694     692     717     681     664     670     665     712     707
     704     678     672     664     696     643     590     666     667     593
     613     631     645     686     588     621     597     627     641     648
     616     669     660     627     674     609     650     629     647     593
     635     635     571     683     659     601     672     643     614     612
     615     637     592     623     665     643     626     581     604     592
     616     616     611     595     558     637     619     649     585     576
     659     627     622     616     640     646     611     634     613     670
     549     682     651     673     634     614     598     628     596     625
     627     625     626     642     660     596     612     629     667     609
     568     607     591     625     578     647     591     643     612     562
     629     634     580     614     557     637     607     542     604     583
     658     562     590     604     580     624     591     661     643     561
     607     573     583     604     606     631     568     623     587     600
     561     594     588     569     526     590     575     635     578     590
     596     606     593     539     565     610     558     575     601     588
     562     614     558     591     549     626     607     636     613     553
     590     639     537     583     606     573     574     596     592     545
     527     585     624     574     564     594     569     611     614     595
     604     605     535     631     542     560     563     584     606     602
     535     565     573     601     527     574     612     607     586     561
     546     587     553     549     542     594     538     578     593     608
     543     536     597     608     522     567     537     580     563     527
     590     593     560     570     568     590     585     516     655     558
     562     523     527     598     564     578     593     581     552     632
     573     570     586     560     575     594     594     529     570     563
     548     560     583     564     549     580     578     613     532     571
     586     598     537     615     593     596     560     593     609     569
     548     557     591     574     597     578     595     583     581     615
     608     628     558     641     585     610     604     566     619     630
     634     588     658     569     581     620     610     626     643     619
     632     617     593     639     633     664     649     665     624     653
     620     608     679     640     600     619     647     658     685     678
     689     681     658     670     758     702     656     678     708     701
     664     702     703     735     705     688     759     768     712     768
     784     758     768     819     803     874     809     800     862     829
     782     824     864     878     839     880     925     974     927    1023
    1032    1026     998    1020    1081    1214    1144    1145    1179    1213
    1180    1342    1350    1394    1316    1486    1453    1588    1566    1719
    1769    1721    1791    1877    1854    2041    1968    2026    2241    2340
    2262    2341    2531    2564    2551    2701    2820    2879    2786    2911
    3034    3162    3110    3173    3197    3350    3302    3468    3597    3391
    3489    3512    3761    3749    3507    3799    3768    3733    3655    3645
    4023    3783    3599    3701    3671    3697    3458    3511    3630    3567
    3302    3426    3258    3237    3176    3040    3138    2977    2841    2775
    2716    2771    2555    2520    2574    2408    2222    2196    2201    2082
    1979    1860    1958    1790    1723    1631    1601    1555    1453    1417
    1484    1358    1278    1268    1248    1134    1095    1075    1117    1039
     970     993     978     968     974     912     972     972     889     930
     942     979     903     923    1061    1056    1022    1135    1199    1199
    1229    1338    1335    1464    1440    1483    1628    1740    1647    1679
    1706    1848    1787    1885    1968    1895    1885    1971    2001    1889
    1801    1864    1905    1787    1719    1627    1756    1562    1505    1399
    1381    1300    1199    1150    1107    1054     925     921     905     769
     777     741     731     700     607     604     624     591     545     543
     558     518     498     503     541     499     508  274461
