$Informacoes da Fluorescencia de Raios-X:
"Sample    : ACC-618-MS",                                                                 
"Operator  : luisf",                                                                      
"Comment  : ",                                                                            
"Group     : thiago_acra2010ma",                                                          
"Date       : 2010-06-02 21:28:38",                                                       
"",                                                                                       
"Mesurement Condition",                                                                   
"------------------------------------------------------------------------------------",   
"Instrument : 700HS2   Atmosphere : Vac.   Collimator : 10(mm)   Spin : No",              
"------------------------------------------------------------------------------------",   
"Analyte               TG kV   uA      FI Acq.(keV)  Anal.(keV)  Time(sec)     DT(%)",    
"------------------------------------------------------------------------------------",   
"Na                    Rh 50 1000-Auto Al  0 - 20    0.8 - 1.2   Live -  959   10",       
"Channel_info_start",                                                                     
"Channel : Na",                                                                           
"Points : 2048
"Range : 0.000000 - 20.480000",                                                           
"Step : 0.010000",                                                                        
"Channel_info_end",                                                                       
$DATA:
       0    2047
       0       0       0       0       0       0       0       0       0    2048
       0       0       0       0       0       0       0       0       0       0
       0       0       0       0       0       0       0       0       0       0
       0       0       0       0       0       0       0       1       0       6
      76     152     149     165     127     160     160     168     158     168
     141     168     151     170     183     147     165     162     162     148
     152     151     153     173     163     166     166     190     172     224
     224     255     264     331     305     350     336     385     344     298
     305     329     246     242     204     174     189     183     126     152
     159     154     158     166     176     163     145     133     152     145
     144     161     160     140     126     135     137     150     127     166
     150     143     154     142     166     165     162     146     161     152
     140     173     151     151     144     137     126     161     148     150
     160     176     174     189     178     204     204     181     166     190
     161     179     179     153     185     146     184     180     195     213
     239     317     313     410     453     573     589     619     647     686
     609     586     574     527     478     421     360     352     281     287
     244     242     271     307     380     427     586     783     905    1262
    1323    1528    1738    1821    1860    1985    1742    1675    1481    1311
    1042     875     637     555     422     307     271     252     234     212
     223     213     185     223     226     208     171     216     203     221
     197     203     180     184     200     164     165     182     149     163
     144     126     144     153     122     148     163     150     144     148
     164     187     204     246     253     334     326     412     393     493
     424     461     428     456     413     390     329     302     240     247
     201     184     190     187     169     173     168     163     191     182
     186     231     225     294     326     474     439     544     608     803
     830     820     833     929     815     848     668     697     593     554
     443     406     334     318     271     226     217     289     221     234
     225     274     262     279     231     234     209     251     210     234
     204     201     164     199     165     171     155     172     176     158
     162     171     157     150     149     173     173     180     160     152
     187     153     186     174     194     208     217     240     294     426
     451     589     737     953    1183    1481    1602    2035    2248    2494
    2548    2854    2641    2747    2389    2532    2019    1868    1523    1335
    1123     815     632     513     416     359     299     292     278     300
     309     335     388     477     536     646     720     952    1103    1458
    1741    2231    2525    3264    3532    4230    4470    5096    5001    5466
    5013    5066    4709    4338    3786    3354    2779    2380    1753    1466
    1176     842     607     562     371     333     283     293     263     341
     339     336     386     481     465     573     620     698     749     851
     799     911     816     878     838     828     670     663     603     555
     439     456     406     363     345     355     297     320     286     307
     296     305     298     313     290     341     327     312     307     347
     307     375     329     319     330     361     360     385     380     471
     498     550     592     692     733     816     871    1028    1032    1151
    1103    1180    1152    1090    1007    1064     923     921     782     798
     702     638     607     642     523     541     530     532     485     536
     484     484     522     537     461     552     537     498     534     565
     527     544     583     520     590     628     560     639     555     664
     589     619     682     651     705     674     622     598     594     564
     606     613     619     567     580     526     541     578     563     547
     547     628     530     590     549     623     614     612     568     611
     623     584     576     609     609     613     576     614     591     695
     659     709     716     682     648     705     736     749     727     777
     701     776     738     770     792     799     718     860     776     813
     736     801     761     755     765     790     784     780     787     861
     753     825     753     850     825     811     819     847     865     865
     815     813     813     877     872     935     897     918     879     991
     889     988     973    1038    1062    1116    1097    1103    1076    1114
    1177    1158    1059    1138    1117    1176    1012    1153     987    1104
     997    1082    1023    1026    1069    1103     985    1056    1110    1125
    1038    1145    1152    1144    1071    1229    1155    1239    1155    1330
    1378    1421    1472    1795    1897    2249    2451    3137    3676    4441
    4919    5939    6930    8065    8454    9797   10350   11392   11355   12921
   11612   12308   11226   11304   10067    9540    8456    7681    6657    5987
    4757    4332    3655    3283    2650    2471    2061    1815    1701    1577
    1439    1476    1401    1409    1360    1390    1341    1397    1317    1383
    1290    1386    1359    1405    1323    1410    1371    1361    1441    1396
    1371    1400    1371    1398    1455    1456    1465    1437    1447    1595
    1560    1702    1635    1859    1830    1967    2069    2231    2120    2398
    2426    2526    2586    2780    2752    2858    2800    2824    2694    2647
    2439    2466    2341    2306    2019    2032    1848    1916    1687    1695
    1566    1600    1554    1565    1527    1511    1357    1477    1405    1444
    1515    1446    1452    1493    1413    1483    1490    1483    1456    1438
    1438    1560    1415    1441    1399    1430    1419    1445    1477    1531
    1377    1483    1482    1515    1334    1419    1419    1528    1421    1430
    1403    1411    1405    1446    1465    1484    1348    1450    1451    1436
    1408    1516    1449    1521    1379    1475    1434    1452    1396    1522
    1492    1558    1440    1609    1520    1589    1453    1587    1479    1525
    1481    1606    1610    1592    1574    1746    1710    1754    1677    1780
    1766    1877    1734    1959    1817    1796    1736    1855    1709    1797
    1681    1701    1665    1591    1421    1551    1407    1439    1322    1345
    1339    1394    1267    1318    1335    1323    1281    1303    1313    1346
    1281    1317    1360    1330    1311    1306    1252    1303    1324    1275
    1252    1287    1236    1298    1307    1285    1250    1403    1283    1399
    1341    1391    1382    1410    1362    1412    1429    1515    1426    1524
    1501    1600    1474    1532    1614    1494    1423    1514    1519    1522
    1428    1380    1369    1356    1279    1346    1319    1340    1250    1335
    1300    1339    1253    1225    1288    1352    1253    1255    1310    1288
    1268    1289    1293    1280    1169    1322    1266    1319    1226    1289
    1218    1249    1188    1205    1234    1293    1205    1273    1198    1226
    1196    1268    1143    1248    1140    1309    1244    1212    1252    1203
    1224    1276    1166    1216    1194    1239    1160    1221    1194    1216
    1233    1226    1233    1274    1155    1214    1171    1238    1209    1228
    1237    1226    1185    1254    1216    1193    1188    1177    1191    1176
    1156    1192    1290    1169    1115    1233    1256    1252    1202    1200
    1229    1323    1192    1254    1195    1216    1148    1226    1178    1217
    1122    1166    1178    1177    1097    1252    1144    1210    1125    1164
    1148    1168    1129    1174    1164    1189    1189    1163    1233    1205
    1125    1107    1268    1126    1142    1195    1093    1170    1126    1158
    1157    1146    1056    1215    1193    1163    1174    1159    1101    1185
    1060    1213    1158    1147    1145    1161    1145    1235    1084    1231
    1130    1152    1183    1253    1134    1226    1160    1211    1104    1214
    1140    1137    1205    1192    1128    1218    1159    1191    1152    1242
    1129    1232    1140    1212    1169    1210    1104    1174    1157    1247
    1190    1194    1199    1165    1170    1191    1155    1223    1182    1229
    1172    1201    1180    1180    1199    1267    1086    1180    1175    1140
    1064    1252    1202    1157    1084    1221    1213    1243    1102    1191
    1209    1281    1139    1200    1223    1243    1130    1215    1180    1224
    1111    1187    1176    1166    1152    1165    1153    1187    1180    1225
    1180    1198    1150    1283    1098    1155    1120    1235    1219    1168
    1158    1177    1194    1193    1181    1157    1150    1201    1160    1162
    1246    1215    1076    1317    1174    1188    1077    1221    1155    1194
    1086    1148    1140    1174    1108    1239    1166    1201    1161    1114
    1210    1155    1156    1136    1203    1199    1166    1263    1119    1175
    1171    1203    1179    1214    1136    1196    1179    1198    1161    1223
    1158    1193    1185    1166    1201    1165    1108    1195    1095    1183
    1114    1195    1118    1132    1124    1152    1159    1121    1137    1196
    1129    1176    1083    1201    1146    1275    1098    1172    1146    1237
    1136    1108    1119    1202    1111    1182    1151    1146    1100    1143
    1141    1198    1152    1100    1164    1096    1032    1068    1106    1096
    1056    1065    1033    1128    1031    1103    1128    1098    1076    1066
    1070    1079    1005    1096    1120    1087    1054    1077    1064    1081
     938    1122    1024    1065    1041    1060     986    1090     973    1067
    1136    1086    1071    1087    1038    1109    1040    1042    1047    1055
     998    1063    1084    1093    1090    1125    1033    1111    1004    1079
    1036    1067    1099    1053    1083    1066    1014    1071    1048    1051
     971    1042    1066    1082     959    1071    1032    1058     935    1111
    1085    1056     954    1043    1017    1028    1056    1031    1058    1080
     960    1049    1033    1071    1032    1072    1017    1056    1005     984
     995    1014     949     930    1031    1025     995     995    1023    1048
     980     960    1083    1061     950    1030    1040    1001     977    1049
     988    1014     970     981    1009    1058     980     996    1017    1041
     976    1083    1013    1090    1016     999    1079    1070     954    1029
    1021    1013     974    1041    1014    1046     978     946     946     993
     986     976     969     971     955     989     996     990     957    1011
     942     982     948    1035     984     964    1023     972    1065    1005
     941     951    1000    1060     977     978    1023     982     963     891
     998     994     971     962     934     988     909     973     935    1029
     961     984     970    1009     920     980     935    1046     960     985
     978     968     943     959    1021    1019    1008     966    1036    1018
     966    1033     950    1003     930     967     953    1021     938    1004
     964     981     921     949     916    1017     920    1052     894     956
     902     906     933     957     934     918     904     914     899     865
     905     960     913     903     914     942     860     943     940     909
     895     888     930     905     868     903     932     936     875     934
     867     865     839     929     971     863     858     831     864     885
     875     880     953     883     846     900     863     887     889     833
     849     905     870     891     850     893     894     883     822     831
     845     903     895     778     820     829     853     866     797     871
     917     870     832     824     793     842     824     848     856     895
     839     830     843     862     772     862     791     876     840     819
     823     828     866     808     828     815     797     811     828     893
     828     843     812     827     815     809     849     842     811     826
     797     783     768     793     827     841     764     867     809     790
     816     844     844     906     766     777     792     861     833     760
     845     805     811     786     780     866     715     801     794     789
     828     846     807     826     790     825     819     857     798     838
     890     769     785     755     811     804     765     828     796     807
     786     808     789     815     784     754     742     754     743     729
     816     821     741     735     739     854     784     757     837     869
     791     737     772     775     729     805     790     808     758     762
     715     785     753     741     788     810     798     754     780     743
     758     699     801     758     757     811     729     766     772     756
     770     775     724     803     784     832     780     813     797     722
     731     762     746     792     727     762     787     816     746     785
     762     779     746     772     786     808     711     787     767     760
     760     820     792     756     719     760     754     792     758     771
     747     788     743     756     777     717     738     760     784     758
     728     713     762     780     731     749     795     725     769     759
     776     753     753     773     747     746     773     790     706     773
     739     782     772     775     707     770     742     725     723     703
     766     734     740     756     742     768     697     683     776     744
     773     733     797     718     752     766     799     742     750     767
     782     820     709     772     762     756     728     747     756     767
     784     783     791     755     728     767     740     764     723     785
     793     754     732     821     753     785     748     750     755     768
     739     765     743     796     770     773     823     803     760     797
     827     787     775     810     837     798     784     851     751     862
     764     746     918     790     789     798     799     777     755     830
     878     843     815     835     845     862     826     884     849     906
     798     880     867     865     842     886     877     865     856     927
     908     913     880     920     908     900     880     959     911     961
     869     952     999     948     919     989     944    1047     948     987
     985    1044     968    1097    1051    1068    1095    1080    1060    1133
    1105    1116    1228    1209    1206    1171    1279    1290    1237    1325
    1280    1390    1416    1430    1484    1532    1521    1615    1589    1621
    1713    1746    1776    1872    1831    1971    1936    2088    2184    2193
    2313    2358    2275    2438    2572    2725    2683    2775    3276    3068
    2934    3106    3129    3476    3405    3481    3691    3769    3755    3829
    4055    4142    4052    4293    4333    4470    4357    4519    4450    4695
    4534    4497    4788    4904    4725    4759    4895    4948    4747    4612
    5208    4876    4581    4758    4718    4837    4609    4511    4537    4596
    4290    4433    4320    4280    3955    4168    3940    3978    3644    3787
    3652    3521    3324    3214    3266    3359    2974    2930    2784    2746
    2634    2475    2582    2374    2153    2159    2139    2042    2020    1952
    1851    1819    1684    1683    1663    1537    1495    1447    1442    1397
    1290    1350    1281    1319    1194    1185    1239    1215    1209    1218
    1226    1243    1267    1213    1368    1379    1391    1415    1476    1624
    1584    1612    1698    1788    1802    1878    1982    2212    2039    2217
    2328    2268    2218    2419    2425    2591    2516    2499    2739    2560
    2434    2430    2470    2456    2238    2138    2336    2212    1877    2006
    1845    1802    1611    1483    1515    1504    1273    1273    1179    1146
    1010     935    1066     907     854     791     777     778     737     765
     786     733     636     657     700     721     647  360318
