$Informacoes da Fluorescencia de Raios-X:
"Sample    : ACC-607-MS",                                                                 
"Operator  : luisf",                                                                      
"Comment  : ",                                                                            
"Group     : thiago_acra2010ma",                                                          
"Date       : 2010-06-02 16:17:08",                                                       
"",                                                                                       
"Mesurement Condition",                                                                   
"------------------------------------------------------------------------------------",   
"Instrument : 700HS2   Atmosphere : Vac.   Collimator : 10(mm)   Spin : No",              
"------------------------------------------------------------------------------------",   
"Analyte               TG kV   uA      FI Acq.(keV)  Anal.(keV)  Time(sec)     DT(%)",    
"------------------------------------------------------------------------------------",   
"Na                    Rh 50 1000-Auto Al  0 - 20    0.8 - 1.2   Live -  959    7",       
"Channel_info_start",                                                                     
"Channel : Na",                                                                           
"Points : 2048
"Range : 0.000000 - 20.480000",                                                           
"Step : 0.010000",                                                                        
"Channel_info_end",                                                                       
$DATA:
       0    2047
       0       0       0       0       0       0       0       0       0    2048
       0       0       0       0       0       0       0       0       0       0
       0       0       0       0       0       0       0       0       0       0
       0       0       0       0       0       0       0       1       1       7
      42     115     114     134      98     118     112     107     104     119
     113     119     107     118     119     107     107     128      94     121
     108      91     113     115     101     131     117     108     141     162
     169     208     207     289     254     298     301     307     265     283
     265     263     196     196     140     135     115     128      97     120
      91     101      87     121     104      93     115     114     104     106
     104      96      80     115     107     117     102     106      93     123
     115     106      89     111     114     117      97     109     106     109
     105     106      89     105     115     109      97      90     102      89
     118      94     101     104      99     104      89     115     117     106
     103     116     111     105      95      96     112     111     106     107
     107     115     110     121     112     112      82     115     108     113
     108     120     113     111     124     107      97     121     101     111
      85     109      94      94     109      98      88     103     106     103
     114      98      93     107     102     110      93      92     101      86
      66      82      92     102      93      97      84      69      93     109
      89     119      92      88      87      83      85      88      80      95
      89      92      84      75      92      93      82      97      69      91
      67      68      94      90      81      76      67      83      77      70
      89      82      80      75      78      87      90      83      88      88
      73      91      96      80      87      79      90      69      85      83
      89      99      83      95      80      75      82      63      72      90
      70      78      92     103      58     102      92      78      88      86
      74      98      85      98      99     121     104      85     132     117
     116     128     128     121     121     113     121     116     124     118
     124     116     124     126     116     133     139     124     113     115
      92     106     109      85      92     101     119      90      87     106
      91      84      98     105      88     106      74      90      98     101
      93      87     114      66     101      87      94      68      77      99
      76      90      93      97      96      78      92      99      88     113
      85      83     132     117     106     138      89     104      96     113
      83     108      86     123     111      95     106     108      93      95
      95     109     121      78     102     118     101     104     113     120
     113     119     107     114     147     122     132     140     142     125
     117     166     144     128     136     135     140     131     134     146
     147     145     143     147     150     140     127     150     116     166
     135     141     153     160     161     156     182     148     152     200
     143     175     145     189     179     191     161     195     193     192
     193     168     199     220     192     219     199     216     213     203
     203     211     215     210     196     238     201     229     231     250
     233     267     236     246     203     281     206     235     224     240
     264     244     248     244     272     272     273     275     273     273
     283     276     274     269     295     316     295     340     290     291
     317     347     302     341     319     337     348     327     369     363
     322     393     363     383     374     369     349     404     352     390
     413     385     384     367     360     389     346     379     405     437
     355     422     368     389     343     396     368     402     367     398
     389     412     363     421     417     353     410     410     375     393
     363     445     398     408     384     397     380     433     395     447
     416     438     423     430     397     465     450     496     465     472
     457     497     470     472     510     522     530     563     531     501
     518     565     487     591     542     585     526     555     546     581
     508     622     585     592     540     581     565     547     577     597
     640     581     596     583     594     628     574     611     593     634
     624     629     625     593     597     634     594     662     632     677
     636     664     650     713     707     669     711     705     710     721
     694     724     680     768     695     763     703     743     710     721
     706     698     691     725     729     828     730     787     740     797
     729     808     787     828     725     824     834     818     817     790
     812     848     828     883     848     857     807     874     840     947
     861     911     904     931     907     906     925    1084     942    1076
     976    1051     959    1004     907     994     962     969     930     931
     915     961    1011    1023     908    1066     962    1055     973     941
     972    1002    1002     985    1019    1029     959    1034    1003    1019
     929     988    1082    1048     952    1047    1003    1000     917    1046
    1045    1028     982    1000    1020    1074    1044    1052     996    1062
     996    1082     979    1048    1041    1022    1024    1058    1022    1120
    1094    1087    1023    1101    1133    1113    1081    1102    1086    1079
    1116    1118    1121    1112    1032    1073    1105    1119    1050    1084
    1087    1052    1053    1121    1057    1061     967    1044    1062    1163
    1050    1034    1038    1045    1054    1088    1112    1055    1015    1099
    1097    1038    1106    1124    1081    1197    1083    1101    1009    1065
    1036    1105    1058    1112    1011    1045    1146    1130    1054    1107
    1133    1069    1068    1042    1103    1086    1021    1116    1095    1110
    1053    1083    1042    1107    1072    1123    1037    1109    1053    1129
    1041    1105    1133    1132    1075    1165    1154    1220    1109    1183
    1130    1174    1167    1289    1162    1319    1298    1353    1232    1388
    1358    1420    1417    1372    1350    1396    1293    1316    1258    1347
    1254    1206    1195    1264    1103    1152    1070    1065     962    1065
    1040    1009     908     968    1013     965     939    1036     984    1015
     960    1012     884     978     933     952     967    1027     897     995
     965     954     950     998     938     933     945     996     950     990
     903     992     949     976     970    1067    1023    1101     971    1081
    1075    1103     981    1053    1053    1031    1068    1085    1024    1084
     989     976     969    1065     973     945     971    1011     842     913
     926     952     948     952     894     938     963     977     905     973
     963     898     959     988     960     938     961     960     899     898
     886     967     890    1000     889     939     889     905     897     913
     873     933     896     910     874     909     904     921     858     867
     893     960     898     874     902     917     813     857     906     921
     860     819     918     833     857     851     878     942     849     926
     906     885     846     894     892     926     834     867     856     912
     880     857     872     906     842     887     895     876     938     830
     934     919     864     883     838     881     846     855     890     930
     771     834     892     898     829     885     815     917     866     879
     884     837     821     951     833     909     803     860     845     832
     791     878     848     863     825     873     850     828     855     798
     811     851     833     858     824     886     832     866     876     856
     844     838     828     827     813     822     912     899     853     887
     876     888     778     897     759     868     852     873     800     847
     836     876     879     864     864     873     861     846     853     875
     799     860     868     854     894     860     792     888     861     874
     858     882     827     925     868     887     837     832     829     808
     833     901     868     933     889     917     837     941     847     942
     828     866     873     892     846     938     881     892     850     929
     908     893     816     874     875     856     867     949     881     862
     807     889     901     912     847     879     870     906     935     896
     872     887     881     892     830     897     855     956     849     892
     841     852     903     921     851     878     884     942     848     906
     913     872     788     883     881     907     879     894     886     836
     892     935     916     922     837     915     866     877     864     867
     809     920     833     823     893     926     832     802     865     887
     855     958     830     888     916     846     862     922     832     888
     833     864     832     866     844     863     854     910     858     827
     823     895     856     910     760     899     840     868     792     868
     870     894     874     829     896     899     802     822     833     832
     809     829     839     868     795     858     869     880     788     770
     808     829     735     835     813     826     740     847     855     856
     768     803     810     825     809     826     795     800     771     865
     766     801     771     858     811     782     778     827     817     822
     746     867     771     846     787     795     794     779     765     819
     763     778     748     756     762     774     764     746     782     798
     774     782     774     809     808     806     754     839     773     792
     765     851     711     802     756     765     758     779     756     822
     702     804     746     765     770     760     762     783     691     780
     762     826     796     794     732     772     734     770     805     777
     738     731     752     794     741     766     776     776     724     758
     805     768     755     729     758     753     752     779     714     754
     693     770     699     774     738     763     673     785     762     750
     710     753     751     790     815     774     708     737     736     735
     735     771     726     752     745     720     768     708     749     713
     704     743     697     717     746     722     714     747     726     752
     774     695     772     745     716     735     696     770     731     756
     694     724     648     734     738     767     676     715     720     759
     687     704     739     737     769     765     721     706     661     737
     725     689     669     681     732     674     677     713     734     765
     654     704     745     748     708     683     667     699     661     655
     722     734     660     702     689     712     650     705     661     691
     685     704     719     721     677     712     717     743     668     706
     676     714     660     721     640     792     721     685     694     679
     647     665     686     684     661     658     730     684     669     680
     687     714     628     640     665     659     636     706     703     691
     680     723     613     625     610     726     632     645     647     650
     599     649     632     661     686     624     703     716     627     673
     624     585     740     670     631     639     663     650     631     626
     648     674     625     684     647     629     613     647     638     672
     601     617     646     665     615     659     678     633     625     589
     652     621     567     600     716     626     630     662     589     639
     574     628     635     652     607     593     606     646     624     625
     599     616     593     682     607     645     598     556     626     617
     602     554     591     588     538     579     665     630     592     627
     561     634     605     609     653     599     607     585     587     574
     590     600     598     651     584     635     669     631     581     555
     615     585     579     564     591     594     571     667     578     607
     635     569     612     603     601     588     572     560     578     609
     551     623     593     571     543     605     555     616     588     569
     573     582     567     661     542     578     615     582     536     623
     582     583     537     576     570     592     532     565     556     570
     541     573     567     590     574     594     570     610     599     574
     563     574     519     568     565     566     542     596     545     568
     544     523     593     592     520     599     572     616     575     589
     593     569     577     573     566     596     539     561     534     575
     558     581     521     587     534     521     582     558     559     567
     554     545     588     578     554     596     511     562     533     547
     508     625     599     554     561     548     577     522     514     574
     534     518     593     556     567     604     553     513     570     548
     565     569     584     573     518     560     541     579     514     579
     552     548     495     589     564     554     554     565     581     542
     522     562     537     542     524     530     531     541     582     572
     572     524     553     554     565     556     591     525     611     551
     498     565     540     543     577     565     540     521     520     543
     574     558     544     548     516     568     524     587     599     566
     548     580     578     583     554     503     565     580     534     531
     583     535     554     561     559     591     569     575     562     658
     582     596     593     582     570     553     553     628     571     554
     609     549     582     540     606     611     555     599     632     624
     599     560     644     606     595     603     627     613     632     645
     576     622     611     590     626     661     629     655     589     628
     621     598     688     623     626     615     653     630     663     665
     684     709     636     673     660     699     666     662     684     694
     687     724     710     779     670     709     729     741     711     817
     803     753     755     852     763     818     795     859     813     837
     816     801     922     915     905     893     993     939     924     984
    1030    1053     993    1016    1132    1122    1104    1200    1240    1274
    1212    1301    1360    1394    1339    1432    1540    1561    1639    1699
    1657    1824    1768    2001    1951    1961    2001    2103    2381    2282
    2341    2434    2383    2519    2568    2532    2807    2832    2722    2882
    3012    3190    3148    2983    3225    3264    3180    3323    3447    3530
    3338    3476    3629    3654    3408    3577    3561    3695    3466    3507
    3964    3694    3595    3501    3563    3625    3543    3531    3474    3426
    3111    3225    3229    3227    2936    3083    2980    2980    2778    2769
    2641    2708    2418    2427    2423    2400    2133    2112    2118    2049
    1866    1851    1944    1864    1646    1639    1552    1521    1434    1367
    1370    1282    1179    1216    1154    1127    1052    1034    1058    1007
     979     964     945     837     920     854     971     950     803     903
     930     985     907     950    1055    1019    1042    1170    1154    1209
    1200    1263    1325    1432    1437    1520    1571    1646    1570    1690
    1752    1776    1803    1832    1903    1863    1896    1933    1906    1894
    1777    1794    1747    1705    1599    1524    1688    1503    1381    1388
    1251    1330    1158    1084    1084     994     952     876     801     805
     725     673     660     654     594     551     605     550     530     526
     521     530     538     529     525     566     532  265800
