$Informacoes da Fluorescencia de Raios-X:
"Sample    : ACC-796",                                                                    
"Operator  : luisf",                                                                      
"Comment  : ",                                                                            
"Group     : thiago_acra2010ma",                                                          
"Date       : 2010-06-05 18:21:14",                                                       
"",                                                                                       
"Mesurement Condition",                                                                   
"------------------------------------------------------------------------------------",   
"Instrument : 700HS2   Atmosphere : Vac.   Collimator : 10(mm)   Spin : No",              
"------------------------------------------------------------------------------------",   
"Analyte               TG kV   uA      FI Acq.(keV)  Anal.(keV)  Time(sec)     DT(%)",    
"------------------------------------------------------------------------------------",   
"Na                    Rh 50 1000-Auto Al  0 - 20    0.8 - 1.2   Live -  960   12",       
"Channel_info_start",                                                                     
"Channel : Na",                                                                           
"Points : 2048
"Range : 0.000000 - 20.480000",                                                           
"Step : 0.010000",                                                                        
"Channel_info_end",                                                                       
$DATA:
       0    2047
       0       0       0       0       0       0       0       0       0    2048
       0       0       0       0       0       0       0       0       0       0
       0       0       0       0       0       0       0       0       0       0
       0       0       0       0       0       0       0       1       1       6
      91     178     153     197     179     137     166     189     170     188
     161     188     159     176     176     171     170     194     173     193
     195     183     172     253     211     201     228     239     241     264
     245     283     263     335     320     340     351     381     354     337
     315     295     284     258     213     240     201     201     201     196
     203     247     238     261     309     318     307     347     334     321
     309     284     264     307     289     242     253     248     265     284
     263     308     321     273     319     325     294     283     267     273
     213     245     210     232     191     158     195     200     194     223
     216     233     224     249     245     262     257     276     208     259
     202     210     195     225     210     215     192     204     214     240
     238     308     358     447     451     507     558     622     629     695
     686     690     607     591     458     437     427     391     350     306
     263     319     307     402     499     654     805    1200    1305    1733
    1936    2312    2508    2664    2544    2708    2340    2306    1976    1714
    1369    1187     940     704     561     529     348     374     315     315
     285     302     275     277     280     314     326     332     289     338
     285     301     309     291     273     332     265     304     262     322
     276     293     257     325     302     313     335     370     421     477
     535     700     805     997    1286    1506    1719    2045    2227    2478
    2453    2552    2445    2416    2284    2053    1780    1581    1277    1178
     861     813     685     666     619     642     655     663     754     871
    1101    1472    1861    2513    3323    4622    5130    6717    7321    8874
    9345   10206    9866   10599    9562    9490    8066    7542    6029    5238
    3976    3273    2267    1877    1373    1368    1081    1051    1068    1098
    1105    1186    1176    1160    1137    1032     900     838     718     599
     539     377     351     315     269     262     196     211     214     207
     174     197     199     202     208     199     195     209     196     231
     237     199     202     253     254     294     304     370     436     567
     668     978    1220    1614    1868    2473    2753    3360    3664    4228
    4020    4423    4331    4483    3951    4027    3365    3064    2354    2115
    1567    1294     932     760     573     513     448     419     362     377
     433     497     527     655     762     955    1181    1456    1714    2258
    2754    3477    3924    4749    5327    6312    6637    7321    7265    7688
    7322    7274    6657    6281    5296    4714    4005    3322    2495    1936
    1490    1178     812     734     472     427     396     334     325     422
     431     496     569     627     712     745     928     943    1048    1100
    1149    1198    1115    1123    1064    1036     937     926     729     720
     614     543     398     433     399     366     351     350     302     337
     325     324     355     334     315     316     286     369     330     377
     320     346     321     336     321     417     406     450     485     557
     625     744     721     850     942    1085    1081    1235    1252    1356
    1366    1424    1292    1389    1173    1178    1106    1047     933     903
     831     755     645     697     597     595     603     538     598     599
     592     590     551     598     562     546     574     612     589     589
     585     639     568     668     659     657     688     801     728     751
     726     728     705     773     763     789     722     751     719     657
     671     693     620     636     569     551     603     609     621     594
     547     642     597     650     564     610     641     635     566     636
     580     661     623     706     675     672     672     691     665     693
     654     787     676     721     728     771     739     804     741     836
     808     882     789     878     851     902     812     855     823     915
     852     855     851     831     750     862     884     868     891     921
     813     867     835     870     872     861     871     923     923     909
     845     916     933     964     901     945     949    1035    1010     997
    1067    1082    1087    1141    1104    1246    1165    1256    1205    1219
    1234    1303    1143    1275    1165    1213    1170    1205    1069    1098
    1167    1141    1026    1099    1170    1158    1129    1122    1189    1200
    1190    1171    1196    1241    1211    1304    1218    1349    1358    1493
    1663    1824    1950    2455    2902    3659    4259    5299    6409    7898
    9098   11099   12853   14871   15901   17931   19202   20960   20886   23740
   21424   22087   20045   20090   18183   17155   14505   13507   11251   10029
    8005    7019    5550    4669    3727    3344    2562    2395    1876    1901
    1585    1660    1415    1451    1460    1531    1420    1432    1425    1480
    1405    1484    1434    1509    1403    1555    1497    1589    1423    1404
    1503    1581    1546    1603    1554    1587    1597    1720    1669    1756
    1776    1968    2068    2261    2367    2599    2828    3039    3150    3544
    3590    3818    3941    4155    4204    4316    3905    4028    3879    4006
    3370    3554    3242    3057    2625    2525    2346    2207    1978    2033
    1699    1828    1612    1676    1560    1693    1497    1538    1493    1581
    1499    1475    1461    1603    1500    1460    1578    1581    1413    1515
    1507    1613    1507    1576    1494    1597    1598    1560    1446    1601
    1536    1547    1566    1509    1511    1539    1487    1615    1537    1518
    1494    1516    1452    1536    1565    1591    1460    1501    1588    1509
    1386    1485    1526    1519    1495    1585    1567    1669    1465    1540
    1532    1580    1429    1647    1535    1547    1508    1710    1570    1682
    1582    1753    1706    1801    1713    1804    1917    2013    1828    1967
    2024    2079    1919    2007    1961    2014    1936    1900    1905    1908
    1755    1782    1762    1814    1614    1686    1537    1602    1394    1497
    1449    1464    1404    1448    1357    1458    1378    1398    1455    1367
    1276    1365    1369    1436    1351    1423    1341    1403    1280    1378
    1336    1395    1337    1420    1482    1445    1410    1534    1522    1602
    1551    1748    1773    2006    1844    2044    2223    2260    2116    2414
    2406    2382    2281    2492    2444    2498    2208    2292    2171    2269
    2101    1943    1885    1820    1674    1662    1567    1603    1505    1611
    1457    1416    1424    1386    1381    1412    1302    1404    1345    1355
    1272    1315    1353    1395    1313    1350    1387    1342    1236    1415
    1329    1358    1242    1284    1264    1282    1297    1309    1211    1329
    1263    1351    1233    1282    1295    1339    1235    1308    1293    1267
    1279    1297    1190    1250    1226    1292    1276    1357    1328    1312
    1165    1274    1241    1276    1274    1279    1204    1339    1160    1239
    1284    1289    1317    1332    1311    1268    1260    1375    1372    1371
    1296    1354    1391    1433    1401    1420    1421    1429    1313    1384
    1374    1389    1286    1371    1327    1325    1260    1250    1349    1351
    1220    1272    1217    1313    1208    1277    1141    1204    1213    1256
    1310    1238    1167    1254    1239    1318    1203    1192    1191    1264
    1199    1161    1272    1243    1241    1244    1211    1273    1181    1184
    1286    1234    1169    1221    1199    1219    1212    1222    1267    1296
    1129    1237    1267    1271    1213    1217    1196    1261    1226    1223
    1259    1248    1137    1305    1231    1291    1182    1231    1180    1218
    1214    1256    1218    1296    1263    1264    1254    1237    1191    1334
    1258    1360    1284    1338    1325    1330    1306    1447    1283    1354
    1289    1426    1421    1415    1404    1439    1403    1416    1329    1438
    1271    1397    1275    1358    1293    1385    1262    1248    1295    1294
    1262    1332    1284    1266    1295    1298    1205    1307    1176    1211
    1313    1218    1200    1216    1328    1254    1274    1219    1276    1307
    1187    1234    1239    1319    1143    1228    1315    1250    1208    1259
    1288    1329    1280    1319    1193    1256    1228    1293    1258    1288
    1195    1242    1294    1290    1246    1286    1298    1279    1226    1300
    1336    1299    1190    1274    1222    1299    1226    1265    1224    1297
    1189    1342    1302    1324    1322    1303    1279    1265    1147    1251
    1199    1253    1259    1219    1173    1249    1180    1293    1210    1314
    1227    1342    1189    1256    1258    1267    1233    1249    1185    1252
    1230    1275    1188    1226    1238    1205    1202    1275    1207    1269
    1201    1295    1258    1351    1262    1318    1321    1350    1271    1379
    1313    1352    1276    1461    1427    1482    1409    1485    1497    1515
    1371    1467    1495    1404    1401    1441    1365    1357    1319    1328
    1271    1365    1271    1299    1286    1260    1224    1187    1227    1247
    1106    1181    1166    1268    1100    1199    1186    1192    1128    1195
    1163    1176    1106    1091    1093    1167    1102    1161    1087    1197
    1058    1151    1069    1169    1055    1174    1078    1181    1117    1146
    1119    1180    1058    1116    1172    1145    1071    1146    1218    1218
    1117    1237    1174    1213    1159    1216    1201    1187    1212    1173
    1245    1245    1184    1232    1166    1200    1159    1197    1137    1238
    1154    1078    1163    1213    1178    1175    1137    1105    1139    1104
    1142    1067    1048    1138    1047    1124    1005    1071    1078    1134
    1059    1046    1094    1153    1091    1116    1052    1114    1048    1071
    1052    1065    1039    1043    1058    1122    1010    1023    1065    1079
    1018    1093    1114    1115    1033    1195    1015    1130    1009    1140
    1112    1210    1073    1112    1093    1075    1099    1119    1109    1136
    1063    1107    1085    1091    1126    1120    1160    1109    1099    1068
    1068    1146     986    1066    1073    1084    1031    1050    1015    1054
     954    1040    1021    1114     980    1030    1090    1064    1004    1056
    1031    1067    1002    1014    1064     974     985     965    1066    1047
    1004     942    1015    1035     973    1010    1052    1024     961    1047
    1004    1048    1004     928    1054    1014     958    1017    1043    1066
    1021    1039     986    1055     970    1049    1007    1017     970    1017
    1113    1078     959    1010    1059    1005    1030    1047    1069    1044
    1005    1028    1044    1078    1009    1019    1033    1071     997    1020
     969    1026     976    1016     957    1062    1030    1038     940    1021
     954     993    1037     972     904     939    1006    1013     933     972
     992     941     891     964     941     999     972    1002     961     988
     954     916     942     974     902     944     931     979     915     954
     948     997     921     954     967     971     912     928     908     955
     994     923    1009    1016     908     932     937     941     927     921
     959     980     888     950     937     938     916     877     918     979
     924     876     911     914     855     867     876     881     886     946
     869     930     895     872     888     922     830     882     839     908
     819     884     880     892     815     841     868     911     860     867
     924     815     864     864     899     877     929     827     888     906
     864     858     892     882     816     818     904     846     846     855
     895     827     832     826     883     885     806     794     847     815
     826     921     867     861     786     780     855     841     817     879
     847     900     767     862     883     860     805     858     863     852
     818     897     879     899     770     868     845     846     872     894
     848     879     861     893     891     871     809     855     876     919
     811     836     842     833     856     813     771     863     832     826
     834     863     746     847     808     797     789     769     757     802
     806     817     835     855     821     872     851     812     817     800
     806     824     765     828     831     813     733     750     781     762
     777     826     882     854     787     756     808     807     827     810
     775     802     791     805     857     852     739     841     808     791
     817     772     776     815     763     778     779     802     764     769
     760     776     769     795     864     759     730     820     745     870
     751     759     801     813     732     752     766     832     838     784
     807     837     779     784     728     763     777     749     805     797
     778     770     757     812     746     774     777     846     724     821
     822     857     824     793     813     772     785     775     740     787
     780     813     794     852     784     827     766     787     770     819
     818     798     788     815     761     794     801     721     820     772
     796     805     762     808     729     805     848     762     771     771
     800     822     778     762     775     806     788     765     797     821
     816     832     827     749     785     806     778     793     749     790
     815     870     786     803     837     788     802     777     825     740
     860     845     796     870     789     826     851     835     811     759
     868     818     785     740     852     918     798     811     879     870
     812     785     899     912     833     896     872     864     801     862
     801     854     843     901     866     854     901     878     854     903
     880     941     893     922     881     918     938     973     858     881
     883     979     940     903     979     967     838     902     948     968
     891     974    1002     969     948     978    1095    1045    1008    1021
    1124    1122    1039    1085    1020    1119    1048    1129    1201    1122
    1123    1187    1199    1265    1251    1267    1305    1387    1309    1359
    1423    1455    1340    1477    1568    1619    1556    1604    1725    1716
    1713    1896    1856    1992    1953    2131    2178    2278    2237    2260
    2429    2531    2561    2637    2757    2941    2804    2964    3303    3157
    3250    3271    3486    3620    3483    3737    3853    4056    4035    4201
    4318    4376    4349    4550    4653    4619    4442    4712    4821    4804
    4719    4926    5112    5028    4868    4815    5021    5166    4961    4896
    5422    5074    4773    5020    4850    4950    4763    4756    4993    4785
    4416    4422    4578    4390    4261    4245    4184    4065    3739    3749
    3637    3543    3437    3291    3326    3209    3006    2971    2899    2782
    2605    2614    2680    2514    2300    2249    2157    2093    1999    1932
    1875    1852    1758    1645    1609    1602    1459    1485    1480    1463
    1333    1370    1385    1341    1198    1157    1296    1243    1226    1289
    1247    1314    1283    1344    1444    1461    1450    1462    1547    1702
    1713    1766    1807    1966    1907    1997    2111    2227    2206    2329
    2399    2540    2488    2555    2573    2651    2526    2605    2638    2660
    2499    2562    2463    2518    2354    2267    2352    2269    2048    2026
    1895    1898    1664    1653    1588    1568    1329    1269    1298    1167
    1040     985     949     941     888     865     842     819     774     712
     790     766     675     697     722     740     702  375923
