$Informacoes da Fluorescencia de Raios-X:
"Sample    : ACC-764-MS",                                                                 
"Operator  : thiago",                                                                     
"Comment  : ",                                                                            
"Group     : thiago_acra2010ma",                                                          
"Date       : 2010-06-05 06:48:14",                                                       
"",                                                                                       
"Mesurement Condition",                                                                   
"------------------------------------------------------------------------------------",   
"Instrument : 700HS2   Atmosphere : Vac.   Collimator : 10(mm)   Spin : No",              
"------------------------------------------------------------------------------------",   
"Analyte               TG kV   uA      FI Acq.(keV)  Anal.(keV)  Time(sec)     DT(%)",    
"------------------------------------------------------------------------------------",   
"Na                    Rh 50 1000-Auto Al  0 - 20    0.8 - 1.2   Live -  960    8",       
"Channel_info_start",                                                                     
"Channel : Na",                                                                           
"Points : 2048
"Range : 0.000000 - 20.480000",                                                           
"Step : 0.010000",                                                                        
"Channel_info_end",                                                                       
$DATA:
       0    2047
       0       0       0       0       0       0       0       0       0    2048
       0       0       0       0       0       0       0       0       0       0
       0       0       0       0       0       0       0       0       0       0
       0       0       0       0       0       0       0       2       1       4
      38     110     114     101     115      87     124      87      96      96
      85     107     107     112     100     101      96      98     129     101
     134     137     146     155     170     170     190     183     185     155
     170     202     180     199     167     230     196     212     187     207
     197     168     144     169     132     128     123     112     122      96
      88     125     134     142     135     151     131     159     140     145
     134     131     135     128     108     134     125     117     131     128
     130     142     136     162     133     154     138     143     139     142
     119     104     111     107     106     107      99     104     114     110
     144     135     133     132     127     173     137     150     131     134
     124     133     121     120     123     134     125     141     148     202
     201     288     304     388     440     542     572     639     634     661
     674     669     710     614     551     491     451     409     359     349
     313     340     312     369     436     575     659     949    1175    1532
    1635    1972    2080    2312    2245    2262    2176    2030    1823    1566
    1238    1085     795     669     483     445     308     288     295     267
     239     275     260     290     255     317     267     315     283     308
     275     322     241     295     267     237     255     226     243     249
     221     248     230     227     237     267     282     316     323     451
     513     749     866    1217    1536    2055    2284    2729    2755    3320
    3274    3453    3491    3298    2930    2695    2390    2007    1520    1299
    1066     848     696     615     487     496     464     495     475     503
     542     657     712     882    1029    1421    1514    1923    2202    2739
    2819    3030    2972    3218    2969    2988    2443    2320    1946    1627
    1259    1085     777     667     505     464     430     417     430     442
     447     487     465     457     421     455     424     408     356     318
     267     258     246     230     214     246     173     239     205     222
     208     185     197     228     203     239     209     225     245     234
     235     247     289     333     334     368     466     580     785    1159
    1429    2132    2694    3742    4500    6097    6689    8331    8944   10397
   10680   11410   11167   11367   10091   10119    8246    7782    5971    5014
    3921    3091    2175    1678    1199     870     677     627     558     590
     598     800     934    1171    1228    1610    1771    2224    2516    3066
    3770    4350    4649    5655    6160    6924    7094    8251    8004    8475
    7984    7866    7177    6782    5669    5165    4265    3500    2647    2113
    1517    1211     877     693     490     401     313     313     296     354
     384     391     500     603     649     771     816     884     944    1134
    1058    1173    1143    1140     993     991     875     801     734     650
     540     487     373     321     266     288     248     197     220     182
     216     235     192     194     194     182     208     218     188     228
     201     215     187     232     228     238     269     288     300     376
     424     556     620     729     739     908    1004    1179    1213    1308
    1205    1314    1309    1354    1138    1166    1028     975     798     787
     673     560     487     475     401     389     362     357     341     328
     316     327     336     336     308     282     300     320     299     367
     341     371     377     371     367     416     395     403     447     475
     498     518     483     506     424     519     489     486     399     467
     445     389     393     390     367     372     334     328     334     326
     319     330     314     395     304     346     348     358     311     337
     362     367     382     345     370     370     352     419     372     390
     401     413     399     464     425     434     439     485     489     522
     475     493     497     551     478     496     488     499     489     483
     461     473     498     479     456     462     471     501     478     440
     457     461     437     463     463     500     442     475     493     503
     428     443     456     537     474     543     489     532     553     578
     581     682     618     724     728     754     743     779     825     791
     828     831     753     798     741     805     713     672     666     656
     663     657     605     602     641     607     635     654     617     681
     630     636     656     650     671     722     723     756     810     888
     969    1136    1296    1624    1955    2614    3130    4135    4947    6301
    7141    8870   10444   12189   13005   14867   15826   17488   17281   19652
   17923   18919   16836   16711   15197   14234   12205   11414    9367    8125
    6397    5744    4561    3694    2889    2418    1871    1501    1249    1098
    1007     903     874     730     743     844     793     743     787     756
     790     729     823     845     779     727     757     827     762     783
     793     783     785     836     850     895     903     941     955    1074
    1067    1219    1285    1421    1475    1711    1846    2070    2160    2413
    2536    2763    2727    3109    3045    3119    2894    3052    2923    2812
    2518    2532    2336    2119    1800    1769    1519    1429    1269    1215
    1030    1088     936     932     871     809     803     840     778     851
     774     801     778     790     749     801     797     831     822     850
     782     843     800     841     825     847     824     907     810     811
     820     875     820     878     765     779     790     821     778     823
     782     802     810     824     804     760     793     808     790     823
     764     837     760     783     809     774     815     822     815     775
     755     816     788     896     785     893     868     928     877     946
     935     969    1007    1099    1062    1132    1179    1280    1181    1330
    1373    1446    1311    1410    1364    1481    1309    1290    1320    1329
    1109    1144    1086    1039     990    1045     896     872     856     813
     748     808     771     764     773     760     683     704     743     780
     706     723     718     780     685     784     680     770     715     683
     691     797     710     797     739     791     785     921     869     929
     965    1138    1116    1199    1265    1330    1455    1602    1573    1708
    1769    1800    1716    1731    1755    1692    1584    1634    1559    1523
    1376    1312    1255    1252    1123    1035    1000     929     863     897
     803     814     756     777     755     766     717     724     748     728
     745     773     788     755     746     778     754     713     693     745
     715     732     687     735     693     738     688     694     680     673
     621     730     717     714     645     677     668     692     649     692
     666     717     662     641     699     719     661     628     681     739
     689     716     667     681     662     688     683     686     609     696
     689     689     733     732     720     704     706     769     753     796
     765     809     839     820     769     793     829     822     720     816
     845     846     737     724     724     791     696     761     707     714
     649     685     645     672     667     681     709     688     636     688
     665     659     644     663     708     663     625     640     668     656
     614     654     718     677     599     637     602     653     642     650
     639     668     645     647     694     666     649     644     644     619
     624     687     703     677     607     655     654     700     641     598
     674     627     586     654     673     648     676     700     617     656
     646     713     654     654     669     697     704     656     669     695
     694     731     727     780     779     828     753     797     794     853
     859     883     846     910     870     909     866     850     798     865
     786     803     785     826     762     823     772     692     724     720
     707     692     699     730     647     708     676     719     653     663
     668     718     682     669     676     648     604     659     653     684
     643     711     654     752     594     641     702     656     599     668
     653     638     665     670     609     671     649     690     667     651
     658     636     645     671     708     702     677     705     679     625
     656     695     638     673     683     666     657     649     659     704
     641     626     627     666     682     676     649     628     612     627
     620     667     639     627     694     672     589     624     638     682
     619     641     594     643     627     692     640     692     615     663
     654     650     608     677     700     635     599     681     645     674
     643     671     676     738     693     665     716     761     714     777
     771     913     750     830     816     913     823     845     896     925
     815     846     844     908     813     856     814     833     761     816
     755     780     699     746     720     691     679     631     647     645
     651     640     617     657     609     642     623     670     565     615
     599     598     590     624     631     651     598     596     581     594
     549     579     632     590     601     613     607     563     574     595
     603     626     566     630     594     600     638     670     653     643
     684     611     657     665     679     736     712     677     739     716
     740     747     703     728     716     760     669     632     630     719
     661     650     689     665     609     615     632     633     577     624
     611     623     543     637     586     636     559     571     567     582
     545     567     578     587     546     603     564     579     523     581
     556     566     535     563     565     620     540     587     612     607
     542     562     562     599     597     588     599     645     569     580
     638     613     562     598     624     603     601     642     622     638
     589     616     632     660     602     603     649     625     576     585
     599     648     582     609     598     627     556     612     550     571
     548     527     583     558     546     568     572     540     564     544
     550     528     514     514     543     548     506     493     525     547
     493     520     512     535     504     552     553     577     523     504
     522     579     531     519     513     574     535     494     532     530
     553     521     528     559     516     565     559     568     532     533
     569     557     564     546     598     610     535     568     598     616
     614     577     550     610     527     586     601     586     562     569
     555     576     569     587     527     554     548     509     536     489
     532     487     536     498     488     510     491     535     501     519
     507     465     462     530     521     514     484     500     466     513
     433     451     482     487     498     487     505     525     509     487
     457     493     496     480     519     508     481     476     491     530
     514     519     479     507     495     460     482     507     514     549
     514     467     519     524     489     512     467     504     526     479
     450     507     522     495     457     474     507     509     454     444
     466     452     475     426     533     485     473     468     489     464
     425     507     501     489     464     458     450     496     452     500
     454     463     522     448     471     470     480     486     462     424
     409     444     459     502     476     447     493     455     449     452
     447     465     436     430     425     454     447     443     440     459
     437     475     478     467     440     456     474     472     460     452
     476     448     463     472     464     457     479     482     477     497
     473     512     457     452     419     495     504     445     484     428
     444     482     444     445     467     439     463     444     465     445
     445     442     450     465     453     471     447     441     407     408
     437     419     416     477     408     417     416     444     441     456
     444     410     447     424     367     421     456     454     436     455
     450     466     401     425     459     416     401     421     442     422
     387     397     465     424     399     412     450     447     386     424
     435     418     392     413     434     403     413     428     380     402
     386     439     416     431     443     431     429     424     440     396
     447     418     393     438     417     444     408     407     431     420
     384     411     437     401     418     393     421     442     399     404
     371     443     410     408     397     429     422     428     409     416
     412     451     426     398     389     410     426     420     441     388
     422     435     436     443     415     434     393     410     431     410
     406     448     429     415     377     428     352     427     433     419
     426     419     405     393     442     411     363     435     429     416
     383     408     404     403     388     421     430     415     404     406
     388     431     450     447     417     417     390     426     402     418
     430     399     448     395     391     411     445     421     397     412
     442     405     407     425     428     390     427     445     405     438
     403     433     397     417     433     465     430     432     405     410
     427     419     397     421     452     419     418     443     434     477
     447     395     458     495     419     437     441     484     421     431
     468     455     404     443     422     473     454     454     454     474
     461     438     490     447     478     456     497     519     448     491
     473     496     464     505     516     502     480     507     502     508
     498     521     528     543     484     533     544     529     541     582
     564     580     548     593     581     608     566     583     621     621
     599     604     676     670     676     647     704     718     633     645
     692     732     780     769     853     804     813     876     815     876
     880     971     961    1007     990    1067    1102    1147    1157    1153
    1296    1272    1310    1366    1458    1474    1469    1524    1747    1687
    1719    1775    1879    1834    1866    1932    2133    2124    2059    2168
    2256    2228    2210    2326    2535    2581    2384    2575    2561    2530
    2472    2542    2659    2733    2553    2752    2669    2705    2641    2717
    2819    2667    2581    2639    2617    2600    2509    2494    2566    2533
    2290    2422    2356    2339    2229    2161    2194    2129    1956    1956
    1999    1920    1852    1766    1730    1667    1536    1577    1570    1597
    1349    1289    1274    1280    1219    1140    1107    1047    1013    1015
     994     940     868     920     829     873     749     748     756     739
     696     659     678     715     683     637     690     760     623     633
     705     688     702     685     775     842     826     870     878     894
     974     949    1054    1161    1136    1134    1172    1227    1260    1324
    1243    1373    1227    1387    1415    1418    1383    1392    1402    1368
    1272    1302    1218    1238    1186    1125    1179    1090     993    1035
     954     882     823     775     798     754     661     644     624     582
     535     488     470     485     439     375     408     407     416     385
     394     383     388     343     375     397     366  196634
