$Informacoes da Fluorescencia de Raios-X:
"Sample    : ACC-723-MS",                                                                 
"Operator  : thiago",                                                                     
"Comment  : ",                                                                            
"Group     : thiago_acra2010ma",                                                          
"Date       : 2010-06-04 14:29:21",                                                       
"",                                                                                       
"Mesurement Condition",                                                                   
"------------------------------------------------------------------------------------",   
"Instrument : 700HS2   Atmosphere : Vac.   Collimator : 10(mm)   Spin : No",              
"------------------------------------------------------------------------------------",   
"Analyte               TG kV   uA      FI Acq.(keV)  Anal.(keV)  Time(sec)     DT(%)",    
"------------------------------------------------------------------------------------",   
"Na                    Rh 50 1000-Auto Al  0 - 20    0.8 - 1.2   Live -  959    7",       
"Channel_info_start",                                                                     
"Channel : Na",                                                                           
"Points : 2048
"Range : 0.000000 - 20.480000",                                                           
"Step : 0.010000",                                                                        
"Channel_info_end",                                                                       
$DATA:
       0    2047
       0       0       0       0       0       0       0       0       0    2048
       0       0       0       0       0       0       0       0       0       0
       0       0       0       0       0       0       0       0       0       0
       0       0       0       0       0       0       0       1       2       6
      45     117     113      90     105     108      95     115     101      95
     103      90      98      85     103     104      92     129      97     128
     118     158     138     159     150     174     144     201     171     164
     201     216     204     224     222     248     256     266     220     228
     190     214     166     169     128     157     116     122     116     116
     122      88      90     112      97      90      83     105      97     103
      88      98      95     108      95     128      80     109     110     126
     132     137     142     146     151     131     108     166     126     117
     132     123     121     107     116      88     114     108      89     106
     119     113     103     132     107     122     111     141     100     117
     110     126     111     119      87     109     103     108     116     126
     128     126     130     179     180     265     252     256     267     276
     242     285     253     254     221     234     201     228     199     176
     184     168     143     177     178     238     227     317     378     498
     537     653     632     720     712     769     656     626     530     514
     442     370     267     251     250     220     169     164     174     150
     144     144     169     153     160     175     175     201     189     222
     187     188     156     209     187     180     198     192     159     182
     162     171     195     213     176     206     203     252     263     407
     474     674     832    1139    1458    1808    2065    2478    2732    3146
    3091    3315    3120    3134    2645    2569    2134    1812    1472    1217
     868     740     548     481     410     343     328     304     304     323
     262     258     226     247     266     341     287     383     359     395
     414     486     477     473     419     459     372     414     371     305
     257     232     222     191     157     182     172     166     150     173
     149     133     186     172     182     160     158     182     173     166
     166     161     150     140     146     134     134     146     134     151
     130     128     113     145     138     139     110     146     171     150
     133     159     141     160     158     185     251     291     387     530
     708     964    1306    1739    2125    2628    3136    3722    4138    4773
    4734    5180    5090    5076    4640    4622    3670    3603    2748    2312
    1796    1482    1009     810     519     450     344     288     298     318
     301     403     421     518     572     704     752     890     947    1108
    1190    1431    1484    1622    1862    2097    1974    2243    2214    2311
    2133    2097    1890    1825    1541    1382    1115     961     774     622
     528     381     322     251     217     203     175     180     202     179
     200     201     231     253     273     323     309     353     365     375
     364     392     397     434     422     368     303     350     320     295
     225     229     243     237     192     226     208     198     205     187
     180     191     181     202     201     216     177     200     189     215
     219     210     214     219     199     225     243     238     253     266
     291     308     338     335     325     379     400     485     485     481
     490     554     470     542     510     492     473     452     388     366
     394     374     297     331     313     307     273     306     294     316
     288     335     330     334     345     326     326     346     276     332
     339     322     362     382     343     364     345     398     407     445
     376     417     373     423     398     396     399     406     402     375
     344     377     336     372     348     379     355     368     344     351
     347     375     299     362     317     362     345     362     315     381
     362     392     353     392     361     381     377     429     371     387
     405     439     408     428     446     485     457     439     466     485
     475     536     474     482     561     510     524     481     481     532
     454     452     498     515     433     481     507     513     475     491
     527     492     478     494     540     528     483     570     534     547
     523     543     507     522     508     600     541     622     551     589
     590     631     583     660     646     700     655     671     700     687
     682     724     663     691     728     716     641     681     677     629
     646     679     619     645     655     666     640     666     658     660
     630     639     647     728     660     675     686     676     673     770
     735     863     920     941    1124    1284    1416    1751    1868    2271
    2504    3050    3364    3978    4258    4808    4996    5470    5530    6302
    5581    5969    5331    5334    4972    4812    4137    3825    3233    2965
    2537    2210    1904    1657    1407    1374    1117    1015     958     933
     919     844     797     906     774     833     792     830     871     795
     843     863     790     882     812     905     807     854     814     865
     871     901     819     871     905     914     851     965     893     993
     957    1017    1048    1059    1035    1158    1203    1268    1227    1366
    1385    1527    1465    1458    1480    1478    1471    1443    1488    1548
    1371    1259    1245    1285    1160    1123    1102    1067     989    1054
     905     955     850     948     918     936     910     903     902     909
     922     945     867     904     868     923     913     937     887     900
     917     933     927     966     924     963     851     905     908    1002
     920     999     941     920     890     903     906     906     901     899
     892     894     840     897     893     850     839     914     948     881
     857     958     922     903     910     965     909     986     874     927
     893     959     880     975     849     926     909    1003     973    1029
    1035    1018    1006    1080    1003    1104    1117    1166    1165    1333
    1184    1339    1239    1313    1238    1317    1174    1273    1200    1248
    1096    1110     990    1070     957     994     927     962     908     885
     793     877     798     845     828     862     791     891     821     885
     807     866     761     794     760     798     778     840     755     848
     871     816     756     836     823     845     840     932     839     906
     925     963     986    1068    1034    1106    1102    1194    1209    1209
    1243    1318    1207    1240    1320    1315    1203    1231    1195    1177
    1051    1041    1046    1012     892     891     911     881     795     822
     801     838     808     814     782     841     801     800     836     825
     784     818     813     817     750     774     807     769     734     809
     764     813     722     781     753     804     735     782     742     777
     683     808     759     799     712     744     709     814     725     773
     763     770     735     727     737     767     719     723     767     733
     739     735     736     697     766     756     720     768     686     723
     735     762     708     818     750     756     771     761     744     787
     782     814     797     798     752     749     742     836     726     765
     820     762     698     752     798     762     754     742     792     827
     740     712     766     770     742     727     731     694     712     755
     695     746     693     739     741     714     704     742     728     759
     655     739     753     669     697     723     681     699     689     761
     727     723     686     679     707     697     706     708     733     740
     664     695     754     713     686     695     772     807     692     738
     723     739     688     742     744     753     649     729     738     716
     742     694     686     776     693     746     744     699     692     731
     720     834     663     751     724     790     767     755     715     804
     753     805     829     801     764     845     799     809     720     811
     714     814     755     728     800     797     742     767     759     736
     774     745     699     751     726     732     781     737     672     717
     743     770     689     738     761     756     694     735     695     799
     692     729     672     735     767     777     707     758     678     735
     736     714     694     729     720     732     725     712     744     752
     700     716     696     787     705     812     709     732     719     759
     748     804     738     742     689     734     737     723     758     787
     776     754     716     759     700     773     706     728     722     720
     688     720     696     744     716     735     700     707     756     755
     729     731     705     729     727     761     732     736     721     714
     746     783     679     706     727     766     668     743     706     703
     691     769     716     737     745     742     750     779     784     808
     797     810     763     884     830     873     756     821     871     889
     834     841     890     853     818     777     793     841     766     778
     725     827     730     679     743     770     686     674     729     716
     670     679     672     668     714     678     700     674     668     712
     664     736     665     687     680     720     643     678     711     677
     652     646     698     703     658     726     677     647     674     681
     618     685     658     698     645     661     671     650     669     702
     619     695     755     699     670     707     695     654     663     700
     645     687     667     730     671     687     678     700     672     700
     648     655     697     635     666     677     661     646     644     641
     665     643     647     630     621     649     646     687     590     644
     613     649     651     615     641     638     636     644     611     648
     633     629     657     668     677     646     615     621     668     588
     640     666     583     645     652     627     626     594     597     624
     673     692     692     681     652     653     592     700     601     702
     630     677     616     700     614     638     663     661     602     676
     631     626     640     649     630     598     641     617     637     654
     587     610     602     594     594     618     601     617     609     643
     555     659     598     569     631     576     615     585     625     627
     608     605     617     574     614     572     584     614     586     625
     609     643     566     559     568     550     560     605     583     610
     621     619     601     643     580     639     576     573     583     636
     621     595     583     608     569     599     607     581     593     577
     585     601     567     568     639     614     615     616     599     607
     588     629     609     613     571     586     615     561     621     595
     538     561     548     580     557     587     613     577     541     548
     620     601     517     536     587     590     556     586     573     546
     499     541     579     577     540     551     562     583     516     555
     562     554     532     574     592     569     548     537     542     568
     519     561     554     566     581     534     540     573     538     568
     559     611     561     507     524     587     515     598     520     530
     505     507     554     516     527     485     566     520     518     502
     496     552     520     520     570     537     540     539     522     477
     527     513     520     503     523     542     503     514     503     532
     466     481     495     512     524     508     491     500     532     476
     498     514     503     541     453     475     553     501     479     451
     503     502     466     495     494     452     491     474     467     507
     463     519     472     477     481     495     476     497     462     505
     548     485     480     489     491     513     448     509     525     499
     504     503     509     487     477     491     503     502     468     508
     481     460     478     503     498     513     456     474     483     505
     517     479     497     536     456     510     500     463     483     444
     511     480     480     454     459     482     494     495     507     512
     446     496     479     515     471     530     520     495     456     496
     483     487     462     473     483     541     434     468     478     481
     448     485     492     501     489     476     487     463     486     477
     469     495     463     460     462     494     467     484     472     477
     431     410     463     467     453     467     487     492     405     456
     455     498     451     510     457     458     459     471     470     494
     417     510     503     452     433     473     444     460     467     486
     462     496     456     474     448     464     477     433     492     475
     451     466     446     477     473     456     455     462     424     458
     473     491     450     484     457     492     431     447     441     534
     474     495     480     456     439     441     479     508     455     492
     460     454     405     508     442     475     448     460     481     459
     433     399     456     471     440     464     502     515     452     497
     486     456     420     469     429     512     497     462     499     486
     469     445     477     499     442     490     462     491     460     429
     478     502     441     481     457     495     449     501     481     466
     453     473     490     546     466     464     471     469     525     487
     487     480     466     467     471     476     426     524     472     471
     492     444     531     453     460     517     488     520     464     475
     488     515     478     478     510     503     529     500     525     537
     497     506     531     546     491     535     575     581     558     520
     535     625     517     530     558     605     555     576     538     564
     580     567     627     609     599     571     639     604     598     596
     629     671     598     623     622     695     665     651     725     703
     687     759     735     780     713     782     763     812     763     781
     808     895     879     936     922     938     939    1045    1066    1069
    1087    1167    1133    1233    1120    1267    1253    1293    1334    1342
    1446    1509    1482    1576    1674    1689    1691    1735    1852    1984
    1876    2083    2058    2115    2100    2254    2301    2433    2348    2421
    2564    2596    2528    2645    2878    2766    2754    2898    2848    2976
    2912    2978    2989    3044    2901    3004    2948    3043    3010    2900
    3261    3012    2878    2961    3015    3006    2857    2901    2856    2850
    2717    2715    2694    2598    2434    2570    2429    2352    2225    2318
    2290    2267    2052    2083    2051    1938    1779    1835    1720    1647
    1531    1503    1575    1468    1280    1309    1264    1216    1167    1086
    1115    1052     984     912     963     948     840     785     841     819
     832     768     813     771     712     741     764     755     768     779
     766     787     755     792     920     841     917     939     915    1097
    1009    1066    1107    1194    1273    1277    1301    1356    1373    1435
    1500    1447    1473    1523    1496    1570    1530    1537    1635    1497
    1428    1430    1411    1458    1336    1262    1293    1236    1125    1117
    1016     952     917     877     815     788     752     650     625     665
     575     559     534     544     456     513     457     486     430     408
     444     460     445     442     410     451     396  221603
