$Informacoes da Fluorescencia de Raios-X:
"Sample    : ACC-716-MS",                                                                 
"Operator  : thiago",                                                                     
"Comment  : ",                                                                            
"Group     : thiago_acra2010ma",                                                          
"Date       : 2010-06-04 12:11:29",                                                       
"",                                                                                       
"Mesurement Condition",                                                                   
"------------------------------------------------------------------------------------",   
"Instrument : 700HS2   Atmosphere : Vac.   Collimator : 10(mm)   Spin : No",              
"------------------------------------------------------------------------------------",   
"Analyte               TG kV   uA      FI Acq.(keV)  Anal.(keV)  Time(sec)     DT(%)",    
"------------------------------------------------------------------------------------",   
"Na                    Rh 50 1000-Auto Al  0 - 20    0.8 - 1.2   Live -  959   11",       
"Channel_info_start",                                                                     
"Channel : Na",                                                                           
"Points : 2048
"Range : 0.000000 - 20.480000",                                                           
"Step : 0.010000",                                                                        
"Channel_info_end",                                                                       
$DATA:
       0    2047
       0       0       0       0       0       0       0       0       0    2048
       0       0       0       0       0       0       0       0       0       0
       0       0       0       0       0       0       0       0       0       0
       0       0       0       0       0       0       0       1       2      10
      58     120     121     138     121     105     130     111     130     132
     108     126     115     111     140     146     134     147     116     158
     148     206     181     207     180     234     226     219     210     225
     230     236     224     269     223     276     224     259     262     264
     234     230     211     193     154     153     147     144     164     148
     162     212     165     218     204     222     232     239     245     265
     239     215     206     196     182     184     180     190     161     212
     222     236     240     265     273     261     217     242     241     209
     203     214     181     154     142     171     144     150     167     179
     179     188     218     243     192     206     196     222     193     230
     190     193     152     196     148     167     181     202     252     270
     297     443     544     749     773     962    1041    1218    1201    1285
    1150    1204    1108    1057     850     833     646     556     447     452
     391     426     446     584     786    1120    1445    2008    2554    3300
    3746    4406    4689    5161    4848    5429    4786    4578    3887    3383
    2755    2250    1615    1300     942     736     556     521     424     421
     392     349     386     414     373     450     432     401     414     424
     427     437     365     368     350     381     325     376     311     351
     321     299     315     345     312     376     384     411     502     658
     766     981    1196    1584    2115    2599    2956    3632    3920    4353
    4289    4658    4382    4465    3848    3609    3061    2679    2044    1754
    1323    1118     920     794     755     735     699     706     739     884
     963    1157    1499    1934    2472    3348    3857    4932    5466    6687
    7031    7807    7546    8106    7452    7336    6191    5696    4688    4033
    3057    2524    1746    1482    1114     980     902     903     852     963
     889     934     900     957     884     867     756     691     610     531
     440     371     354     360     265     251     231     248     222     218
     230     241     223     260     260     260     251     229     267     247
     251     281     308     315     338     396     410     570     765    1041
    1349    1954    2488    3425    4083    5276    5971    7475    8340    9418
    9373   10089   10143   10163    9034    8976    7102    6815    5306    4581
    3548    2709    1932    1520    1128     899     712     606     567     650
     691     846     971    1164    1393    1789    2072    2630    3212    4218
    4934    6198    7163    8730    9640   11553   11963   13579   13333   14331
   13538   13491   12368   11513    9518    8797    7294    5936    4458    3565
    2563    2067    1315    1050     717     620     473     459     427     480
     534     641     752     900     965    1136    1319    1498    1555    1880
    1708    2004    1787    1879    1787    1615    1358    1280    1192     941
     768     671     564     508     400     352     295     277     258     265
     246     245     224     251     264     255     219     245     227     229
     228     243     257     249     302     308     365     447     432     586
     706     842    1031    1152    1339    1674    1776    2081    2192    2242
    2264    2358    2323    2291    2084    2006    1814    1676    1390    1312
    1070    1021     817     739     671     593     565     535     502     475
     469     474     425     466     416     455     417     413     467     441
     463     508     481     513     551     608     561     651     702     741
     660     760     733     791     722     808     644     675     635     637
     612     592     499     605     463     456     446     414     449     457
     427     481     403     480     397     448     425     445     461     477
     487     472     424     496     460     491     459     525     518     555
     507     547     501     569     539     605     600     655     597     646
     621     666     580     680     668     673     593     678     603     602
     556     564     571     602     567     555     546     570     545     593
     537     617     592     572     564     616     617     614     658     658
     549     653     631     630     598     691     659     712     687     717
     786     880     919     950     995    1069    1016    1033    1108    1166
    1052    1191    1060    1098     953     999     998     993     922     898
     900     863     821     819     848     814     797     820     854     826
     866     911     786     907     924     947     984    1130    1133    1308
    1559    1909    2406    3122    3834    5237    6257    8540   10703   13576
   15521   19439   23151   26945   28867   33470   35757   39257   39187   44382
   40714   41801   38578   37755   33878   32426   27211   25112   20914   18311
   14234   12105    9291    7682    5822    4803    3463    2871    2068    1791
    1445    1366    1150    1083     983    1041     967     947     924    1003
    1008     974     986    1000     899     953     968    1024     959    1044
     998    1086    1008    1109    1063    1134    1177    1323    1368    1505
    1607    1782    2067    2402    2569    2919    3446    3788    4123    4512
    5003    5550    5524    6157    6325    6354    5854    6059    5845    5648
    4825    4704    4239    4089    3364    3117    2760    2413    1990    1904
    1548    1467    1221    1165    1093    1063    1053     973     974     925
     892    1033     952     947     885     937     986     970     888     920
    1020    1023     954    1017     994    1034     935    1016     972     966
     994     982     997    1020     876    1014     971     939     966     925
     944     968     850     932     939     970     915     899    1050     919
     849     949     951     997     913     972     954    1001     911    1011
     962     952     935    1023     958    1088     921    1023    1065    1066
    1068    1063    1142    1227    1247    1352    1355    1465    1436    1508
    1581    1582    1495    1578    1618    1585    1500    1540    1426    1466
    1345    1314    1289    1224    1103    1114    1061    1065     961     920
     990    1000     899     883     903     919     821     884     874     872
     819     821     923     892     825     834     822     880     807     890
     838     876     839     888     885     919     901     971    1024    1045
    1050    1142    1175    1295    1305    1287    1436    1510    1506    1610
    1581    1705    1647    1633    1744    1634    1560    1569    1473    1482
    1281    1356    1306    1258    1130    1109    1106    1052     968    1027
     881     981     914     920     887    1017     885     881     907     888
     844     899     858     926     843     886     895     844     826     851
     817     881     815     837     827     801     821     815     791     791
     841     887     862     836     789     823     815     857     794     814
     798     798     791     826     785     896     760     833     800     825
     773     760     830     857     791     799     829     834     731     807
     769     843     783     864     792     884     807     824     938     857
     837     833     883     884     838     924     859     877     868     895
     904     901     841     919     904     842     837     830     829     882
     772     783     805     761     696     795     786     795     759     807
     764     793     807     752     778     775     720     781     788     818
     792     727     782     719     739     773     772     758     718     777
     807     800     732     768     760     805     773     754     788     815
     771     751     793     857     748     804     749     782     757     782
     806     736     767     775     798     806     743     760     818     749
     742     790     756     816     800     825     733     838     775     791
     809     823     835     838     808     868     846     857     830     869
     836     912     885     925     841     889     857     872     830     899
     887     937     829     830     816     844     799     840     787     825
     754     783     752     819     753     837     758     791     750     806
     799     777     790     813     799     838     762     805     798     827
     734     786     826     780     739     811     780     831     792     805
     765     835     776     774     782     805     735     773     793     802
     782     793     743     789     815     762     773     795     794     863
     804     791     798     774     774     789     790     743     787     805
     732     732     770     806     686     770     770     744     722     792
     748     777     824     725     765     789     740     755     727     761
     791     725     744     743     736     806     792     728     770     767
     745     774     744     807     784     773     744     795     740     795
     825     799     798     839     824     820     792     876     852     931
     926     998     936    1017    1000    1002    1061    1048    1050    1088
    1039    1066    1128    1072     998    1072    1034    1026     885     997
     859     942     843     836     799     786     760     787     761     776
     753     757     718     731     710     760     732     724     686     690
     715     703     636     787     738     715     647     786     717     707
     659     758     689     724     623     758     654     667     707     711
     769     741     662     731     705     692     727     724     694     762
     734     748     692     706     769     712     712     765     769     821
     761     782     727     750     740     766     716     781     747     807
     736     706     742     747     688     622     670     770     742     713
     695     666     724     690     662     670     660     712     655     720
     652     723     717     667     643     715     745     672     618     669
     692     691     585     653     637     674     658     692     693     667
     687     667     685     735     647     662     660     721     731     691
     693     723     696     694     685     711     701     790     692     777
     635     743     788     729     649     720     716     761     702     674
     709     722     637     705     707     702     686     669     652     677
     630     710     677     659     665     644     693     702     622     658
     645     617     635     598     617     691     592     626     643     639
     610     605     594     626     658     590     637     667     577     651
     640     600     619     653     596     674     581     619     646     627
     641     670     627     638     646     595     636     621     584     596
     651     675     625     703     660     728     647     720     723     704
     727     716     776     669     701     731     692     707     642     693
     685     633     689     676     618     663     606     633     647     623
     572     626     641     665     570     607     606     618     588     618
     579     624     596     595     589     567     561     602     580     617
     579     587     588     589     605     594     567     573     573     546
     611     521     520     595     556     616     565     551     559     596
     575     547     602     572     558     573     578     606     592     551
     523     594     510     575     596     631     530     584     573     581
     523     586     581     607     554     592     571     561     531     580
     594     573     531     569     595     577     525     578     527     526
     526     559     575     549     530     563     503     541     504     532
     546     532     519     576     555     570     528     498     563     529
     485     494     526     532     542     538     543     562     477     523
     505     546     511     502     518     564     523     508     535     564
     481     577     503     528     485     531     545     552     543     571
     634     537     563     605     588     547     585     584     613     625
     558     573     598     620     600     572     594     618     571     552
     602     593     580     584     565     591     521     579     530     551
     526     528     521     520     530     536     538     545     476     499
     539     521     504     470     539     528     520     501     501     502
     535     476     501     553     511     510     462     497     477     498
     495     491     485     519     467     512     493     495     501     494
     487     475     469     525     524     496     491     502     460     509
     488     506     479     478     526     499     485     502     480     506
     505     529     478     499     493     509     460     529     445     508
     489     541     450     498     491     519     490     503     485     511
     492     488     496     509     505     473     502     482     470     472
     490     524     523     496     469     491     454     494     492     510
     490     480     495     522     437     448     539     523     486     472
     442     513     479     455     474     518     454     524     467     513
     446     537     455     477     482     485     467     486     425     456
     476     486     458     512     503     516     470     464     491     491
     496     491     495     546     479     502     478     504     489     448
     472     428     473     464     529     511     457     516     495     540
     481     454     542     525     479     488     481     488     474     465
     546     507     513     475     544     519     456     496     539     509
     486     471     512     513     485     529     493     539     465     472
     543     501     491     537     508     530     476     512     487     542
     523     508     606     492     485     509     515     527     458     486
     502     523     510     545     503     526     493     553     511     515
     571     562     515     561     525     562     551     535     580     509
     555     573     572     564     626     575     549     580     580     645
     588     606     600     647     562     633     637     631     661     631
     644     675     617     666     695     652     654     670     750     723
     701     699     724     775     723     775     832     801     809     850
     833     913     870     914     935     989     909     988     975    1063
    1069    1116    1161    1145    1212    1216    1297    1352    1330    1391
    1440    1470    1484    1597    1590    1717    1684    1753    1957    1901
    1964    2000    1998    2204    2120    2244    2347    2488    2242    2430
    2575    2742    2548    2735    2760    2713    2719    2852    3025    2939
    2954    2887    2964    3111    2992    3019    3104    3181    3045    2892
    3374    3181    2924    3047    3048    3081    2775    2968    2866    2890
    2732    2839    2677    2672    2617    2543    2483    2492    2317    2290
    2350    2306    2095    2084    2047    1945    1808    1774    1738    1764
    1573    1482    1552    1499    1434    1325    1358    1379    1151    1153
    1225    1130    1048    1006    1013     942     915     918     930     863
     857     807     838     821     769     755     743     732     769     769
     862     780     723     803     922     887     880     973    1003    1012
    1030    1057    1212    1249    1213    1320    1363    1437    1445    1521
    1605    1540    1598    1575    1704    1634    1687    1708    1702    1604
    1652    1594    1600    1574    1462    1341    1486    1317    1267    1223
    1159    1106     972    1001     930     858     810     793     818     701
     666     601     625     576     539     520     444     513     452     429
     488     441     440     448     442     460     404  228402
