$Informacoes da Fluorescencia de Raios-X:
"Sample    : ACC-889",                                                                    
"Operator  : luisf",                                                                      
"Comment  : ",                                                                            
"Group     : thiago_acra2010ma",                                                          
"Date       : 2010-06-07 10:45:04",                                                       
"",                                                                                       
"Mesurement Condition",                                                                   
"------------------------------------------------------------------------------------",   
"Instrument : 700HS2   Atmosphere : Vac.   Collimator : 10(mm)   Spin : No",              
"------------------------------------------------------------------------------------",   
"Analyte               TG kV   uA      FI Acq.(keV)  Anal.(keV)  Time(sec)     DT(%)",    
"------------------------------------------------------------------------------------",   
"Na                    Rh 50 1000-Auto Al  0 - 20    0.8 - 1.2   Live -  959   10",       
"Channel_info_start",                                                                     
"Channel : Na",                                                                           
"Points : 2048
"Range : 0.000000 - 20.480000",                                                           
"Step : 0.010000",                                                                        
"Channel_info_end",                                                                       
$DATA:
       0    2047
       0       0       0       0       0       0       0       0       0    2048
       0       0       0       0       0       0       0       0       0       0
       0       0       0       0       0       0       0       0       0       0
       0       0       0       0       0       0       0       0       4       7
      70     149     133     156     116     131     131     145     115     137
     128     148     118     142     129     150     143     160     157     131
     160     161     175     189     162     198     199     218     195     197
     245     235     260     297     253     304     310     290     277     247
     261     258     238     211     178     171     141     153     128     142
     115     139     140     135     119     142     144     121     148     169
     136     139     137     153     124     159     145     161     149     175
     167     187     140     196     183     170     161     173     161     181
     163     180     164     137     129     139     133     153     137     164
     163     147     151     141     156     171     163     198     120     170
     150     159     147     151     141     151     145     170     201     206
     210     271     276     375     389     475     472     586     563     599
     567     554     530     552     462     429     395     351     315     301
     253     300     253     301     389     518     561     795     941    1215
    1342    1641    1584    1815    1804    1947    1625    1634    1390    1188
    1062     844     644     571     438     344     300     275     243     222
     221     210     232     225     229     229     227     254     246     221
     215     243     222     250     208     212     197     222     213     215
     189     226     197     217     204     235     231     234     277     362
     414     574     703     936    1127    1489    1654    1953    2023    2378
    2324    2367    2392    2377    1975    2022    1694    1460    1128     961
     725     638     488     472     399     329     362     316     355     328
     341     374     402     471     468     650     658     827     875    1040
    1127    1332    1207    1235    1250    1222     989     969     789     726
     572     554     396     349     332     337     260     284     262     294
     282     280     302     326     309     267     306     281     264     261
     218     218     208     220     218     221     215     213     163     198
     178     206     181     196     184     191     207     222     210     208
     184     214     201     250     259     258     354     434     528     804
     968    1352    1725    2341    2848    3704    4120    5097    5582    6219
    6434    7006    6818    6671    6178    6067    4945    4594    3755    3159
    2463    1967    1358    1094     819     670     468     457     446     453
     422     502     675     701     841    1027    1176    1392    1555    1869
    2062    2565    2709    3277    3473    3982    4084    4590    4575    4680
    4471    4359    4049    3788    3240    2902    2446    2030    1585    1206
     935     786     551     476     367     345     258     262     261     317
     309     374     349     441     428     572     588     642     651     776
     681     768     739     758     689     703     627     547     501     463
     391     383     332     357     265     293     264     297     257     312
     243     254     249     254     266     284     272     279     281     267
     264     262     297     314     310     308     294     360     367     418
     499     507     535     688     745     862     910     993    1134    1109
    1112    1113    1141    1141    1081    1067     903     960     763     719
     644     681     530     559     493     475     427     490     425     445
     431     447     448     477     469     471     483     444     438     505
     497     497     469     500     525     554     506     579     553     588
     562     571     565     601     534     552     547     578     554     573
     530     596     484     524     516     564     504     501     491     506
     449     514     474     488     477     572     529     518     475     522
     477     500     543     501     530     519     513     561     519     571
     625     565     554     575     570     642     599     662     645     683
     677     660     617     698     657     679     656     702     702     700
     643     730     687     704     667     707     601     699     642     687
     663     696     700     717     684     759     653     714     705     731
     716     741     711     752     656     802     715     807     785     838
     778     925     785     950     933     941     909    1023     994    1022
     935    1008     981     980     886     969     979     946     912     902
     959     939     866     858     944     932     866     945     901     949
     899     963     946     899     935     957    1006    1062    1068    1167
    1209    1390    1512    1893    2099    2620    2973    3881    4573    5639
    6403    7772    8893   10362   11176   12544   13573   14944   14673   16784
   15212   15937   14389   14267   12924   12156   10736    9835    8286    7414
    5674    5165    4064    3476    2799    2627    1977    1745    1451    1427
    1331    1297    1136    1199    1189    1155    1174    1222    1134    1243
    1068    1151    1124    1171    1166    1208    1194    1263    1143    1140
    1196    1154    1253    1218    1186    1316    1285    1314    1366    1508
    1406    1504    1599    1710    1751    1910    2090    2218    2412    2528
    2572    2818    2758    3072    3085    3075    2984    2991    2869    2847
    2514    2622    2353    2324    2025    2029    1770    1692    1602    1611
    1412    1352    1245    1310    1211    1295    1216    1213    1270    1266
    1206    1232    1190    1229    1169    1267    1266    1197    1171    1285
    1182    1206    1212    1267    1281    1241    1240    1260    1246    1320
    1112    1343    1203    1258    1208    1164    1279    1269    1197    1197
    1198    1229    1151    1213    1206    1166    1148    1242    1235    1235
    1170    1227    1264    1240    1157    1206    1204    1269    1130    1260
    1287    1309    1263    1323    1286    1318    1248    1318    1263    1332
    1362    1347    1361    1490    1423    1461    1549    1671    1525    1635
    1569    1761    1678    1769    1621    1741    1673    1640    1560    1543
    1459    1502    1485    1408    1261    1398    1313    1307    1102    1184
    1236    1202    1119    1128    1109    1145    1074    1110    1140    1140
    1110    1159    1072    1183    1038    1115    1128    1138    1040    1092
    1119    1098    1128    1090    1156    1218    1172    1140    1164    1219
    1213    1310    1378    1391    1441    1463    1597    1755    1684    1742
    1743    1803    1820    1769    1811    1901    1645    1638    1643    1653
    1495    1509    1426    1446    1310    1315    1250    1305    1135    1190
    1145    1169    1093    1152    1106    1176    1033    1101    1159    1154
    1069    1099    1098    1079    1055    1109    1086    1074    1055    1062
    1084    1088    1018    1096    1043    1071     994    1091    1018    1049
     951    1098    1034    1031     972     960    1002    1070    1030    1048
    1014    1046     978    1045    1023    1111     949    1037    1012     990
    1011    1053    1049    1024     965     987    1030    1052     958    1037
    1028    1027     994    1093    1055    1035    1039    1073    1061    1061
    1042    1041    1125    1071    1053    1070    1082    1112    1013    1061
    1106    1148    1034    1041    1069    1081     999    1027    1043    1013
    1026     974     909     971     958    1085     985    1024     945     942
     982     963    1010     985     961    1061     935     954     976    1029
     936     943     995    1068     957     988     976    1020     949     981
     957     972     949    1016    1003     972     882    1007     967     969
     895    1038    1019     964     931     967     980    1009    1000     981
     990    1066     973    1016     948     983     978    1042    1001    1062
     951    1029    1026    1035     956    1038     988    1057     988    1077
    1032    1087     985    1074    1030    1069    1030    1001    1089    1080
    1041    1175    1075    1147    1089    1111    1100    1134    1138    1078
    1074    1086    1006    1150    1046    1091    1037    1052    1060    1035
    1012    1065     981    1033     949    1018     979    1008     975    1014
    1042    1009    1014     999    1035    1086     943    1012     990     994
     912    1102    1038    1029     940     983     971    1026    1026    1074
    1028    1080    1006     980     985     997     967    1076    1016     992
     987    1023     933    1039     925    1001     951    1049     977     959
    1056    1020     987    1034     971    1020     988     974    1041    1061
     956    1027     997    1055     873    1006     944    1017     958    1012
     936    1060     938     963     946    1018     907     920     970     994
     950    1125     893    1023    1009    1020     939     976     972     964
     997     973     929     858     961     980     960     992     951     965
     951    1068     980     970     942     993    1023    1056     972    1101
     999    1024    1111    1041    1077    1067    1040    1133    1146    1147
    1104    1125    1095    1096    1004    1073    1061    1067    1032    1037
    1003    1088    1023     990     954     952     939     992    1040     962
     935     961     951     996     950     901     926    1012     892     920
     953     898     828     951     917     967     904     921     920     953
     892     963     907     944     876     895     868     937     876     892
     951     907     922     913     899     907     846     886     975     928
     903     924     878     970     955     910     975     973     952     951
     956     952     917     958     916     952     948     934     889     963
     871     886     933     887     909     857     886     941     861     860
     922     938     825     905     841     883     862     929     839     854
     859     877     805     913     792     853     894     844     838     860
     806     906     857     939     847     837     819     832     848     857
     840     906     887     862     857     891     899     892     832     917
     860     850     819     841     863     909     853     977     896     898
     883     870     883     855     835     879     893     836     872     898
     880     845     824     899     875     905     861     835     781     817
     834     831     835     880     780     872     794     855     747     847
     785     894     835     877     798     816     789     793     781     824
     788     807     792     765     789     815     826     772     766     784
     847     852     753     797     769     818     766     840     844     783
     773     864     813     853     784     813     830     832     767     841
     840     895     802     835     876     818     787     861     884     782
     864     819     800     893     795     820     857     856     778     804
     836     838     854     838     809     791     758     819     781     761
     797     733     798     749     782     806     764     803     742     774
     794     787     793     791     720     782     733     742     781     773
     766     789     766     781     721     706     766     750     746     775
     745     739     731     729     738     753     697     754     743     782
     749     716     802     813     713     760     796     819     776     774
     774     746     715     683     757     742     667     725     714     725
     660     745     733     787     722     724     758     809     704     702
     701     767     674     747     753     697     686     695     738     704
     658     706     695     704     704     717     746     706     688     689
     734     722     727     675     683     708     698     692     682     692
     698     688     706     680     652     686     752     727     669     683
     683     724     677     725     691     742     647     697     709     689
     659     747     699     727     651     680     724     661     713     701
     677     707     649     720     707     721     674     683     723     731
     686     694     754     752     758     687     735     697     631     710
     736     717     690     686     677     739     663     700     653     710
     641     686     669     708     602     655     651     695     605     669
     697     696     566     657     641     696     668     709     648     641
     608     647     612     691     591     704     606     676     639     648
     672     666     651     672     665     678     609     678     658     633
     650     677     641     666     609     631     627     724     631     682
     647     663     649     621     612     687     664     706     630     666
     639     652     664     623     652     642     662     696     618     605
     645     671     644     651     672     633     663     672     663     699
     650     669     682     631     620     641     617     642     661     643
     661     628     570     626     655     647     611     611     647     604
     609     604     665     660     674     659     566     671     630     641
     580     662     602     643     679     612     592     611     619     625
     557     599     625     687     610     661     659     629     641     601
     619     683     596     632     617     632     593     609     669     633
     584     614     645     687     573     638     631     630     583     626
     627     658     613     646     591     689     588     662     671     609
     618     657     700     672     635     647     638     643     644     617
     663     697     635     641     649     664     685     646     632     707
     645     701     633     640     600     623     692     675     665     655
     637     668     618     692     681     645     643     680     709     653
     655     604     769     756     655     641     677     686     699     663
     695     698     729     707     704     691     675     727     668     700
     686     685     692     761     692     776     746     744     763     761
     789     830     711     782     781     761     729     760     739     843
     830     795     814     839     739     826     799     827     866     858
     848     898     886     873     862     899     868     874     945     933
     968     891     934    1056     963     990    1067    1128    1035    1063
    1139    1187    1175    1177    1241    1301    1249    1299    1331    1391
    1406    1430    1411    1657    1578    1581    1722    1734    1789    1855
    1998    2000    1986    2093    2178    2298    2222    2267    2556    2611
    2557    2641    2837    2948    2827    3135    3222    3184    3187    3262
    3434    3457    3385    3587    3688    3854    3730    3825    4006    3944
    3862    3896    4112    4219    4032    4121    4041    4112    4063    3968
    4482    4142    4038    3970    3958    3969    3837    3960    4009    3812
    3480    3719    3683    3619    3362    3431    3339    3220    3082    3070
    3067    2909    2738    2734    2806    2616    2456    2490    2439    2385
    2214    2007    2211    1976    1945    1845    1732    1675    1589    1580
    1540    1436    1441    1309    1326    1312    1188    1192    1185    1157
    1079    1068    1074    1102     960    1006    1085    1087     972    1042
    1057    1053    1097     959    1221    1256    1199    1216    1331    1322
    1401    1412    1582    1565    1518    1659    1760    1894    1792    1863
    1987    1934    2015    2096    2073    2117    2057    2075    2287    2144
    1915    1998    1979    2015    1870    1776    1816    1774    1575    1564
    1482    1369    1283    1263    1229    1189    1065     957     957     934
     812     720     763     710     681     678     640     665     590     611
     606     604     553     588     589     623     606  302799
