$Informacoes da Fluorescencia de Raios-X:
"Sample    : ACC-819",                                                                    
"Operator  : luisf",                                                                      
"Comment  : ",                                                                            
"Group     : thiago_acra2010ma",                                                          
"Date       : 2010-06-06 08:48:29",                                                       
"",                                                                                       
"Mesurement Condition",                                                                   
"------------------------------------------------------------------------------------",   
"Instrument : 700HS2   Atmosphere : Vac.   Collimator : 10(mm)   Spin : No",              
"------------------------------------------------------------------------------------",   
"Analyte               TG kV   uA      FI Acq.(keV)  Anal.(keV)  Time(sec)     DT(%)",    
"------------------------------------------------------------------------------------",   
"Na                    Rh 50 1000-Auto Al  0 - 20    0.8 - 1.2   Live -  960   11",       
"Channel_info_start",                                                                     
"Channel : Na",                                                                           
"Points : 2048
"Range : 0.000000 - 20.480000",                                                           
"Step : 0.010000",                                                                        
"Channel_info_end",                                                                       
$DATA:
       0    2047
       0       0       0       0       0       0       0       0       0    2048
       0       0       0       0       0       0       0       0       0       0
       0       0       0       0       0       0       0       0       0       0
       1       1       0       2       4       3      12       6      18      26
      97     167     167     216     180     179     175     174     184     173
     180     162     172     167     155     193     181     197     167     158
     173     203     218     203     173     201     228     205     203     228
     236     247     255     287     260     287     287     268     288     282
     236     239     216     220     202     194     153     164     154     191
     147     177     197     203     202     228     223     218     232     220
     219     217     182     198     163     156     174     188     173     193
     210     214     195     217     202     227     206     229     173     177
     170     150     153     155     129     144     155     183     141     160
     148     196     206     220     178     195     197     225     174     199
     181     184     161     158     150     158     179     202     219     256
     276     333     359     615     625     752     770     871     849     946
     835     905     853     724     656     572     521     454     445     391
     326     379     373     441     535     784    1018    1424    1778    2217
    2555    2913    3295    3536    3488    3542    3183    3134    2598    2401
    1845    1553    1162     940     678     581     451     380     350     291
     320     314     308     334     320     385     370     403     340     355
     374     363     330     337     314     306     268     269     256     257
     265     229     238     233     237     259     253     294     300     372
     498     555     645     846    1047    1353    1480    1753    1911    2200
    2225    2269    2258    2190    1927    1837    1552    1400    1105     964
     775     705     508     509     500     488     424     514     558     591
     650     930    1131    1550    1807    2629    2937    3857    4158    5134
    5310    6031    6052    6380    5834    5672    4720    4333    3665    3177
    2333    2036    1438    1247     925     764     704     716     651     725
     747     781     748     756     711     697     626     619     469     461
     388     352     314     285     254     265     228     232     201     242
     217     246     231     225     220     237     242     257     225     254
     248     272     255     289     324     372     408     529     647     939
    1213    1657    2099    2929    3552    4580    5247    6569    7120    8312
    8378    9251    8566    8803    8119    7924    6558    6062    4719    4215
    3071    2472    1842    1382    1050     783     633     594     515     588
     601     779     875    1114    1169    1564    1864    2303    2768    3529
    4215    5141    5876    7203    8005    9173    9911   11188   10775   11734
   10946   11240    9945    9515    8063    7150    5887    4959    3681    3055
    2130    1741    1193     887     634     535     434     414     354     429
     413     516     655     781     805     981     996    1242    1368    1509
    1443    1565    1566    1600    1420    1404    1133    1132     980     904
     741     661     494     431     369     341     298     295     235     251
     251     234     221     280     214     237     219     255     265     257
     235     267     265     288     291     296     343     338     433     486
     589     668     782     959    1028    1194    1305    1620    1619    1745
    1777    1816    1772    1800    1593    1548    1392    1295    1126    1047
     931     772     696     655     609     546     517     530     470     483
     461     445     421     445     410     469     419     454     428     409
     505     500     477     502     543     544     550     603     610     605
     638     688     671     636     647     653     611     629     607     554
     509     563     487     498     508     470     422     446     427     436
     440     462     405     475     457     450     469     438     444     496
     431     462     474     495     452     528     502     533     502     552
     479     549     512     526     545     586     563     633     592     620
     659     712     637     642     624     701     624     635     610     651
     582     634     576     583     632     609     636     657     591     596
     587     624     567     653     605     618     571     648     628     677
     590     658     683     722     680     753     674     783     758     733
     782     825     795     849     902     985     924    1017     977    1056
     982    1069    1071    1011     959     939     935     981     846     881
     805     874     835     815     834     846     799     861     839     803
     833     934     842     908     855     928     964    1055    1107    1191
    1393    1638    1948    2583    2986    4012    4659    6273    7507    9793
   11269   13840   16520   19402   20882   24316   26079   28456   28780   32305
   29298   30644   28140   27854   25267   23914   20171   18491   15654   13661
   10732    9203    7227    5990    4546    3784    2819    2386    1836    1622
    1364    1291    1154    1099    1072    1026     950    1000     931    1016
     967    1061    1006    1020     937    1063     974    1100     996    1003
    1058    1034     997    1037    1140    1165    1166    1291    1264    1429
    1478    1700    1778    1973    2157    2478    2784    3215    3203    3668
    3752    4255    4298    4670    4715    4955    4550    4677    4408    4344
    4007    3963    3552    3224    2708    2532    2193    2048    1820    1717
    1550    1418    1215    1266    1184    1160    1006    1132    1035    1035
    1039    1082    1038    1041    1028    1038    1069    1055     989    1071
    1051    1047    1038    1072    1085    1106    1084    1048    1027    1118
     993    1115    1081    1081    1068    1061    1082    1070    1076    1007
    1035    1032    1000     999    1006     989    1030    1073    1109    1008
     941    1058     989    1055    1031    1034    1081    1098     991    1064
     990    1070    1042    1109    1072    1106    1091    1141    1120    1135
    1104    1173    1213    1311    1203    1329    1349    1527    1483    1494
    1580    1495    1498    1548    1529    1607    1457    1478    1481    1449
    1314    1341    1256    1195    1100    1160    1026    1104     993    1103
    1032    1043     965     995     891     975     909     947     911     983
     909    1011     883     988     898     943     957     910     932     970
     939     950     887     923     980    1009     944    1027    1073    1189
    1136    1353    1311    1500    1476    1581    1658    1794    1823    1908
    1978    2107    1977    2069    2127    2079    1834    1897    1742    1742
    1599    1572    1469    1452    1250    1257    1119    1173    1055    1126
    1007    1058     922     911     902     981     959    1005     995    1012
     923     952     966     950     922     992     960     901     888     860
     895     917     910     917     898     856     879     874     903     950
     882     895     833     912     855     903     871     850     812     842
     831     884     941     913     861     872     828     860     965     907
     857     830     816     851     858     820     848     901     872     889
     882     909     856     918     843     904     883     961     981     939
     868     983     971     995     989    1001    1015    1011     937     998
     979    1036     904     902     955     937     925     941     934     878
     893     865     898     904     811     879     838     855     860     851
     855     849     798     846     841     871     851     822     827     888
     807     805     855     907     817     837     852     827     837     798
     905     821     805     865     835     872     763     839     892     884
     794     821     827     874     814     829     783     813     823     835
     793     807     810     816     872     834     817     829     811     906
     785     839     818     842     839     879     811     838     858     911
     850     912     815     938     883     961     894     896     948     996
     893     999     950     991     916    1006     924     973     916     975
     893     887     898     913     949     925     884     867     884     901
     835     931     865     922     830     871     811     883     840     876
     872     805     842     817     832     833     828     905     851     905
     823     895     884     850     854     859     864     792     875     846
     847     846     816     853     822     852     831     843     821     867
     860     772     808     903     816     950     836     879     828     770
     867     963     798     870     867     864     848     869     807     936
     813     845     854     882     836     835     819     847     774     877
     872     888     788     827     875     869     821     823     831     816
     807     868     784     866     785     867     849     832     766     774
     814     838     830     842     872     827     854     864     803     890
     825     873     782     894     874     859     906     937     912    1008
    1055    1070    1044    1089    1050    1109    1108    1156    1108    1214
    1189    1185    1175    1148    1077    1162    1048    1079    1068    1047
     961    1009     899     927     886     936     850     901     827     842
     819     784     822     779     784     806     816     806     770     780
     776     814     730     766     810     740     806     772     750     833
     793     823     759     778     723     793     735     736     712     774
     775     799     765     769     761     802     776     792     835     812
     759     783     802     785     789     816     816     827     846     815
     838     855     803     870     824     827     812     829     796     810
     743     787     834     777     768     779     808     779     800     800
     819     782     758     757     707     745     760     752     698     793
     680     761     690     759     722     787     756     705     693     740
     724     779     686     713     753     754     732     749     727     737
     739     754     747     744     693     758     743     789     760     748
     708     735     744     799     798     793     767     795     782     768
     781     782     811     811     761     789     769     847     740     753
     797     783     735     742     789     778     709     730     721     756
     695     730     703     729     672     645     685     694     633     751
     682     717     690     693     703     703     656     665     748     683
     620     725     642     699     634     732     698     657     633     690
     725     692     663     676     651     723     662     691     650     729
     672     704     676     732     697     704     633     754     671     745
     717     746     718     761     751     740     739     784     815     698
     741     801     736     763     694     749     740     795     769     756
     756     722     736     751     703     712     679     651     642     719
     624     653     665     699     629     660     582     642     571     650
     621     640     632     642     661     642     627     624     657     617
     620     636     624     638     614     668     617     660     636     623
     637     660     591     576     665     629     628     602     634     638
     640     646     636     650     644     598     629     635     640     621
     642     656     633     621     591     650     574     638     607     662
     569     581     575     555     620     645     632     624     598     605
     609     620     559     593     606     623     592     605     618     621
     605     590     590     600     573     552     590     585     606     596
     646     602     614     604     614     587     558     583     593     571
     624     550     587     562     574     564     635     579     572     610
     558     584     567     582     561     606     579     596     553     553
     574     541     538     622     528     584     591     573     580     539
     576     651     572     616     570     652     598     639     597     598
     576     588     608     615     582     605     657     588     581     619
     617     622     577     637     648     627     571     608     586     606
     614     593     573     596     619     629     575     617     520     556
     557     534     564     554     573     533     552     592     505     565
     532     528     550     569     497     573     496     591     566     547
     547     603     558     548     545     596     516     588     559     545
     525     502     551     569     546     521     535     531     508     537
     556     551     540     547     540     509     532     536     571     567
     550     584     503     538     519     534     529     533     498     512
     555     510     550     567     554     525     526     519     498     530
     508     586     544     545     545     510     540     572     528     553
     557     522     493     506     503     535     498     526     510     504
     543     545     515     525     514     547     506     536     462     532
     572     509     504     543     563     538     498     563     491     528
     506     501     503     603     559     573     584     531     506     526
     555     544     536     538     538     538     498     487     583     547
     485     492     463     537     515     529     505     527     505     563
     519     531     546     511     550     531     533     511     567     509
     557     521     591     538     534     526     535     586     520     520
     525     552     522     550     553     599     502     550     571     563
     561     531     537     570     493     568     572     570     570     538
     570     574     534     547     565     584     522     553     572     568
     582     559     645     552     566     591     543     585     538     592
     543     586     615     590     609     584     541     590     601     615
     593     598     558     637     591     636     637     645     608     626
     621     626     577     612     648     654     604     629     653     651
     642     688     628     679     669     701     657     703     674     732
     690     751     694     719     689     742     701     757     815     766
     774     778     816     861     825     866     888     925     859     982
     944     955     940     966    1101    1021    1078    1112    1116    1142
    1181    1224    1250    1384    1284    1410    1426    1439    1439    1593
    1683    1719    1660    1683    1897    1904    1915    1949    2113    2170
    2083    2246    2274    2492    2380    2567    2532    2661    2601    2622
    2769    2885    2750    2826    3018    3060    3019    3059    3266    3193
    3200    3324    3427    3346    3236    3360    3446    3444    3335    3284
    3655    3363    3167    3443    3186    3413    3214    3186    3377    3266
    2967    3081    2948    2967    2766    2811    2777    2770    2590    2540
    2443    2417    2290    2215    2167    2235    2033    1991    1952    1913
    1745    1674    1730    1637    1543    1524    1441    1398    1292    1311
    1327    1188    1165    1130    1026    1127    1006    1027    1048     952
     945     932     891     917     840     794     883     866     853     847
     850     950     863     856    1023     985     909    1018    1062    1131
    1120    1226    1234    1373    1347    1396    1447    1532    1522    1597
    1686    1614    1650    1746    1691    1830    1736    1752    1880    1789
    1607    1812    1767    1641    1569    1465    1595    1428    1428    1365
    1269    1212    1067    1124    1106     983     884     861     799     787
     745     677     671     658     593     564     525     555     515     487
     519     525     474     486     492     496     487  251040
