$Informacoes da Fluorescencia de Raios-X:
"Sample    : ACC-872",                                                                    
"Operator  : luisf",                                                                      
"Comment  : ",                                                                            
"Group     : thiago_acra2010ma",                                                          
"Date       : 2010-06-07 04:55:52",                                                       
"",                                                                                       
"Mesurement Condition",                                                                   
"------------------------------------------------------------------------------------",   
"Instrument : 700HS2   Atmosphere : Vac.   Collimator : 10(mm)   Spin : No",              
"------------------------------------------------------------------------------------",   
"Analyte               TG kV   uA      FI Acq.(keV)  Anal.(keV)  Time(sec)     DT(%)",    
"------------------------------------------------------------------------------------",   
"Na                    Rh 50 1000-Auto Al  0 - 20    0.8 - 1.2   Live -  959   12",       
"Channel_info_start",                                                                     
"Channel : Na",                                                                           
"Points : 2048
"Range : 0.000000 - 20.480000",                                                           
"Step : 0.010000",                                                                        
"Channel_info_end",                                                                       
$DATA:
       0    2047
       0       0       0       0       0       0       0       0       0    2048
       0       0       0       0       0       0       0       0       0       0
       0       0       0       0       0       0       0       0       0       0
       0       0       0       0       0       0       0       0       3       9
      57     171     155     169     180     154     177     179     157     177
     141     175     164     148     149     168     182     209     183     171
     179     234     216     225     232     280     309     264     274     265
     253     264     275     264     280     264     273     309     257     296
     253     258     232     222     221     183     180     178     153     186
     180     179     204     224     259     236     258     289     271     271
     277     297     253     225     212     193     230     221     207     253
     251     238     243     290     255     274     256     260     238     256
     225     235     179     191     170     180     168     181     194     225
     221     245     237     226     247     213     244     236     205     236
     187     217     215     198     215     183     198     271     236     273
     292     387     425     599     615     706     736     850     843     988
     877     886     855     936     807     825     725     647     618     626
     534     554     557     594     635     795    1039    1383    1615    2094
    2264    2778    2760    3005    3187    3169    2855    2774    2347    2240
    1727    1482    1036     930     747     601     466     456     435     422
     381     380     362     374     373     410     390     414     372     426
     409     423     393     390     391     406     335     402     350     377
     366     389     340     420     364     411     400     471     594     712
     785    1158    1417    1877    2441    2879    3400    4119    4366    4973
    5034    5431    5244    4984    4465    4285    3593    3198    2617    2214
    1791    1520    1191    1175     979     943     841     870     899     945
    1004    1242    1373    1800    2197    2970    3199    4185    4637    5392
    5836    6430    6280    6483    6072    5953    5116    4705    3906    3521
    2655    2282    1580    1405    1051     993     900     826     853     855
     882     916     874     941     885     881     794     807     703     658
     478     534     440     410     397     407     392     381     344     372
     375     363     363     410     396     396     359     423     460     464
     440     491     498     598     619     794     931    1342    1665    2564
    3242    4717    6029    8200   10383   13299   15257   18695   20500   23348
   23574   25391   24636   24992   22538   22522   18208   16604   13450   11223
    8696    6770    4862    3705    2531    1907    1327    1232    1041    1186
    1265    1532    1715    2179    2391    2940    3272    3754    4093    4788
    5134    5884    5888    6671    7030    7710    7612    8390    8019    8069
    7506    7389    6809    6369    5261    4885    4048    3321    2503    2092
    1491    1229     887     828     558     514     475     470     433     499
     497     498     573     656     716     775     898     962     948    1147
    1028    1237    1132    1108    1101     985     946     856     707     678
     594     499     470     447     416     417     331     336     303     329
     295     312     328     328     346     305     286     337     283     327
     314     337     350     329     320     395     335     422     463     539
     601     682     751     868     897    1129    1140    1271    1409    1409
    1441    1547    1458    1503    1333    1350    1196    1170     996     895
     842     753     634     685     561     565     525     522     478     486
     470     511     494     468     505     510     510     527     512     536
     574     576     580     656     609     585     621     632     663     685
     657     650     736     702     679     770     613     715     674     656
     641     604     553     594     540     527     536     550     512     536
     552     544     539     546     489     535     521     575     535     587
     621     637     567     521     543     631     604     647     577     630
     596     655     684     693     633     708     660     754     706     701
     768     810     717     757     720     794     705     716     731     772
     704     725     751     760     699     757     721     765     712     824
     782     759     689     738     711     776     711     782     781     839
     719     753     775     819     837     857     851     873     901     974
     952     959     946    1092    1007    1096    1026    1208    1180    1184
    1143    1226    1091    1188    1067    1127    1094    1101    1047    1032
    1048    1049     958     980     937     995     968     989     982    1034
     992    1027     968    1035    1043    1099    1130    1236    1151    1213
    1341    1519    1769    2058    2340    2992    3456    4308    5190    6575
    7388    8910   10437   12240   13001   15135   15933   17556   17316   19774
   17702   18652   17016   17016   15257   14761   12477   11444    9849    8659
    6783    5906    4998    4200    3230    2988    2377    1992    1669    1598
    1506    1436    1217    1274    1279    1266    1263    1207    1229    1313
    1130    1268    1242    1292    1229    1238    1262    1349    1230    1247
    1305    1398    1241    1366    1340    1368    1282    1459    1440    1537
    1532    1588    1741    1961    1962    2213    2367    2587    2549    2825
    2914    3283    3216    3327    3457    3746    3360    3510    3412    3307
    3102    2968    2694    2699    2217    2138    2004    2003    1778    1709
    1511    1610    1340    1433    1391    1446    1272    1301    1248    1399
    1347    1341    1326    1351    1326    1234    1368    1342    1315    1362
    1318    1353    1271    1377    1317    1394    1277    1300    1315    1365
    1321    1384    1338    1370    1297    1316    1352    1280    1279    1368
    1335    1388    1320    1267    1287    1325    1255    1339    1411    1408
    1292    1340    1365    1360    1264    1381    1298    1336    1307    1351
    1370    1408    1286    1435    1265    1423    1311    1405    1496    1465
    1492    1503    1521    1623    1566    1583    1783    1684    1561    1907
    1847    1979    1874    2019    1875    1857    1835    1805    1759    1745
    1639    1672    1556    1577    1500    1432    1412    1426    1246    1430
    1237    1266    1255    1263    1265    1272    1177    1202    1157    1241
    1186    1237    1262    1253    1171    1151    1260    1215    1167    1240
    1187    1290    1193    1277    1279    1379    1398    1641    1606    1697
    1734    1920    2025    2319    2298    2590    2749    2937    3030    3168
    3313    3434    3401    3530    3451    3461    3154    3170    3025    2869
    2647    2450    2268    2197    1863    1846    1650    1606    1440    1435
    1398    1348    1223    1281    1227    1290    1196    1183    1223    1213
    1182    1282    1226    1216    1172    1204    1187    1227    1051    1127
    1173    1217    1142    1175    1070    1213    1143    1155    1081    1160
    1095    1196    1100    1214    1142    1172    1172    1225    1115    1208
    1180    1216    1096    1108    1166    1200    1111    1128    1218    1213
    1118    1176    1145    1093    1053    1142    1081    1223    1072    1154
    1137    1210    1214    1150    1267    1294    1152    1263    1235    1370
    1317    1304    1387    1439    1342    1383    1435    1391    1342    1349
    1369    1352    1281    1323    1257    1257    1218    1218    1222    1186
    1176    1189    1128    1150    1043    1180    1071    1160    1025    1127
    1133    1128    1005    1015    1132    1103    1055    1102    1051    1060
    1076    1065    1161    1095    1050    1068    1147    1138    1061    1061
    1141    1060    1027    1062    1064    1152    1043    1086     979    1054
    1032    1073    1041    1125    1018    1107    1096    1124    1093    1015
    1120    1121    1064    1138    1080    1090    1084    1162    1112    1169
    1072    1178    1130    1120    1124    1205    1203    1282    1228    1364
    1298    1492    1408    1496    1515    1662    1725    1690    1747    1783
    1745    1931    1937    1978    1841    1928    1852    1927    1799    1749
    1713    1766    1669    1610    1589    1465    1391    1392    1353    1388
    1228    1242    1267    1171    1094    1126    1124    1140    1106    1094
    1035    1115    1100    1106    1114    1204    1062    1115    1135    1122
    1033    1097    1096    1191    1018    1080    1038    1123    1067    1180
    1116    1141    1090    1158    1046    1094    1068    1128    1097    1145
    1068    1131    1114    1107    1109    1116    1106    1136    1057    1095
    1101    1102    1009    1123    1138    1160    1056    1152    1173    1130
    1063    1078    1096    1084    1093    1130    1166    1123    1007    1124
    1101    1100    1027    1098    1096    1140     982    1091    1145    1057
    1026    1091    1047    1130    1071    1073    1055    1130    1097    1096
    1025    1097    1101    1060    1016    1103    1048    1128    1055    1202
    1068    1165    1113    1198    1203    1198    1253    1307    1286    1352
    1398    1369    1370    1474    1501    1560    1590    1596    1530    1575
    1567    1643    1646    1650    1468    1531    1491    1467    1343    1366
    1349    1348    1201    1256    1186    1249    1136    1127    1141    1115
    1033    1023    1079    1079    1056    1049    1129    1036     981    1035
     986    1062    1001    1042    1011    1084     988    1060     975    1009
    1008    1123     908    1117     927    1046     979    1034    1056    1058
    1076    1087    1092    1132    1069    1139    1116    1193    1277    1353
    1221    1310    1335    1437    1393    1420    1511    1529    1451    1518
    1496    1477    1490    1505    1439    1457    1411    1397    1405    1423
    1364    1295    1290    1210    1142    1183    1138    1113    1051    1091
    1159    1065     957     965    1079    1046     982     963     970    1046
     977    1019     978     994     900    1025     952     957     994    1016
     917    1000     907     911    1011     973     925     967     940     998
     892     940    1039     962     922    1047    1025     929     971    1016
    1031    1068    1005    1065    1048    1103    1060    1083    1020    1130
    1049    1095    1078    1065    1076    1038    1069    1152     975    1068
    1040    1017     963    1066     985    1028    1004    1003    1022     943
     976     957     997     975     928     948     942     936     834     964
     866     914     942     851     890     876     827     911     907     905
     930     830     827     886     837     948     912     923     869     866
     917     958     881     859     862     923     824     892     896     869
     835     891     876     910     817     880     882     904     857     874
     890     960     888     910     948     985     904     886     944     986
     889     926     971     936     891     962     927     876     895     945
     946     922     863     899     860     885     831     890     906     915
     817     861     882     876     848     839     845     917     870     815
     885     827     823     901     815     839     804     807     810     809
     800     899     842     888     819     792     795     858     817     848
     845     839     843     880     906     844     872     856     865     892
     886     875     896     848     847     868     886     867     875     878
     885     919     760     854     918     860     804     873     844     828
     807     875     811     854     844     784     822     853     824     813
     831     811     783     775     852     772     835     823     801     801
     775     776     825     795     767     759     808     801     767     730
     764     801     756     764     760     809     737     750     784     738
     744     733     764     830     783     699     820     781     738     753
     730     740     747     749     756     737     708     753     766     744
     740     805     732     763     686     709     771     772     715     760
     784     802     697     714     799     749     708     748     767     811
     724     770     789     786     692     778     744     764     735     780
     760     762     729     767     726     746     734     719     744     821
     745     719     712     817     706     801     735     762     738     787
     701     761     725     707     694     736     702     718     721     736
     687     659     721     691     689     791     726     687     710     733
     719     781     684     661     744     711     755     720     737     748
     697     659     695     670     672     709     659     681     681     704
     704     750     693     712     752     661     676     706     650     729
     642     679     692     742     661     681     727     745     700     688
     771     716     652     724     688     714     700     681     643     707
     660     681     737     715     641     735     680     769     682     722
     706     685     686     721     707     696     650     678     717     667
     674     682     651     753     648     703     687     659     657     688
     690     709     629     706     673     808     691     686     711     736
     676     673     651     680     658     686     673     729     704     627
     727     739     609     692     625     691     679     624     725     693
     651     647     662     754     627     704     727     633     677     659
     752     665     667     641     663     678     648     689     688     725
     702     676     732     726     660     676     695     732     646     631
     686     740     697     693     699     635     665     689     720     709
     701     711     737     699     675     727     730     709     712     671
     712     760     706     700     704     761     716     734     705     727
     682     696     843     738     752     704     759     733     711     729
     748     755     747     744     720     777     706     734     811     780
     717     762     779     796     760     755     858     838     775     824
     792     815     763     798     839     822     821     832     862     831
     841     828     868     857     867     873     889     914     821     943
     912     891     934     960     950     970     962     968    1023    1034
     944    1038    1047    1097    1017    1027    1165    1137    1147    1143
    1205    1214    1166    1221    1331    1427    1287    1393    1423    1510
    1417    1525    1630    1645    1581    1730    1737    1875    1760    1856
    2112    2145    2079    2169    2293    2494    2420    2497    2736    2695
    2710    2871    2820    3021    3002    3166    3390    3336    3395    3569
    3636    3603    3734    3795    4012    4151    3899    4040    4171    4316
    4334    4193    4374    4396    4248    4381    4447    4430    4274    4169
    4765    4507    4352    4522    4386    4465    4181    4145    4271    4301
    3962    4069    3997    3930    3673    3888    3710    3563    3452    3514
    3232    3200    3093    3049    2946    2908    2764    2694    2542    2510
    2366    2267    2298    2220    2019    1991    1951    1874    1768    1781
    1789    1726    1501    1529    1455    1438    1325    1343    1373    1281
    1260    1218    1171    1168    1092    1073    1117    1113    1073    1102
    1148    1150    1144    1073    1342    1300    1242    1320    1375    1471
    1413    1506    1662    1615    1709    1783    1882    1963    1913    2040
    2085    2282    2144    2158    2249    2361    2294    2334    2358    2324
    2268    2257    2218    2277    2042    2019    2105    1991    1754    1726
    1710    1635    1495    1394    1428    1205    1235    1113    1125     960
     928     967     913     837     775     705     699     752     712     636
     685     657     656     631     564     636     646  330556
