$Informacoes da Fluorescencia de Raios-X:
"Sample    : ACC-868",                                                                    
"Operator  : luisf",                                                                      
"Comment  : ",                                                                            
"Group     : thiago_acra2010ma",                                                          
"Date       : 2010-06-07 03:40:31",                                                       
"",                                                                                       
"Mesurement Condition",                                                                   
"------------------------------------------------------------------------------------",   
"Instrument : 700HS2   Atmosphere : Vac.   Collimator : 10(mm)   Spin : No",              
"------------------------------------------------------------------------------------",   
"Analyte               TG kV   uA      FI Acq.(keV)  Anal.(keV)  Time(sec)     DT(%)",    
"------------------------------------------------------------------------------------",   
"Na                    Rh 50 1000-Auto Al  0 - 20    0.8 - 1.2   Live -  959   10",       
"Channel_info_start",                                                                     
"Channel : Na",                                                                           
"Points : 2048
"Range : 0.000000 - 20.480000",                                                           
"Step : 0.010000",                                                                        
"Channel_info_end",                                                                       
$DATA:
       0    2047
       0       0       0       0       0       0       0       0       0    2048
       0       0       0       0       0       0       0       0       0       0
       0       0       0       0       0       0       0       0       0       0
       0       0       0       0       0       0       0       1       1       3
      54     125     147     131     116     119     121     120     111     131
     127     128     126     122     115     131     128     139     150     159
     139     178     145     185     185     189     194     207     202     241
     230     219     235     212     246     245     227     253     215     222
     227     199     196     187     200     151     135     135     131     160
     125     145     142     164     169     181     186     195     189     187
     183     192     185     197     143     151     127     147     186     169
     180     186     185     202     202     215     172     201     191     166
     160     184     136     136     120     119     164     139     151     172
     192     191     167     199     200     217     214     233     208     208
     201     169     172     154     157     182     169     208     196     262
     322     468     576     733     793     927     993    1184    1151    1278
    1160    1231    1130    1007     902     837     724     611     481     473
     401     434     501     650     761    1071    1401    1940    2468    3159
    3479    4177    4606    5014    4888    5121    4634    4452    3752    3391
    2719    2198    1679    1269     981     758     609     502     395     379
     338     399     348     396     345     377     367     382     386     402
     405     399     329     374     326     324     323     315     279     293
     256     279     299     299     316     316     317     375     446     561
     659     931    1139    1601    1910    2418    2753    3291    3572    4090
    4010    4229    4185    4131    3522    3363    2953    2664    1920    1638
    1220    1021     857     716     587     625     528     557     573     643
     675     782     867    1158    1317    1897    2044    2652    3001    3479
    3693    4105    3959    4254    3908    3833    3335    3050    2531    2156
    1684    1437    1034     907     688     661     535     591     517     606
     586     580     589     560     577     551     460     456     420     390
     338     327     294     306     247     241     238     246     227     246
     251     225     204     262     229     262     220     277     275     287
     264     283     310     340     339     429     485     653     821    1205
    1559    2296    2807    3911    4812    6187    6992    8762    9562   10914
   11003   11893   11701   11682   10715   10588    8621    7964    6270    5498
    4181    3388    2349    1845    1265     937     756     702     642     701
     719     903    1024    1249    1413    1762    2183    2682    3127    3868
    4553    5704    6331    7516    8344    9530    9927   11321   11120   11862
   10957   11052   10099    9539    8153    7143    6073    5081    3730    3054
    2237    1749    1251     897     675     563     398     414     414     414
     444     555     622     713     819    1010    1151    1293    1289    1531
    1484    1556    1481    1632    1357    1378    1215    1065     948     863
     720     614     494     417     353     323     276     295     250     245
     215     226     225     249     288     215     218     226     226     252
     236     227     221     276     287     299     339     420     454     570
     711     819     868    1134    1231    1503    1638    1968    2024    2219
    2165    2344    2168    2195    2001    1859    1733    1563    1274    1207
    1054     904     788     720     626     572     480     505     445     481
     367     442     429     424     417     415     417     460     381     433
     428     489     509     496     528     603     573     616     642     687
     704     745     666     742     724     738     640     624     577     645
     571     562     551     461     500     428     394     434     448     448
     418     494     366     427     414     405     420     433     414     435
     491     417     436     453     449     441     449     474     469     466
     454     545     499     515     525     581     558     605     569     571
     628     585     564     612     612     632     612     621     606     579
     576     614     591     564     538     580     555     566     502     590
     538     623     524     560     545     562     593     551     553     604
     537     585     649     608     621     651     649     683     651     693
     815     847     850     917     911    1066     996    1054    1065    1115
    1045    1132     996    1074    1009    1043     980     949     891     945
     800     828     775     826     784     805     764     739     773     795
     734     787     814     815     810     898     893     962    1086    1224
    1358    1631    1894    2535    3014    4016    4851    6653    8101   10298
   11998   14728   17596   20698   21989   25537   27604   30065   29449   33882
   31251   32116   29813   29445   26402   25336   21186   19645   16449   14506
   11503    9736    7645    6314    4692    3888    2848    2397    1825    1554
    1308    1197    1066    1050    1021     957     861     960     946     920
     883     927     912     953     888    1015     904     932     922     953
     945    1045     946    1012     949    1044    1046    1150    1272    1305
    1417    1568    1711    2124    2192    2456    2777    3063    3220    3767
    4127    4446    4378    4752    4929    5070    4773    4833    4421    4424
    3915    4022    3611    3249    2864    2666    2249    2058    1808    1589
    1499    1287    1236    1118    1110    1003    1003     962     985     999
     943     928     910     918     892     909     960     953     949     974
     892     976     976    1014     958    1002     936    1009     942     960
     911    1007     951     987     930     990     930     987     885     954
     904     883     926     915     933     917     885     928     944     958
     901     946     869     921     857     935     990     962     979    1000
     947     935     971    1028     930    1006     955    1035     969    1066
    1034    1110    1173    1214    1118    1188    1294    1325    1254    1453
    1467    1483    1448    1490    1423    1506    1423    1366    1342    1324
    1291    1278    1145    1124    1024    1106    1077     984     936     913
     914     878     841     895     867     914     866     853     795     836
     808     884     831     881     803     828     862     868     825     854
     819     861     865     886     888     945     943    1045    1009    1177
    1071    1237    1343    1445    1444    1629    1735    1869    1881    1953
    2060    2145    2119    2155    2176    2233    1978    1959    1858    1833
    1625    1630    1521    1368    1341    1200    1132    1113    1025     933
     929    1003     919     855     883     928     851     919     932     904
     793     867     853     893     820     848     892     848     831     830
     796     859     735     794     850     835     760     851     822     786
     765     810     717     806     815     837     774     828     802     799
     825     849     784     756     791     797     768     806     827     809
     822     790     797     745     730     761     801     808     796     830
     797     863     759     794     815     863     827     914     835     948
     838     885     944     915     858     908     929     965     929     893
     948     875     877     927     855     963     813     790     856     854
     791     844     827     831     734     804     824     830     715     736
     793     774     757     709     735     727     730     745     786     715
     759     748     779     737     712     756     743     721     721     779
     763     711     741     777     761     809     750     802     725     777
     783     760     770     750     713     758     755     787     714     764
     741     775     757     753     793     772     735     737     730     771
     773     807     758     727     774     789     778     839     757     849
     813     824     805     858     879     907     875     895     841     937
     909     983     918     952     900    1011     953     908     895     903
     950     927     885     904     886     925     831     833     792     861
     767     806     763     731     731     750     749     799     778     772
     781     740     779     754     799     815     752     772     766     765
     784     736     702     761     746     804     738     793     764     765
     778     768     823     778     725     777     721     750     741     777
     711     790     823     817     764     745     752     804     746     809
     815     773     732     794     771     784     702     738     743     742
     747     766     774     813     754     760     753     755     742     751
     756     751     803     772     774     763     773     794     777     811
     685     807     719     757     725     761     700     779     711     779
     770     703     732     727     722     753     732     778     751     814
     748     748     775     823     806     807     848     920     846     955
     963    1016     957     937    1015    1034    1047    1060    1055    1075
    1019    1109    1075    1077    1065    1063    1044    1069     945    1018
     944     944     863     864     830     898     767     828     789     778
     697     735     684     761     683     701     752     669     703     702
     656     686     732     683     716     691     657     754     683     703
     691     687     703     704     688     649     757     650     660     663
     710     687     705     656     730     732     673     738     763     680
     675     706     735     812     699     748     743     786     788     786
     750     754     719     759     714     736     743     779     739     818
     676     714     747     759     751     759     750     694     700     702
     760     685     687     666     648     691     653     685     709     696
     627     696     647     673     618     745     667     667     631     675
     614     661     625     684     700     678     628     652     623     677
     645     671     689     669     714     700     703     653     657     721
     695     717     725     738     733     701     691     769     717     725
     721     757     695     736     670     714     738     735     725     734
     700     753     728     694     711     753     647     695     696     700
     646     696     670     660     664     610     723     678     621     615
     653     607     608     641     618     655     613     629     595     625
     641     612     631     592     604     573     656     621     603     662
     594     579     570     571     559     642     602     611     593     618
     606     629     563     653     624     645     658     640     604     628
     697     663     605     635     697     691     662     650     740     693
     655     724     692     693     722     674     723     674     649     656
     703     684     615     680     611     685     639     624     641     620
     623     645     609     582     587     575     568     549     554     587
     574     602     624     576     587     556     541     595     573     586
     557     603     538     587     571     571     580     548     574     533
     568     577     551     563     548     589     570     555     554     627
     535     538     608     571     593     575     553     610     537     551
     569     578     582     607     509     586     551     581     596     596
     522     588     594     609     556     481     579     505     539     593
     572     552     580     526     592     521     570     553     559     548
     523     540     545     556     508     532     571     598     541     533
     542     524     533     494     470     537     519     537     531     569
     572     570     535     550     542     470     576     516     491     543
     519     524     485     502     514     525     507     569     524     545
     471     557     550     561     531     560     508     587     501     552
     534     596     542     523     548     531     502     572     517     648
     584     556     598     567     538     563     622     600     546     592
     559     573     567     600     545     554     544     557     568     513
     534     515     534     550     491     484     481     506     481     482
     517     538     481     499     513     531     434     476     503     552
     489     487     513     473     519     528     451     491     480     507
     462     521     470     482     530     507     498     539     477     501
     473     470     519     480     514     471     470     548     434     436
     479     526     489     497     451     542     462     515     471     506
     484     502     476     531     446     506     481     500     486     494
     485     530     420     461     494     482     491     497     497     468
     490     506     438     469     485     514     495     518     454     535
     454     473     490     471     473     522     472     502     449     469
     451     507     527     488     462     483     500     486     449     476
     453     462     469     431     509     477     449     488     446     471
     446     519     464     531     451     469     486     517     497     486
     502     464     427     522     478     459     468     430     550     501
     474     442     495     510     437     467     474     452     491     432
     490     480     476     466     500     472     482     496     474     499
     442     478     505     467     448     496     485     497     458     462
     520     491     469     481     504     510     468     500     501     492
     506     484     484     481     478     488     462     507     481     476
     555     531     474     508     542     497     513     528     537     519
     481     485     564     531     454     577     519     537     526     495
     516     517     512     507     522     524     484     555     472     543
     500     589     518     537     501     476     552     592     560     544
     567     577     553     579     572     561     571     612     603     631
     557     582     600     598     635     638     604     650     598     614
     597     660     633     652     657     633     663     637     694     714
     668     705     697     732     669     739     792     774     795     776
     810     811     866     889     908     978     889     965    1029    1004
     997    1058    1056    1120    1219    1234    1270    1271    1314    1412
    1492    1452    1480    1595    1582    1714    1636    1690    1902    2005
    1875    2102    2050    2088    2039    2236    2338    2324    2370    2545
    2366    2545    2544    2637    2773    2830    2811    2816    2915    3005
    2887    2889    3156    3095    3005    3058    3120    3099    2940    3044
    3411    3094    2927    3070    2905    2912    2885    2996    2955    2820
    2660    2710    2679    2715    2553    2665    2444    2460    2314    2355
    2153    2288    2101    2055    2005    1977    1781    1794    1700    1776
    1589    1610    1637    1558    1432    1371    1322    1290    1170    1143
    1188    1109    1029     984     996     966     871     848     857     920
     779     805     791     765     771     777     791     790     754     792
     768     775     833     801     890     890     841     906    1062    1073
    1046    1135    1160    1178    1150    1271    1307    1375    1410    1492
    1514    1600    1469    1622    1686    1621    1596    1636    1701    1556
    1594    1507    1552    1527    1356    1329    1511    1375    1205    1211
    1111    1089    1034     945     916     918     795     756     734     719
     616     598     611     567     520     473     494     505     460     441
     472     437     427     399     411     420     412  227254
