$Informacoes da Fluorescencia de Raios-X:
"Sample    : ACC-804",                                                                    
"Operator  : luisf",                                                                      
"Comment  : ",                                                                            
"Group     : thiago_acra2010ma",                                                          
"Date       : 2010-06-05 20:56:32",                                                       
"",                                                                                       
"Mesurement Condition",                                                                   
"------------------------------------------------------------------------------------",   
"Instrument : 700HS2   Atmosphere : Vac.   Collimator : 10(mm)   Spin : No",              
"------------------------------------------------------------------------------------",   
"Analyte               TG kV   uA      FI Acq.(keV)  Anal.(keV)  Time(sec)     DT(%)",    
"------------------------------------------------------------------------------------",   
"Na                    Rh 50 1000-Auto Al  0 - 20    0.8 - 1.2   Live -  960    8",       
"Channel_info_start",                                                                     
"Channel : Na",                                                                           
"Points : 2048
"Range : 0.000000 - 20.480000",                                                           
"Step : 0.010000",                                                                        
"Channel_info_end",                                                                       
$DATA:
       0    2047
       0       0       0       0       0       0       0       0       0    2048
       0       0       0       0       0       0       0       0       0       0
       0       0       0       0       0       0       0       0       0       0
       0       0       0       0       0       0       0       1       2       4
      43     115     103      91     119      96      86     121     107     134
      98     103     107      94      95     115     113     118     109     150
     133     151     146     152     167     167     145     175     186     168
     173     194     191     220     193     213     213     207     248     205
     229     209     206     160     119     133     121     128     128     122
     113     133     134     141     129     163     141     161     144     196
     143     174     155     149     127     132     117     163     149     168
     166     179     160     152     175     154     151     166     172     136
     130     144     143     128     110     136     113     125     117     112
     137     153     156     132     157     153     156     158     144     173
     129     131     131     140     139     116     122     153     173     207
     223     276     314     420     451     515     562     622     676     755
     622     667     565     565     468     490     385     404     298     323
     224     287     276     330     370     563     678     971    1138    1499
    1632    1943    2107    2329    2273    2416    2182    2024    1818    1588
    1196    1100     808     658     495     407     325     294     270     246
     215     240     205     253     225     264     266     306     277     299
     274     289     271     290     271     240     211     216     246     194
     183     258     223     229     205     242     257     289     306     385
     539     592     810    1081    1239    1706    1909    2395    2495    2781
    2754    2965    2904    2818    2488    2328    1997    1791    1353    1118
     845     760     623     518     495     442     384     426     388     466
     488     610     718     928    1033    1558    1624    2165    2434    2854
    2962    3413    3116    3485    3044    3084    2733    2413    2122    1771
    1413    1143     793     717     581     482     472     468     410     496
     447     470     439     498     456     455     368     400     349     320
     268     241     243     189     180     209     168     184     183     180
     179     175     149     213     182     191     187     213     182     174
     199     191     229     250     284     325     386     469     578     860
    1145    1561    1966    2721    3404    4357    4868    5953    6706    7529
    7712    8176    8090    8254    7362    7335    5915    5496    4358    3847
    2883    2271    1564    1263     867     689     522     450     464     437
     496     522     669     853     953    1260    1403    1765    2012    2507
    2885    3483    3896    4658    5218    6044    6111    6840    6702    7247
    6758    6812    6104    5778    4899    4349    3636    2982    2280    1814
    1369    1017     745     568     410     367     312     291     298     281
     325     430     437     541     569     635     715     826     862     998
     901     961     977     956     903     900     755     687     648     597
     464     397     346     340     262     267     218     233     187     212
     215     229     227     179     211     219     202     216     185     229
     218     269     211     230     206     251     279     276     321     392
     476     535     568     724     859     964     957    1143    1229    1245
    1226    1252    1199    1281    1091    1094     969     898     782     785
     629     581     567     490     419     435     389     376     373     391
     368     363     358     369     343     352     369     387     342     353
     382     383     383     457     444     469     405     476     493     499
     491     518     502     513     543     488     521     483     504     450
     457     448     414     422     403     427     340     376     353     366
     341     383     331     370     380     353     353     367     373     404
     348     378     377     425     379     407     392     422     401     432
     423     423     451     460     442     488     515     519     479     521
     545     534     503     556     534     557     522     514     492     506
     534     486     502     520     505     521     563     527     454     518
     496     474     512     522     499     541     487     519     539     554
     527     561     515     515     535     596     560     626     556     607
     611     700     665     679     746     777     704     766     838     814
     811     865     771     785     741     769     694     753     679     692
     720     755     676     684     646     708     657     654     703     715
     686     747     705     749     670     760     744     809     818     973
    1069    1212    1361    1776    2069    2805    3144    4226    5034    6431
    7123    9155   10804   12366   13367   15207   16230   18005   17729   19993
   18217   18806   17390   17652   15401   14728   12219   11557    9559    8444
    6695    5802    4759    3855    2882    2575    1938    1733    1263    1223
     985     953     866     907     830     876     844     882     834     861
     846     896     906     918     759     862     851     896     831     901
     882     964     826     884     929    1024     961    1034    1040    1165
    1106    1310    1331    1494    1621    1807    1923    2219    2272    2559
    2680    2900    2831    3133    3245    3204    3140    3166    2882    2843
    2593    2575    2380    2241    1920    1909    1560    1550    1311    1322
    1172    1124     989    1007     897     945     871     885     868     850
     835     928     870     848     863     848     888     885     840     938
     899     936     866     889     943     906     925     889     878     863
     873     925     885     899     866     855     910     903     835     850
     903     897     883     899     839     871     883     921     827     825
     782     875     867     900     785     907     880     916     834     882
     854     907     878     964     947     960     921     974     973     974
     958     948    1088    1058    1022    1126    1141    1218    1168    1309
    1293    1303    1261    1270    1278    1377    1239    1278    1193    1169
    1058    1153    1049    1037    1010     986     916     923     868     896
     840     809     856     819     778     827     754     780     810     839
     759     820     809     816     794     812     757     749     716     775
     834     832     816     817     792     882     831     917     916     966
     994    1114    1084    1287    1214    1441    1430    1482    1457    1650
    1576    1751    1627    1743    1712    1679    1575    1618    1497    1470
    1352    1356    1219    1191    1041    1034     989    1022     921     886
     855     884     830     818     798     827     798     815     814     838
     800     810     821     780     836     793     752     816     752     810
     717     771     722     738     813     823     714     702     746     793
     742     718     694     745     701     773     757     745     713     768
     777     730     722     796     747     713     736     753     724     719
     727     726     678     722     713     755     744     762     691     774
     741     811     746     810     792     817     723     771     802     817
     802     808     854     857     778     773     868     813     853     835
     895     854     785     806     761     812     795     799     760     793
     740     759     737     757     733     767     697     728     680     712
     705     708     650     739     764     722     676     729     684     682
     695     683     728     730     706     760     715     678     680     704
     749     705     727     664     745     703     690     724     705     772
     745     670     726     738     740     732     681     709     660     707
     680     719     722     727     722     750     659     753     665     737
     634     754     705     747     633     699     713     786     755     757
     724     775     782     753     786     862     764     849     832     897
     818     817     805     849     822     837     828     806     830     840
     786     865     750     814     791     754     771     753     730     747
     775     745     731     770     744     777     728     744     755     747
     747     761     701     720     761     770     685     758     679     736
     689     713     760     703     713     770     693     728     674     713
     677     743     680     775     745     727     750     746     687     762
     693     754     699     762     664     681     758     740     719     673
     751     780     664     735     717     747     759     717     700     758
     690     757     716     717     701     732     755     788     679     736
     719     739     716     737     695     689     732     699     708     751
     703     713     687     737     725     683     692     706     662     763
     678     701     680     716     690     702     725     785     661     687
     647     657     706     806     692     722     750     760     769     838
     794     839     865     879     853     870     827     858     923     880
     883     849     829     860     822     818     839     826     821     804
     742     807     704     736     696     750     646     653     691     679
     650     668     693     691     651     678     651     614     648     638
     658     716     647     690     690     676     614     656     639     624
     654     710     710     665     616     662     704     628     627     633
     693     674     626     640     671     649     622     684     667     701
     646     651     700     703     681     722     686     719     650     660
     712     674     676     759     727     664     655     673     759     728
     653     654     698     729     641     652     673     648     626     680
     659     708     609     678     638     589     615     637     616     633
     613     608     614     648     589     680     615     638     619     651
     638     584     607     612     617     629     594     596     593     622
     615     575     652     638     588     659     681     654     579     612
     668     664     597     644     629     644     610     692     657     677
     671     645     630     695     625     637     628     665     620     654
     650     637     593     674     626     668     583     606     627     587
     607     620     625     616     574     611     597     604     566     607
     614     578     552     563     551     603     554     597     634     610
     564     611     587     696     602     571     567     604     566     611
     583     575     571     586     607     591     548     599     582     622
     540     584     546     582     528     569     595     580     567     611
     633     620     579     614     614     595     637     651     642     630
     583     668     620     605     570     617     602     699     617     602
     602     617     558     647     574     618     524     564     585     615
     582     584     565     573     542     555     559     528     509     534
     545     581     524     558     543     578     546     512     527     562
     514     523     497     540     549     549     543     556     513     597
     552     562     531     534     547     543     554     505     531     518
     522     552     581     542     520     504     483     554     510     519
     566     572     480     547     529     529     523     541     522     567
     532     548     557     487     501     534     554     533     504     558
     500     536     493     548     512     540     464     543     510     529
     452     500     507     500     480     512     489     573     487     471
     504     575     474     504     494     501     494     483     515     474
     527     518     494     457     492     484     521     513     468     491
     499     500     500     503     478     523     442     528     539     507
     445     499     483     513     447     494     480     506     461     469
     499     580     460     499     524     506     482     515     545     552
     522     501     486     535     532     524     479     520     514     488
     536     538     526     590     501     471     484     514     475     498
     524     504     506     490     462     482     452     504     460     497
     455     483     457     502     464     484     449     453     506     499
     467     473     502     458     487     482     461     497     445     478
     462     433     419     454     457     458     466     466     442     484
     433     491     495     465     430     501     451     484     436     449
     483     473     491     472     406     465     460     448     461     488
     476     428     462     475     462     469     451     446     422     460
     421     486     458     449     494     465     428     469     455     448
     417     453     444     469     430     494     477     453     442     474
     429     470     433     410     467     462     416     442     466     455
     435     478     441     455     436     390     469     482     465     464
     448     441     422     401     489     461     467     459     424     421
     437     450     412     448     423     401     468     470     451     446
     420     489     454     401     467     468     445     398     488     446
     428     429     408     442     393     438     459     465     439     443
     493     474     460     456     434     449     426     470     430     461
     426     411     450     506     413     439     444     476     473     466
     473     499     428     490     451     456     464     486     452     454
     445     424     466     435     425     481     496     478     483     499
     451     481     450     451     439     489     447     458     473     475
     439     431     481     471     490     471     515     514     460     483
     521     523     484     467     512     536     484     499     446     514
     500     554     474     552     529     539     545     513     523     507
     504     529     515     571     585     561     482     529     555     568
     526     541     515     564     542     572     563     610     536     626
     614     571     584     641     649     625     612     614     620     660
     626     618     660     738     693     743     814     795     690     845
     807     782     825     863     880     873     904     920     977     971
    1022    1048    1085    1112    1081    1203    1266    1318    1198    1299
    1417    1463    1415    1520    1635    1587    1631    1652    1863    1889
    1846    1967    1893    2066    2039    2117    2205    2328    2194    2349
    2435    2448    2434    2547    2609    2708    2705    2738    2746    2804
    2841    2808    2943    2949    2826    2852    2983    3003    2938    2938
    3134    2994    2850    2876    2909    2874    2695    2812    2795    2792
    2582    2634    2653    2643    2468    2467    2304    2367    2194    2188
    2113    1987    1982    1899    1870    1788    1768    1654    1685    1571
    1503    1435    1502    1390    1314    1266    1226    1213    1096    1108
    1049    1053     900     976     929     910     846     841     856     789
     811     738     817     759     737     704     712     717     684     749
     719     787     716     787     897     866     811     891     941     991
     938    1019    1104    1183    1156    1229    1286    1314    1318    1338
    1398    1470    1420    1475    1500    1545    1460    1471    1462    1563
    1472    1475    1422    1461    1283    1246    1304    1236    1065    1074
     984     941     890     913     818     830     712     681     655     648
     556     552     522     489     469     468     478     445     408     401
     436     428     416     419     431     434     416  213606
