$Informacoes da Fluorescencia de Raios-X:
"Sample    : ACC-997",                                                                    
"Operator  : thiago",                                                                     
"Comment  : ",                                                                            
"Group     : thiago_acra2010ma",                                                          
"Date       : 2010-06-09 05:14:05",                                                       
"",                                                                                       
"Mesurement Condition",                                                                   
"------------------------------------------------------------------------------------",   
"Instrument : 700HS2   Atmosphere : Vac.   Collimator : 10(mm)   Spin : No",              
"------------------------------------------------------------------------------------",   
"Analyte               TG kV   uA      FI Acq.(keV)  Anal.(keV)  Time(sec)     DT(%)",    
"------------------------------------------------------------------------------------",   
"Na                    Rh 50  788-Auto Al  0 - 20    0.8 - 1.2   Live -  959   20",       
"Channel_info_start",                                                                     
"Channel : Na",                                                                           
"Points : 2048
"Range : 0.000000 - 20.480000",                                                           
"Step : 0.010000",                                                                        
"Channel_info_end",                                                                       
$DATA:
       0    2047
       0       0       0       0       0       0       0       0       0    2048
       0       0       0       0       0       0       0       0       0       0
       0       0       0       0       0       0       0       0       0       0
       0       0       0       0       0       0       0       2       1       3
      88     215     197     191     199     223     198     223     196     218
     233     227     199     189     211     232     194     234     212     244
     241     274     305     305     314     314     320     334     290     325
     265     340     247     305     249     295     254     303     279     301
     299     290     289     271     260     256     278     279     301     307
     324     384     382     476     558     607     581     680     597     640
     547     517     502     428     329     369     328     286     329     329
     346     391     363     438     397     429     410     361     343     385
     288     295     254     318     262     271     262     321     290     309
     382     445     470     490     531     542     525     547     435     495
     464     432     342     388     381     372     411     468     506     779
     963    1415    1642    2253    2617    3206    3455    4038    4129    4246
    4048    4006    3404    3244    2789    2452    1995    1618    1349    1271
    1166    1205    1296    1776    2279    3463    4561    6377    8216   10854
   12252   14694   15954   17486   16581   17489   15148   14520   11752   10268
    8098    6562    4551    3597    2575    1986    1457    1255    1080     938
     885     913     833     882     806     902     820     912     873     834
     904     839     695     783     690     654     679     676     619     590
     588     542     616     569     584     628     713     810     832     995
    1215    1566    1944    2533    3104    3753    4300    5179    5860    6471
    6333    6834    6486    6369    5554    5156    4334    3695    2880    2639
    1990    1875    1495    1521    1389    1356    1356    1504    1747    2110
    2461    3234    4193    6006    7324   10872   12240   16105   17634   21086
   22606   25132   24413   25245   23026   22623   18722   16866   13948   11520
    8578    6922    4669    4015    3013    2654    2335    2493    2425    2626
    2684    2807    2618    2722    2561    2477    2091    1939    1561    1433
    1157    1044     804     783     654     654     581     606     570     574
     543     551     563     591     546     569     618     635     601     700
     631     723     806     904     906    1143    1321    1764    2295    3597
    4464    6586    8140   11858   14629   19042   21719   26946   29119   33385
   33242   36057   35389   35023   31153   30550   24496   22155   17267   14410
   10798    8290    5697    4317    3096    2322    1798    1597    1531    1815
    1903    2425    2860    3622    4072    5216    6177    7534    8783   11143
   12896   16043   17766   21648   23677   27498   28699   32284   31859   33456
   30998   30917   27926   26108   21352   18980   15362   12383    9042    7213
    5227    3672    2527    1914    1371    1045     880     867     877    1020
    1121    1410    1635    2063    2163    2725    3033    3462    3682    4264
    3918    4398    4235    4230    3640    3600    3129    2823    2385    2120
    1603    1336    1053     938     645     574     542     485     418     406
     406     413     363     377     428     410     386     394     394     419
     420     474     445     506     499     650     681     942    1137    1434
    1790    2296    2682    3441    3990    4968    5143    6190    6372    6922
    6700    7045    6614    6747    5814    5725    4783    4481    3562    3074
    2663    2198    1842    1658    1318    1200    1043     981     902     850
     775     735     728     726     685     719     658     750     774     779
     865     842     958    1083    1155    1216    1233    1375    1485    1518
    1464    1544    1631    1647    1616    1722    1496    1570    1305    1279
    1120    1103     951     935     840     835     712     709     691     695
     603     757     613     714     619     694     689     681     637     722
     731     705     688     697     736     705     774     846     718     813
     754     835     856     870     873     946     907     967     927     968
    1001     993     923     955     953    1027     928     937     878     956
     844     870     825     914     811     891     808     875     847     886
     825     912     868     869     834     844     808     906     965     917
     873     902     922     955     945    1064    1085    1259    1258    1336
    1434    1640    1662    1881    2013    2131    2148    2342    2353    2397
    2290    2469    2230    2275    2005    1975    1798    1809    1615    1637
    1539    1407    1307    1278    1294    1266    1197    1308    1287    1341
    1255    1251    1305    1369    1431    1562    1652    1774    1924    2409
    2882    3887    4706    6697    8461   11672   14370   19364   24222   31171
   36491   45270   53794   63414   67349   77962   83854   90549   90396  100658
   93215   94905   85908   84862   75553   70799   58842   54073   43973   37981
   29344   24140   18783   15087   11080    8839    6259    4908    3651    2947
    2363    2006    1663    1640    1514    1396    1347    1369    1345    1416
    1350    1279    1284    1349    1326    1428    1402    1423    1285    1472
    1411    1564    1496    1535    1701    1774    1871    2160    2251    2506
    2868    3531    3950    4733    5177    6109    7114    8344    8743   10003
   10704   12032   12188   13183   13691   13593   12557   12970   12105   11495
   10257    9820    8390    7633    6475    5858    4920    4381    3436    3144
    2564    2245    1883    1879    1610    1475    1407    1368    1306    1282
    1235    1246    1217    1290    1225    1240    1306    1329    1271    1322
    1286    1481    1285    1288    1315    1334    1318    1391    1369    1300
    1334    1322    1383    1352    1282    1293    1327    1300    1208    1318
    1293    1276    1228    1233    1259    1300    1266    1264    1268    1300
    1232    1286    1204    1356    1266    1307    1218    1297    1164    1358
    1263    1300    1266    1412    1221    1343    1323    1379    1373    1445
    1407    1602    1490    1660    1584    1619    1740    1801    1788    1928
    1952    2008    1917    2057    1885    2020    1886    1879    1881    1857
    1666    1621    1595    1622    1428    1432    1341    1308    1312    1291
    1208    1269    1226    1173    1231    1227    1137    1173    1070    1197
    1130    1181    1262    1127    1118    1187    1183    1218    1081    1209
    1204    1322    1179    1154    1237    1334    1323    1485    1515    1696
    1743    1978    2002    2242    2303    2525    2698    2849    2936    3041
    3159    3240    3275    3258    3290    3147    2954    2898    2755    2565
    2431    2301    2117    2050    1908    1717    1557    1464    1377    1382
    1348    1308    1224    1268    1199    1214    1257    1242    1231    1253
    1177    1228    1160    1273    1163    1188    1248    1244    1106    1207
    1139    1177    1133    1138    1146    1175    1101    1155    1152    1243
    1124    1168    1066    1199    1144    1118    1199    1124    1112    1148
    1188    1148    1103    1152    1171    1127    1114    1135    1210    1188
    1130    1119    1120    1191    1101    1168    1174    1216    1022    1145
    1155    1111    1088    1275    1168    1269    1162    1277    1297    1189
    1280    1306    1343    1345    1251    1382    1300    1366    1368    1356
    1420    1376    1325    1295    1243    1291    1109    1242    1166    1259
    1189    1116    1137    1173    1108    1154    1119    1098    1071    1094
    1078    1126    1034    1045    1098    1118    1074    1056    1102    1097
    1036    1082    1136    1111    1061    1064    1074    1092    1047    1163
    1117    1129    1082    1109    1064    1062    1034    1094    1132    1117
    1124    1137    1094    1091    1072    1119    1145    1096    1062    1082
    1071    1054    1062    1041    1112    1064    1061    1125    1070    1171
    1034    1136    1084    1152    1143    1125    1152    1187    1141    1254
    1164    1282    1192    1248    1270    1331    1260    1286    1385    1374
    1384    1440    1404    1550    1458    1521    1448    1482    1341    1386
    1323    1370    1223    1380    1231    1218    1171    1202    1201    1165
    1121    1137    1092    1129    1061    1059    1072    1091    1011    1114
    1065    1093     983    1097    1001    1100    1069    1121    1050    1099
    1017    1103    1044    1058     976    1091    1056    1038     971    1116
    1079    1118     987    1099    1052    1097    1045    1132    1069    1076
     976    1052    1062    1072    1007    1018    1088    1106    1093    1010
    1087    1126     971    1119    1092    1097    1004     957    1044    1102
     992    1125     974    1093    1045    1038    1091    1070    1053    1043
     969    1136     963    1020    1101    1088     972    1061    1012    1035
     982    1107    1012     975     903    1048    1047    1071     974    1010
    1084    1076     964    1044    1063    1100    1028    1127    1079    1121
    1094    1147    1119    1270    1278    1315    1316    1464    1439    1523
    1576    1657    1732    1771    1822    1955    1877    2006    2003    2090
    2019    1953    1966    1974    1879    1767    1818    1816    1621    1620
    1511    1459    1311    1450    1321    1281    1105    1129    1156    1102
    1038     991     986    1023    1000     992    1083    1039     891     971
     974     972     937     924    1011     936     946    1029     960    1008
     933     930     939     990     982     923     966    1002     903     981
     962    1027     962     987     953    1027     984    1054    1050    1025
    1016    1075    1012    1169    1016    1110    1175    1106    1085    1112
    1145    1198    1132    1200    1070    1202    1071    1126    1147    1109
    1073    1072    1127    1065    1028    1041    1014    1005     964     977
    1070    1036     971    1010     954     991     972    1047     958     975
     969     972     932     967     904     938     911     958     953     969
     896     933     891     924     913     951     914     891     966     931
     922     910    1002     964     977     983     940    1030     996    1011
    1036    1045    1008    1055    1126    1123    1028    1125    1096    1188
    1162    1159    1233    1199    1135    1231    1183    1208    1120    1147
    1044    1099    1017    1063    1061    1102    1003    1021     998    1079
     902     933     936     953     853     875     918     883     883     902
     834     813     835     898     833     880     810     850     849     894
     810     817     853     913     814     777     843     855     813     824
     829     904     823     839     843     825     838     857     862     866
     837     864     826     927     893     885     939     936     936     936
    1009    1075     995    1008    1145    1128    1047    1082    1224    1207
    1097    1189    1175    1235    1206    1123    1254    1146    1166    1105
    1116    1116     992    1064     972     992     936     967     897     915
     816     833     880     862     794     751     849     824     775     810
     803     812     781     802     799     768     735     767     783     822
     749     783     754     757     725     744     759     789     754     762
     734     789     761     767     803     844     795     728     829     771
     765     769     817     803     799     847     777     838     775     813
     788     856     799     804     846     817     874     786     844     821
     787     762     774     777     778     802     776     801     746     736
     849     805     748     770     817     786     715     789     788     814
     709     783     770     760     731     724     734     768     737     749
     751     726     721     724     757     744     708     689     760     708
     679     725     708     752     673     691     754     731     727     728
     735     696     677     701     762     715     696     679     701     681
     667     790     724     767     678     769     768     812     740     810
     813     835     835     815     813     817     846     880     880     906
     919     935     932     909     897     937     914     931     877     914
     870     878     806     911     876     805     785     848     728     770
     746     750     703     775     730     719     707     673     701     662
     732     683     672     662     669     676     658     636     683     740
     660     676     664     688     672     690     645     679     699     672
     672     676     641     633     654     699     633     653     688     717
     676     627     676     635     587     723     606     689     690     644
     652     658     683     689     661     683     588     679     662     689
     680     709     687     698     583     644     642     726     618     682
     731     610     705     673     679     616     664     651     652     704
     634     694     660     674     609     654     643     660     658     697
     636     652     590     636     628     658     674     649     661     655
     610     607     598     661     620     636     618     689     572     651
     627     616     592     617     607     664     602     647     623     625
     644     661     628     642     626     656     613     682     622     677
     634     659     592     627     642     580     643     589     646     694
     626     597     651     602     572     606     673     624     637     605
     647     690     613     677     664     677     601     647     643     658
     603     647     652     647     617     637     691     712     614     594
     663     660     660     650     642     686     623     671     658     694
     695     658     668     642     679     652     644     704     660     664
     696     662     645     637     660     660     663     690     680     661
     685     601     716     685     636     671     660     685     656     659
     743     719     683     649     692     672     606     714     744     714
     706     690     749     716     708     730     700     783     723     745
     780     694     777     742     775     745     722     766     765     808
     754     831     853     784     750     864     847     833     816     859
     900     909     795     856     936     932     884     893     960     894
     913    1016     994     956     940    1008    1128    1063    1025    1127
    1074    1182    1174    1168    1243    1193    1209    1280    1285    1375
    1378    1475    1511    1514    1496    1579    1709    1723    1689    1817
    1922    1896    2010    1994    2121    2263    2172    2239    2576    2502
    2413    2637    2718    2670    2747    2915    3096    3065    3127    3265
    3315    3381    3301    3471    3535    3619    3529    3591    3660    3895
    3804    3756    4039    3987    3892    3812    3951    4027    3755    3979
    4286    3960    3850    3741    3806    3901    3812    3580    3653    3712
    3416    3555    3418    3431    3276    3338    3157    3176    3045    2932
    2881    2754    2636    2497    2486    2469    2326    2336    2339    2188
    2027    1849    1990    1851    1747    1786    1700    1689    1593    1466
    1464    1436    1361    1303    1298    1291    1224    1121    1156    1112
    1031    1109    1053    1055     985    1028    1018    1123     978    1013
    1014    1085    1076     962    1160    1219    1181    1207    1268    1368
    1414    1418    1510    1601    1629    1725    1816    1805    1869    2012
    2008    2229    1970    2125    2197    2326    2145    2285    2399    2307
    2094    2247    2122    2109    2048    1814    2107    1957    1839    1737
    1665    1633    1509    1451    1361    1373    1162    1085    1088    1004
     867     848     840     766     709     704     677     663     591     633
     628     596     579     608     564     584     560  301352
