$Informacoes da Fluorescencia de Raios-X:
"Sample    : ACC-938",                                                                    
"Operator  : thiago",                                                                     
"Comment  : ",                                                                            
"Group     : thiago_acra2010ma",                                                          
"Date       : 2010-06-08 05:04:50",                                                       
"",                                                                                       
"Mesurement Condition",                                                                   
"------------------------------------------------------------------------------------",   
"Instrument : 700HS2   Atmosphere : Vac.   Collimator : 10(mm)   Spin : No",              
"------------------------------------------------------------------------------------",   
"Analyte               TG kV   uA      FI Acq.(keV)  Anal.(keV)  Time(sec)     DT(%)",    
"------------------------------------------------------------------------------------",   
"Na                    Rh 50  430-Auto Al  0 - 20    0.8 - 1.2   Live -  960   21",       
"Channel_info_start",                                                                     
"Channel : Na",                                                                           
"Points : 2048
"Range : 0.000000 - 20.480000",                                                           
"Step : 0.010000",                                                                        
"Channel_info_end",                                                                       
$DATA:
       0    2047
       0       0       0       0       0       0       0       0       0    2048
       0       0       0       0       0       0       0       0       0       0
       0       0       0       0       0       0       0       0       0       0
       0       0       0       0       0       0       0       0       1       5
      87     168     195     181     171     192     142     197     167     192
     194     204     180     192     183     188     172     202     192     223
     219     217     225     252     221     243     241     235     268     223
     203     247     209     226     185     225     210     197     224     232
     221     232     212     220     166     202     186     193     169     190
     178     183     176     203     189     215     210     239     227     232
     265     227     212     221     189     159     192     195     184     215
     157     210     200     249     211     236     197     233     202     234
     193     209     218     216     183     198     199     241     238     278
     339     338     345     426     465     467     484     506     410     452
     366     430     360     377     308     360     377     472     547     807
    1043    1547    1957    2852    3330    4260    4671    5304    5451    5696
    5086    5035    4329    3891    3022    2721    2079    1751    1291    1234
    1105    1262    1575    2231    3133    5101    7001   10496   13489   18663
   21467   26045   28273   31329   29994   31813   27270   25076   19903   17169
   12971   10463    7015    5421    3774    2812    2027    1589    1278    1116
     887    1024     866     857     789     865     792     798     735     698
     636     620     563     534     477     463     402     462     391     348
     331     320     311     352     334     377     334     375     423     497
     606     803     933    1248    1439    1959    2231    2660    2943    3337
    3310    3489    3356    3202    2827    2566    2087    1830    1316    1142
     857     720     594     591     541     521     515     514     502     616
     619     712     953    1171    1409    1858    2160    2862    3058    3847
    4044    4583    4343    4642    4259    4062    3402    2920    2437    2093
    1474    1332     927     822     712     686     670     752     691     766
     729     792     722     734     685     688     603     601     551     512
     434     465     419     455     349     387     383     408     382     375
     387     451     392     478     436     465     415     452     463     525
     485     541     549     648     644     711     892    1133    1382    1932
    2512    3644    4607    6573    8060   10737   12589   15391   17184   19322
   19597   21194   20400   20742   17859   17594   14004   12458    9613    8163
    5913    4613    3137    2525    1749    1472    1049    1092    1024    1200
    1330    1674    1910    2406    2913    3778    4555    5951    7285    9656
   12128   15544   17887   22281   25738   30680   31809   36612   36015   38463
   35897   35773   32067   29287   24194   21107   17088   13654    9825    7473
    5388    3929    2569    1879    1271    1078     810     782     787    1009
    1069    1403    1683    2114    2456    2972    3298    3857    4173    4832
    4538    4957    4715    4718    4320    4249    3433    3185    2627    2195
    1689    1474    1035     899     685     599     493     412     366     363
     360     334     350     337     355     342     352     380     378     364
     369     428     441     493     526     651     764    1083    1334    1725
    2327    3013    3597    4661    5571    6754    7462    8603    9583   10141
    9952   10293    9833    9824    8533    8028    6988    6265    5006    4494
    3562    3083    2388    2054    1622    1532    1249    1109     984     934
     842     809     728     767     711     764     712     812     850     836
     925     972    1061    1178    1253    1414    1423    1628    1625    1949
    1920    2062    2018    2181    1930    2167    1896    1777    1526    1547
    1360    1333    1134     984     943     881     759     699     749     697
     644     720     667     693     664     693     650     721     737     761
     744     807     783     775     764     779     759     829     765     790
     816     824     896     932     891     969     983    1002     937    1031
     978    1055     982    1002     970    1003     917     948     916     892
     866     853     838     836     848     809     831     862     824     826
     769     802     794     790     825     812     834     834     831     896
     856     917     942     942    1003    1063    1184    1263    1401    1676
    1722    1960    2075    2410    2559    2920    2911    3061    3182    3343
    3078    3364    2958    2956    2638    2555    2314    2224    2018    1812
    1716    1604    1449    1339    1377    1358    1314    1325    1307    1355
    1341    1378    1432    1480    1469    1583    1719    2033    2359    2744
    3536    4643    5912    8534   11128   15228   19520   26791   33545   43777
   51737   64453   77034   91354   99077  114623  123273  134737  133814  149958
  138916  141197  127223  125479  111691  103754   86695   77635   63799   54238
   41427   34458   26128   20826   14792   11511    7880    6242    4390    3557
    2572    2106    1648    1579    1380    1322    1207    1277    1253    1307
    1151    1245    1135    1262    1217    1179    1231    1343    1295    1369
    1379    1471    1470    1584    1628    1893    1977    2361    2468    3052
    3190    4099    4634    5921    6828    8287    9469   11201   11943   13830
   15194   16650   17100   18446   19291   19521   18396   18199   17230   16573
   14667   13356   11978   10806    8685    7755    6343    5394    4231    3642
    2784    2516    2018    1737    1582    1342    1132    1225    1121     988
    1016    1044    1012    1055    1010    1030    1098    1125    1031    1113
    1090    1171    1048    1125    1148    1150    1125    1117    1106    1196
    1051    1141    1107    1098    1086    1064    1095    1077    1062    1049
    1074    1061    1003    1065    1013    1118    1029    1070    1109    1047
    1054    1026    1010    1087    1044    1106    1053    1051     994    1129
    1127    1079    1064    1201    1110    1121    1048    1118    1228    1188
    1156    1240    1294    1277    1244    1317    1319    1386    1404    1549
    1573    1483    1410    1547    1541    1466    1401    1466    1356    1480
    1410    1305    1251    1319    1127    1176    1147    1160    1081    1112
    1003    1105     979    1025    1018    1044     940     995    1046     994
     996    1019     991    1051     977    1072     977    1070     900     984
    1043     999     957     982    1039    1138    1054    1143    1092    1199
    1157    1312    1461    1448    1379    1580    1627    1808    1735    1863
    1745    1949    1898    1932    1919    1966    1740    1770    1753    1630
    1491    1532    1436    1434    1222    1256    1143    1159    1048    1135
    1014    1069     957    1054    1049    1029    1017    1025    1022     982
     964    1007     959     995     940    1033    1001    1056     926    1002
     956     952     940    1007     991     933     940     965     929     982
     932    1036     994     999     922     979     988    1025    1008    1024
     987    1013     958    1008    1008    1012     969     972    1021     940
     964     958     946     943     904    1020     934    1025     925     951
     947    1017     918    1013     992    1012     939    1035     978    1087
    1009     999    1046    1060     983    1098    1046    1029    1005    1047
    1025    1107    1021    1034     981    1016     982    1052     977    1089
     999     961     931    1028     909     963     925     918     901     967
     968     953     894     947     914     947     880     907     935     914
     923     915     906     915     886     956     894     939     944     931
     973     965     953     963     953     963     938     995     939     898
     947     942     943     931     999     968     935    1009     891     927
     930     926     853     899     956     924     859     900     892    1024
     865     996     887     975     937     948     957     965     922     984
     909     956     934    1002    1012    1043     979    1005    1046    1078
    1028    1027    1047    1036    1062    1080    1045    1063     976    1034
     976    1011     965     968     977     933     918     968     940     958
     903     895     929     965     892     969     931     913     878     943
     946     963     887     914     920     967     915     977     930     925
     900     942     843     937     877     896     930     909     904     939
     908     915     880     931     877     920     868     886     860     905
     836     932     856     899     869     861     863     921     848     842
     880     895     876     918     857     886     798     878     898     871
     838     789     872     941     840     847     824     878     822     914
     836     870     782     851     927     924     833     863     845     838
     827     856     845     888     799     870     842     839     876     863
     836     850     790     845     856     859     818     860     876     925
     830     863     833     943     879     879     874     982     889     888
     887     947     922     942    1016    1021     969    1030     960    1029
     957    1028     972     969     944    1017     929     960     964     883
     908     845     848     933     827     901     801     866     819     843
     785     831     816     781     764     833     810     851     810     843
     829     815     792     782     795     830     777     818     809     750
     784     777     799     768     730     760     789     820     767     809
     783     815     760     803     822     827     729     793     830     861
     769     826     834     840     821     827     828     874     839     829
     809     845     838     834     798     888     815     947     883     897
     864     886     920     969     856     932     927     983     906     918
     988     925     836     873     873     922     872     907     880     892
     826     872     815     855     756     860     801     795     748     813
     776     805     725     750     772     748     715     742     777     746
     693     720     740     811     724     770     708     794     756     808
     827     885     776     825     842     904     838     862     929     872
     899     938     924     986     891     907     958     972     882     892
     901     897     876     950     942     877     786     828     785     854
     800     800     798     774     765     781     746     769     717     699
     705     746     699     708     740     709     677     650     693     726
     674     671     665     707     687     706     742     715     665     659
     713     660     698     728     707     738     654     681     722     703
     713     720     696     718     752     755     784     792     786     795
     831     864     906     876    1019     993     996    1031    1003    1038
     972    1061    1066    1062    1034     990    1052    1083     987     921
     999     965     925     859     864     906     843     844     773     752
     720     711     732     752     679     717     729     651     596     716
     661     664     657     704     643     700     677     637     647     654
     691     645     651     646     673     613     595     637     663     654
     629     635     626     654     628     634     648     627     641     674
     673     647     714     738     669     607     660     704     662     654
     713     699     647     680     671     717     637     716     702     707
     704     670     671     720     680     726     647     708     681     662
     641     691     657     657     685     699     549     629     626     662
     600     607     663     583     629     617     629     638     552     574
     603     654     637     573     604     611     587     591     620     592
     592     541     601     638     629     540     647     669     624     638
     601     616     574     644     570     564     575     600     607     661
     652     654     671     683     653     676     708     724     696     704
     761     738     746     755     816     839     799     856     892     854
     866     837     891     976     882     897     939     831     926     868
     856     801     882     837     802     804     787     721     703     721
     721     663     744     671     618     659     644     633     644     602
     617     620     621     537     543     587     586     581     532     556
     546     565     591     569     494     583     572     615     502     570
     531     621     508     583     543     580     535     508     547     541
     530     542     584     596     537     554     542     585     572     555
     546     585     551     551     560     616     547     600     546     613
     601     586     619     543     556     559     593     619     509     584
     550     586     598     606     539     589     572     587     601     547
     567     532     573     589     576     558     576     561     525     538
     543     541     539     532     564     555     479     514     521     516
     511     514     526     533     516     540     507     511     517     500
     556     512     471     490     535     567     470     507     549     530
     473     532     531     545     497     529     515     494     521     533
     548     549     508     484     520     490     559     463     523     498
     507     535     526     545     487     515     528     520     511     493
     543     548     556     531     509     539     468     574     560     577
     541     546     561     568     569     552     557     576     528     565
     604     583     529     523     590     624     526     529     578     611
     587     612     551     517     570     625     566     568     565     576
     569     532     543     502     559     558     529     500     534     563
     580     540     621     569     557     538     552     577     557     528
     607     581     568     589     590     599     529     592     622     668
     568     548     654     573     554     564     591     628     572     628
     578     586     603     601     656     707     607     621     618     667
     632     655     644     627     622     659     686     662     677     688
     706     653     673     783     691     784     734     776     792     834
     755     768     852     829     819     763     888     845     830     904
     916     896     941     900    1002    1117     995    1082    1034    1103
    1139    1204    1238    1341    1229    1301    1310    1474    1376    1475
    1589    1670    1517    1655    1824    1822    1798    1751    1984    2133
    1992    2126    2146    2244    2207    2421    2562    2627    2602    2576
    2659    2752    2737    2775    2866    2973    2822    3071    3030    3160
    3021    3032    3255    3112    3128    3095    3391    3217    3142    3014
    3369    3284    3046    3190    3084    3082    2946    3002    3028    3069
    2780    2831    2790    2761    2646    2628    2561    2488    2281    2316
    2306    2293    2151    2024    2110    2032    1892    1911    1810    1853
    1670    1493    1693    1521    1454    1370    1370    1357    1290    1170
    1256    1103    1118    1073    1027    1018     953     978     974     925
     878     885     868     863     861     838     850     865     772     805
     821     853     821     837     992     953     972    1104    1104    1078
    1152    1225    1287    1376    1360    1443    1542    1617    1646    1705
    1770    1873    1766    1871    1936    1911    1818    1931    2097    1997
    1837    1908    1817    1778    1810    1661    1942    1637    1486    1554
    1480    1488    1248    1208    1201    1110    1047     903     929     861
     749     756     744     643     607     572     616     537     488     498
     517     484     511     468     471     491     412  247209
