$Informacoes da Fluorescencia de Raios-X:
"Sample    : ACC-987",                                                                    
"Operator  : thiago",                                                                     
"Comment  : ",                                                                            
"Group     : thiago_acra2010ma",                                                          
"Date       : 2010-06-09 00:08:58",                                                       
"",                                                                                       
"Mesurement Condition",                                                                   
"------------------------------------------------------------------------------------",   
"Instrument : 700HS2   Atmosphere : Vac.   Collimator : 10(mm)   Spin : No",              
"------------------------------------------------------------------------------------",   
"Analyte               TG kV   uA      FI Acq.(keV)  Anal.(keV)  Time(sec)     DT(%)",    
"------------------------------------------------------------------------------------",   
"Na                    Rh 50 1000-Auto Al  0 - 20    0.8 - 1.2   Live -  959   19",       
"Channel_info_start",                                                                     
"Channel : Na",                                                                           
"Points : 2048
"Range : 0.000000 - 20.480000",                                                           
"Step : 0.010000",                                                                        
"Channel_info_end",                                                                       
$DATA:
       0    2047
       0       0       0       0       0       0       0       0       0    2048
       0       0       0       0       0       0       0       0       0       0
       0       0       0       0       0       0       0       0       0       0
       0       0       0       0       0       0       0       1       1       6
      85     218     225     240     204     210     200     216     258     252
     219     218     209     231     238     263     228     241     225     265
     289     332     327     305     335     369     353     359     362     369
     342     375     345     374     341     336     326     310     314     367
     338     327     305     286     265     248     218     255     246     217
     194     235     233     237     245     230     256     254     230     244
     230     241     244     277     209     248     243     211     218     269
     262     263     237     264     266     275     256     305     283     254
     213     255     240     248     239     255     254     286     264     275
     322     337     402     406     396     442     435     455     359     404
     356     383     347     344     341     342     349     440     438     662
     887    1181    1402    1876    2050    2765    2843    3280    3359    3502
    3207    3339    3026    2753    2311    2162    1723    1585    1251    1161
    1074    1123    1144    1454    1914    2725    3467    5174    6348    8120
    9267   10903   11499   12685   12162   12986   11489   10760    8848    7966
    6100    4951    3589    2909    2050    1598    1187    1028     824     761
     696     739     635     655     630     629     598     604     618     659
     600     595     501     582     494     502     483     503     433     466
     458     482     436     443     465     452     545     624     678     887
    1147    1447    1740    2429    3127    3972    4361    5145    5757    6566
    6272    6656    6279    6206    5387    4881    4052    3611    2744    2388
    1661    1383    1063    1017     809     829     719     746     707     669
     717     731     834     921     992    1374    1377    1708    1875    2209
    2321    2448    2309    2596    2392    2406    1968    1830    1574    1344
    1098    1008     800     698     643     632     610     622     598     639
     670     682     613     653     682     623     620     647     555     553
     562     555     495     536     500     512     500     524     474     477
     490     575     487     593     506     561     550     558     583     605
     615     677     712     832     867    1081    1250    1746    2241    3394
    4325    6344    8185   11016   13729   17537   20052   24842   26628   30527
   30731   33173   32398   32292   28723   28113   22798   20409   16104   13522
   10106    7954    5519    4192    2990    2286    1706    1560    1412    1690
    1726    2195    2580    3212    3503    4415    5000    6343    6700    8271
    9181   10809   11725   13630   14875   16744   17168   18861   18437   19424
   17471   17818   15934   14781   12330   10956    8996    7313    5528    4380
    3291    2552    1820    1479    1029     946     840     866     841     916
    1028    1124    1223    1375    1531    1896    2018    2128    2231    2613
    2397    2597    2501    2438    2300    2218    1870    1733    1448    1353
    1073     919     788     729     609     585     538     530     417     453
     454     477     444     462     433     524     438     483     505     483
     490     531     540     555     608     661     748     808    1035    1256
    1544    1864    2067    2653    3129    3661    3926    4497    4846    5230
    4902    5141    4949    5083    4425    4153    3651    3399    2893    2542
    2163    1875    1624    1421    1079    1106     992     908     876     817
     772     762     755     733     692     773     722     756     775     870
     885     947     859    1052    1047    1210    1130    1193    1278    1381
    1354    1442    1429    1499    1424    1448    1375    1427    1320    1293
    1154    1009     976     901     877     900     783     789     779     785
     763     763     742     803     743     761     688     756     776     801
     796     854     806     848     803     858     819     958     835     914
     811     925     928     969     896    1013    1033    1075    1045    1115
    1072    1141    1008    1084    1022    1105     960    1046    1013    1085
     993     988     989    1032     937     986     950    1020    1016    1009
    1016    1038     943    1054     963    1074     967    1105    1023    1099
     999    1068    1062    1172    1099    1246    1108    1333    1299    1462
    1515    1657    1629    1802    1910    2031    2014    2160    2202    2248
    2063    2212    2111    2199    1934    1963    1732    1862    1710    1628
    1580    1542    1485    1509    1377    1466    1335    1399    1472    1526
    1453    1478    1459    1588    1472    1755    1744    1931    2043    2375
    2740    3314    4022    5435    6966    8933   11081   14746   17996   22961
   26812   33262   38699   45597   48251   55251   59056   64240   63938   71810
   66061   67439   60779   59966   54003   50063   42304   38811   32022   27644
   21272   18499   14362   11457    8444    7053    5249    4309    3297    2849
    2363    2101    1909    1848    1730    1723    1585    1635    1580    1759
    1665    1668    1626    1618    1685    1659    1670    1710    1601    1740
    1769    1872    1771    1846    1966    2020    2011    2359    2304    2718
    2715    3173    3564    4133    4470    5298    5804    6605    6886    7767
    8357    9080    9201    9974    9986   10347    9463    9838    9098    9083
    7905    7684    6872    6244    5223    4865    4319    3847    3222    3051
    2463    2456    2080    2048    1867    1751    1650    1695    1699    1619
    1475    1658    1718    1630    1556    1626    1641    1696    1600    1649
    1714    1709    1682    1740    1749    1713    1645    1675    1823    1757
    1744    1717    1649    1755    1620    1595    1664    1637    1668    1664
    1610    1684    1598    1611    1532    1677    1555    1693    1712    1630
    1550    1633    1564    1694    1561    1734    1700    1720    1640    1749
    1773    1693    1565    1743    1671    1793    1698    1815    1766    1821
    1765    1867    1909    2068    2024    2065    2097    2213    2141    2315
    2305    2306    2306    2365    2249    2406    2212    2274    2130    2188
    2011    1931    1864    1857    1753    1718    1645    1630    1569    1638
    1620    1589    1495    1518    1482    1517    1471    1473    1491    1482
    1361    1569    1486    1512    1451    1458    1437    1512    1489    1492
    1511    1500    1497    1510    1529    1572    1562    1716    1712    1961
    1853    1962    2102    2238    2276    2414    2644    2719    2700    2859
    2939    3063    2912    2826    2877    2869    2653    2694    2518    2564
    2300    2262    2193    2063    1863    1837    1797    1743    1599    1637
    1534    1548    1469    1540    1505    1472    1505    1508    1516    1516
    1450    1558    1450    1532    1453    1505    1512    1476    1420    1512
    1492    1487    1404    1480    1391    1417    1351    1432    1396    1428
    1347    1528    1371    1441    1348    1491    1480    1417    1423    1413
    1463    1528    1438    1481    1406    1488    1465    1466    1440    1483
    1367    1429    1364    1410    1392    1442    1397    1424    1323    1403
    1450    1448    1412    1473    1509    1585    1442    1517    1467    1557
    1402    1564    1507    1640    1512    1535    1499    1556    1539    1564
    1620    1633    1480    1516    1462    1551    1456    1477    1426    1475
    1340    1379    1387    1402    1350    1430    1387    1423    1399    1364
    1350    1443    1324    1342    1328    1397    1344    1263    1301    1412
    1330    1262    1374    1377    1314    1420    1381    1421    1304    1351
    1319    1369    1361    1407    1344    1432    1315    1400    1347    1421
    1271    1391    1294    1350    1351    1373    1358    1389    1311    1345
    1245    1383    1289    1393    1303    1465    1310    1379    1357    1401
    1341    1402    1348    1398    1294    1422    1486    1412    1389    1519
    1399    1502    1404    1453    1575    1550    1468    1461    1554    1621
    1513    1552    1547    1598    1585    1517    1578    1649    1470    1551
    1566    1518    1483    1449    1480    1462    1438    1451    1505    1452
    1355    1418    1375    1462    1367    1399    1436    1374    1284    1360
    1408    1422    1402    1408    1401    1278    1338    1444    1362    1355
    1290    1431    1343    1333    1266    1412    1331    1338    1370    1343
    1291    1379    1330    1387    1388    1377    1292    1412    1358    1361
    1264    1353    1360    1423    1316    1403    1383    1412    1318    1369
    1412    1358    1329    1338    1358    1417    1254    1394    1347    1410
    1360    1347    1378    1372    1291    1350    1373    1394    1273    1389
    1301    1407    1249    1311    1362    1379    1331    1342    1340    1353
    1313    1330    1315    1358    1308    1285    1298    1396    1352    1328
    1373    1410    1316    1393    1353    1413    1368    1495    1467    1604
    1557    1715    1792    1949    1994    2072    2222    2563    2502    2683
    2895    3150    3146    3484    3577    3706    3616    3874    3924    3996
    3897    3924    3912    3921    3495    3491    3340    3325    3004    3008
    2764    2666    2327    2268    2162    1994    1747    1736    1702    1579
    1420    1528    1453    1418    1358    1318    1349    1256    1165    1216
    1226    1215    1190    1342    1221    1242    1187    1265    1235    1221
    1265    1276    1211    1283    1279    1302    1259    1220    1268    1207
    1255    1264    1200    1304    1272    1263    1222    1239    1264    1323
    1315    1271    1276    1311    1193    1319    1291    1420    1264    1375
    1352    1383    1309    1289    1360    1289    1324    1291    1289    1363
    1296    1357    1290    1296    1274    1348    1229    1242    1206    1259
    1291    1271    1171    1248    1175    1219    1185    1190    1164    1270
    1155    1173    1190    1158    1122    1241    1195    1251    1122    1219
    1216    1166    1123    1164    1215    1242    1212    1211    1274    1246
    1244    1282    1308    1269    1229    1379    1360    1431    1393    1461
    1438    1591    1478    1585    1609    1698    1636    1673    1673    1740
    1645    1599    1670    1650    1529    1576    1566    1603    1496    1489
    1452    1454    1368    1364    1305    1305    1250    1278    1268    1237
    1234    1251    1189    1201    1083    1146    1172    1146    1101    1167
    1146    1124    1008    1134    1117    1113    1027    1166    1158    1142
    1084    1083    1122    1065    1049    1106    1093    1122    1078    1099
    1036    1134    1057    1086    1107    1155    1046    1092    1096    1175
    1061    1136    1132    1173    1094    1124    1143    1081    1163    1133
    1234    1260    1168    1246    1254    1242    1214    1289    1309    1243
    1236    1275    1251    1310    1251    1276    1284    1252    1207    1291
    1190    1258    1175    1148    1176    1176    1133    1084    1118    1207
    1089    1094    1056    1057    1035    1041    1042    1084    1034    1004
    1007    1033    1008    1057    1007     987    1003     980    1036    1033
     941     999    1120    1066    1033    1096    1006    1043     980    1071
     987    1034    1028    1015    1003    1057     975     964    1015    1053
     966    1014    1041    1008     972    1061    1009    1101     978    1005
     990    1052     978    1045    1035    1044    1013    1034    1007    1047
     996    1035    1036    1039     973    1041    1003    1006     969     948
    1024    1004     984     925    1051     928     879     980     936     990
     920    1009    1054     980     939    1000     957     945     872     946
     951     999     914     939     918     966     928     918     929     945
     931     946     959     890     862     938    1069     889     875     970
     916     958     904     937     897     958     904     955     926     913
     934     978     930     985     927     987     964    1000     958     903
    1017    1003     891     970     913    1024     965    1014    1019    1045
    1068    1083    1015    1018    1019    1018    1041    1087    1056    1026
    1029     978    1009    1039    1007     963     970     949     999     966
     885     959     958     864     895     916     899     911     940     840
     914     945     890     879     870     901     897     916     888     913
     869     859     826     885     900     840     914     855     860     849
     888     838     876     848     891     908     850     874     870     855
     786     831     950     919     830     849     898     910     869     903
     905     920     849     908     910     915     805     869     889     890
     875     875     887     989     886     819     893     869     819     937
     860     839     809     959     917     862     862     856     898     888
     816     899     838     852     830     830     839     832     842     854
     881     866     815     837     803     859     837     856     895     865
     783     836     798     840     817     822     871     899     861     846
     813     875     859     783     872     857     797     852     791     884
     802     819     841     819     851     849     877     821     785     849
     913     819     886     780     909     854     826     826     881     841
     825     827     809     830     798     802     901     848     797     782
     913     884     817     895     860     860     809     820     827     864
     849     870     957     862     786     885     879     874     849     869
     923     845     862     918     816     852     891     822     869     927
     829     956     868     878     869     860     903     909     879     857
     888     907     929     872     916     865     888     846     921     940
     792     851    1006     930     844     884     868     944     865     977
     903     958     848     927     973     910     871     967     917     988
     939     957     972     914     948     964     946     927     904     998
    1018    1006     989    1038    1116     979     985     995     980    1055
     963    1016    1073    1093    1062    1054    1074    1112    1092    1187
    1137    1233    1143    1170    1155    1202    1144    1217    1245    1333
    1268    1261    1291    1409    1286    1430    1436    1406    1354    1432
    1499    1528    1496    1587    1639    1676    1661    1804    1753    1843
    1840    1986    1986    2120    1988    2213    2287    2338    2397    2458
    2594    2716    2721    2858    2947    2942    2986    3075    3449    3445
    3452    3697    3744    3779    3828    4087    4050    4483    4238    4299
    4605    4773    4605    4690    4878    4858    4892    4999    5209    5174
    5016    5010    5408    5477    5170    5314    5378    5501    5099    5253
    5772    5405    5081    5036    5155    5200    4923    4945    4841    4844
    4683    4671    4537    4611    4277    4475    4115    4132    3903    3857
    3672    3682    3536    3581    3510    3315    3169    3007    2977    2978
    2795    2718    2848    2653    2438    2379    2248    2177    2045    2031
    1975    1983    1788    1700    1725    1766    1565    1581    1627    1521
    1414    1350    1424    1422    1270    1332    1385    1279    1284    1325
    1418    1396    1381    1380    1498    1488    1471    1517    1688    1724
    1698    1789    2024    2083    1982    2190    2213    2355    2282    2627
    2612    2652    2816    2757    2772    2869    2873    2769    2940    2931
    2765    2873    2823    2801    2556    2479    2700    2504    2302    2229
    2181    2050    1873    1940    1752    1745    1507    1479    1418    1250
    1226    1150    1078    1084     951    1022     935     828     856     790
     800     795     752     744     793     747     691  404960
