Acquisition date and time: 00-00-   0 (00:00:00)
Live Time:,        0
Real Time:,        0
 
Photopeaks:,    15
  11,      1.041,        433,         88,       2.08
  12,      1.254,       1632,        101,       1.57
  13,      1.487,      32855,        231,       5.52
  14,      1.740,     151031,        550,      11.77
  15,      2.013,        697,        122,       2.30
  16,      2.307,      44937,        251,       3.16
  17,      2.622,      62258,        372,       3.78
  19,      3.313,     214020,        550,      11.70
  20,      3.691,     246998,        655,       7.52
  22,      4.509,      65362,        353,       2.03
  23,      4.950,        917,        210,       1.63
  24,      5.412,       2846,        194,       1.15
  25,      5.895,      14544,        258,      15.14
  45,      2.696,        851,        173,       4.34
  56,      4.464,       2860,        283,       1.99
Incoherent scattering peaks:,     4
  14,      1.734,       4306,        552,      12.27
  17,      2.609,      -2182,        459,       3.75
  19,      3.292,       2737,        398,      10.64
  20,      3.665,       2441,        641,       7.67
