$Informacoes da Fluorescencia de Raios-X:
"Sample    : AFR-112",                                                                    
"Operator  : THIAGO",                                                                     
"Comment  : ",                                                                            
"Group     : thiago_acra2010ma",                                                          
"Date       : 2010-11-07 03:10:41",                                                       
"",                                                                                       
"Mesurement Condition",                                                                   
"------------------------------------------------------------------------------------",   
"Instrument : 700HS2   Atmosphere : Vac.   Collimator : 10(mm)   Spin : No",              
"------------------------------------------------------------------------------------",   
"Analyte               TG kV   uA      FI Acq.(keV)  Anal.(keV)  Time(sec)     DT(%)",    
"------------------------------------------------------------------------------------",   
"Na                    Rh 50 1000-Auto Al  0 - 20    0.8 - 1.2   Live -  959    8",       
"Channel_info_start",                                                                     
"Channel : Na",                                                                           
"Points : 2048
"Range : 0.000000 - 20.480000",                                                           
"Step : 0.010000",                                                                        
"Channel_info_end",                                                                       
$DATA:
       0    2047
       0       0       0       0       0       0       0       0       0    2048
       0       0       0       0       0       0       0       0       0       0
       0       0       0       0       0       0       0       0       0       0
       0       0       0       0       0       0       0       2       3       7
      51     139     124     134     116     118     115     137     125     140
     100     139     117     138     108     125      97     159     132     124
     120     129      97     127     121     126     132     141     128     155
     159     164     184     193     188     248     206     237     218     216
     225     215     180     174     162     166     116     108     110     114
     108     122     118     115     112     125     112     125     128     128
     114      99     110     129     130     126     119      99     118     122
     120     109     112      97     119     145     117     108     103     133
     118     125     142     115     106     109     114     127     130     127
     106     129     112     117     138     134     112     145     136     143
     138     150     131     110     112     125     115     142     116     106
     130     125     149     180     153     180     201     223     208     240
     239     290     263     263     239     270     205     220     222     219
     209     190     173     193     191     207     246     304     349     457
     466     561     603     701     699     778     687     645     539     506
     453     406     306     320     235     226     177     178     186     161
     155     190     151     170     153     163     159     212     179     180
     173     181     173     166     157     134     155     152     126     139
     101     125     117     111     105     139     121     121     112     134
     162     157     179     224     237     309     320     399     487     506
     516     570     567     549     502     475     426     347     287     273
     212     191     172     155     127     134     150     138     118     131
     151     159     167     217     198     292     267     374     402     442
     511     583     543     603     561     590     522     486     417     411
     336     340     233     243     190     186     202     175     184     170
     207     227     205     224     207     220     210     178     197     221
     169     185     164     167     172     173     154     180     133     145
     164     160     157     166     142     168     153     164     150     187
     158     183     179     216     218     276     273     350     405     562
     734    1076    1301    1950    2312    3045    3621    4476    4945    5721
    5990    6557    6564    6670    6121    6041    4976    4616    3750    3217
    2533    1992    1402    1119     762     593     426     386     353     357
     390     456     545     557     679     923     997    1212    1302    1636
    1841    2279    2544    2960    3269    3856    4055    4465    4510    4773
    4472    4583    4281    4025    3332    3040    2580    2084    1578    1353
     989     797     562     431     350     248     225     229     236     238
     245     296     297     358     338     455     485     570     587     679
     696     757     672     762     658     666     602     579     517     451
     398     352     330     313     233     263     220     214     194     193
     198     217     214     211     214     239     224     204     234     235
     208     210     226     245     242     235     275     281     241     282
     253     311     295     336     359     374     450     458     461     433
     485     497     492     487     444     476     442     428     395     409
     355     406     350     371     327     321     343     319     294     336
     354     331     327     314     313     353     337     377     296     398
     391     354     361     368     330     407     349     421     374     414
     343     424     428     424     398     391     392     433     373     397
     390     385     384     403     402     378     406     367     389     429
     370     396     379     374     353     397     371     413     373     390
     428     430     389     401     396     438     410     453     406     455
     456     492     461     490     510     507     528     585     540     585
     583     537     543     588     569     578     574     583     540     554
     564     548     533     588     568     529     597     547     517     540
     575     600     566     570     528     568     552     580     588     593
     599     565     582     597     580     670     580     678     619     656
     628     687     679     739     679     746     731     759     744     781
     730     781     754     802     742     754     776     746     741     781
     734     755     688     725     743     760     722     703     715     749
     661     742     712     730     676     758     753     829     774     816
     815     825     833     936     997    1072    1042    1199    1329    1574
    1626    1948    2072    2421    2396    2732    2947    3182    3193    3664
    3281    3357    3113    3144    2919    2836    2458    2425    2099    2061
    1665    1653    1430    1347    1185    1095    1033    1004     941     963
     988     956     870     956     906     951     929     883     969     905
     901     916     941     926     928     919     947    1044     873     929
     951     985     953     956     920     977     915    1014     930     976
     967    1035    1014    1056    1060    1093    1078    1169    1169    1210
    1225    1288    1229    1330    1344    1350    1266    1235    1254    1278
    1256    1220    1213    1206    1114    1115    1095    1100    1001    1052
    1001    1041     915    1044     970     988     960    1009    1008    1030
    1001    1012     986    1010    1007     984     987    1083    1016    1016
    1015    1024     949    1021     967    1071     993    1069    1075    1058
     970    1069    1024    1047    1007    1071    1074    1036     951    1047
     992    1072     960    1012    1021     996     981     995    1021    1061
     976    1011     998    1017     946    1081    1049    1047     956    1042
    1010    1072    1043    1090    1017    1094     985    1078    1065    1152
    1093    1170    1171    1186    1204    1293    1248    1367    1276    1352
    1408    1410    1316    1462    1376    1487    1409    1336    1340    1284
    1220    1239    1150    1169    1047    1119    1033    1097    1006    1008
     930     959     861     953     936     899     889     907     923     906
     886     942     892     939     868     971     881     915     892     898
     950     994     929     910     895     920     923    1000     942     948
     964     987    1032     987     960    1093    1113    1142    1144    1228
    1146    1190    1173    1167    1189    1171    1094    1106    1127    1162
    1034    1045    1011     976     899     969    1029     940     897     964
     933     937     899     915     957     955     880     877     948     918
     895     929     925     902     902     855     924     896     876     917
     857     832     804     881     835     886     835     859     848     876
     857     922     805     880     803     891     838     915     808     831
     839     836     819     830     874     832     840     894     842     853
     799     842     847     827     845     922     887     811     848     813
     830     821     785     848     882     866     830     898     869     906
     859     862     852     918     843     849     871     868     790     874
     904     864     820     819     830     845     797     829     778     858
     804     818     845     873     761     916     823     887     782     872
     822     813     757     793     819     824     749     805     785     817
     768     772     828     827     822     851     792     848     772     825
     789     851     817     838     838     827     834     788     793     874
     789     844     858     850     807     824     795     811     771     798
     803     777     829     864     783     793     790     801     837     869
     795     859     829     770     791     890     833     896     889     831
     845     861     771     822     857     872     836     807     794     880
     829     836     814     825     808     871     819     861     837     840
     850     831     815     854     839     902     789     834     802     886
     795     845     873     886     820     885     816     827     850     876
     842     840     743     803     873     836     821     873     879     900
     787     854     872     804     800     887     872     870     807     786
     834     918     804     888     861     865     806     860     797     837
     805     861     850     860     792     872     891     859     875     819
     867     845     838     844     826     865     826     890     883     889
     826     856     789     874     804     814     833     884     776     863
     838     891     797     832     832     861     760     868     896     836
     771     889     804     875     821     835     795     836     783     855
     857     868     768     817     823     848     819     897     809     882
     854     811     826     826     809     801     831     896     802     855
     898     842     772     897     845     878     779     872     893     874
     808     839     913     879     792     841     873     890     740     816
     782     817     818     818     834     750     770     808     794     803
     762     812     843     817     749     776     888     807     771     777
     788     764     776     800     803     834     770     738     791     814
     778     797     796     766     764     783     765     777     716     792
     773     806     769     764     757     732     739     746     766     777
     725     723     764     759     732     720     744     771     712     740
     796     741     691     803     744     783     714     800     757     808
     727     705     799     745     726     773     767     743     763     781
     733     761     684     743     730     773     725     721     734     759
     744     715     746     755     728     762     725     755     746     785
     727     738     721     685     753     772     720     695     734     769
     631     747     683     729     706     706     760     759     724     683
     757     731     737     686     719     762     701     752     739     738
     705     749     740     750     732     734     762     798     791     767
     709     721     764     819     773     767     723     724     742     765
     722     735     713     754     771     717     707     688     726     681
     689     650     663     761     692     723     738     710     694     698
     675     636     727     720     709     665     709     662     678     695
     701     713     693     690     704     668     677     688     665     713
     685     710     709     731     671     693     698     656     643     634
     710     700     694     706     664     694     708     677     756     768
     719     713     674     783     700     724     718     692     672     650
     702     676     646     715     674     690     723     708     664     643
     633     671     661     678     652     659     635     660     577     638
     685     679     665     613     660     658     637     649     651     661
     620     628     619     608     654     676     629     597     625     610
     660     630     558     671     656     678     591     692     602     636
     605     598     643     665     628     621     619     649     613     616
     653     613     614     655     642     643     629     690     644     613
     658     606     644     672     605     627     606     648     607     641
     647     624     592     573     659     594     618     597     588     670
     585     581     580     635     588     621     565     624     578     585
     609     584     568     612     578     637     594     585     643     588
     588     538     594     591     568     612     660     596     580     603
     617     585     566     624     573     579     547     602     561     609
     554     630     572     623     571     576     549     609     547     628
     593     580     590     572     573     578     598     577     564     604
     578     596     601     571     569     616     537     569     536     545
     572     599     596     567     603     622     556     566     563     593
     559     555     568     592     565     544     593     596     570     586
     556     542     532     556     536     595     593     553     563     562
     576     568     581     576     554     585     577     596     574     560
     509     537     552     521     577     555     568     536     568     559
     588     541     569     525     537     528     542     556     544     561
     569     600     489     498     580     590     533     541     525     560
     514     585     569     545     535     511     569     546     535     522
     563     572     575     533     519     532     543     544     524     531
     527     527     527     545     512     537     558     567     541     540
     483     558     540     573     555     570     483     518     538     594
     526     575     520     540     509     585     577     582     507     504
     493     518     501     556     563     564     540     526     540     525
     552     542     543     578     526     516     523     550     531     529
     562     517     508     544     522     556     506     545     537     549
     495     528     543     543     492     550     553     562     468     542
     527     550     537     583     555     562     513     485     578     517
     523     516     527     547     502     542     543     556     519     586
     571     553     481     524     568     550     570     524     595     582
     511     551     568     564     515     572     567     523     541     579
     548     579     563     556     570     577     562     539     554     586
     599     517     629     533     577     568     556     616     560     568
     581     612     594     632     613     637     559     632     592     619
     584     661     588     636     609     641     651     641     572     639
     626     670     627     641     704     682     622     695     694     723
     615     697     694     665     673     736     652     667     712     698
     679     763     733     758     743     784     713     772     805     813
     793     807     875     867     820     882     908     911     818     973
     974     999     956     978    1077    1074    1150    1119    1198    1227
    1252    1285    1339    1373    1331    1484    1543    1620    1524    1634
    1740    1815    1776    1831    1884    2061    1979    1940    2335    2300
    2282    2321    2429    2568    2517    2639    2809    2866    2845    2976
    3053    3111    3051    3067    3246    3329    3188    3351    3373    3546
    3402    3372    3607    3558    3430    3618    3598    3611    3525    3538
    3809    3528    3328    3582    3556    3472    3351    3283    3309    3328
    3101    3169    3150    3145    2821    3029    2879    2769    2606    2618
    2509    2518    2356    2282    2332    2267    2038    1981    1984    2000
    1742    1743    1840    1615    1452    1486    1463    1449    1361    1277
    1283    1290    1171    1165    1129    1058    1019     999    1031     944
     880     889     911     850     825     879     912     845     851     840
     895     882     945     887    1010    1029    1038    1092    1124    1083
    1148    1299    1340    1365    1310    1482    1496    1588    1567    1598
    1588    1677    1679    1780    1683    1814    1780    1815    1793    1746
    1647    1689    1639    1601    1515    1438    1557    1423    1302    1263
    1244    1166    1059     992     965     908     874     787     776     704
     718     645     654     588     524     580     512     558     494     487
     538     522     493     512     474     508     502  257020
