$Informacoes da Fluorescencia de Raios-X:
"Sample    : AFR-168",                                                                    
"Operator  : THIAGO",                                                                     
"Comment  : ",                                                                            
"Group     : thiago_acra2010ma",                                                          
"Date       : 2010-11-07 23:48:19",                                                       
"",                                                                                       
"Mesurement Condition",                                                                   
"------------------------------------------------------------------------------------",   
"Instrument : 700HS2   Atmosphere : Vac.   Collimator : 10(mm)   Spin : No",              
"------------------------------------------------------------------------------------",   
"Analyte               TG kV   uA      FI Acq.(keV)  Anal.(keV)  Time(sec)     DT(%)",    
"------------------------------------------------------------------------------------",   
"Na                    Rh 50 1000-Auto Al  0 - 20    0.8 - 1.2   Live -  959    9",       
"Channel_info_start",                                                                     
"Channel : Na",                                                                           
"Points : 2048
"Range : 0.000000 - 20.480000",                                                           
"Step : 0.010000",                                                                        
"Channel_info_end",                                                                       
$DATA:
       0    2047
       0       0       0       0       0       0       0       0       0    2048
       0       0       0       0       0       0       0       0       0       0
       0       0       0       0       0       0       0       0       0       0
       0       0       0       0       0       0       2       2       1       5
      60     150     139     156     110     128     123     159     106     126
     130     144     109     121     120     135     121     139     120     135
     111     136     148     156     134     149     148     162     177     205
     172     227     184     268     272     297     318     308     282     311
     231     263     228     193     192     164     138     132     136     128
     120     123     114     147     138     161     148     142     123     144
     149     141     128     142     157     138     139     133     139     135
     137     157     148     153     141     161     148     151     149     143
     141     131     129     130     131     137     139     139     132     152
     129     170     149     182     178     183     189     219     171     161
     179     159     152     143     140     136     152     141     118     156
     183     198     246     332     311     414     467     515     507     573
     516     523     476     461     374     391     341     282     237     246
     180     208     219     235     246     358     418     649     792    1056
    1172    1447    1599    1763    1816    1965    1785    1692    1418    1333
    1088     927     744     574     410     378     281     258     244     230
     196     244     221     186     196     196     202     224     188     199
     189     182     205     203     174     165     152     175     158     142
     112     144     135     141     155     158     177     139     164     184
     216     268     307     350     470     521     589     733     786     893
     964    1054    1016     995     866     832     679     648     577     452
     345     337     269     235     217     215     195     224     231     229
     233     305     322     419     470     622     710     937    1047    1260
    1370    1534    1494    1674    1382    1481    1342    1193    1040     858
     733     612     448     429     327     284     245     259     211     280
     273     267     270     310     291     280     252     240     229     211
     169     174     159     164     151     155     161     147     136     124
     123     136     116     143     135     165     133     126     116     151
     127     137     144     162     146     161     167     185     203     226
     297     349     385     540     639     840     950    1126    1245    1484
    1424    1623    1528    1631    1508    1438    1251    1135     925     800
     654     633     445     380     330     278     218     216     231     203
     254     287     317     351     427     498     683     910    1122    1462
    1853    2518    2869    3553    4273    5014    5419    6182    6148    6798
    6581    6793    5971    5816    4918    4456    3658    3103    2366    1917
    1406    1066     754     578     454     381     318     281     236     256
     290     368     426     448     506     593     665     768     842     946
     847     981     963    1025     960     969     800     779     679     615
     548     470     415     388     319     320     250     283     229     228
     231     243     259     249     248     225     212     239     208     246
     232     266     231     264     253     287     276     312     319     323
     338     446     425     449     518     660     610     726     741     771
     732     810     788     834     740     766     701     659     609     589
     528     493     405     456     392     411     384     397     409     383
     392     408     397     392     391     420     381     460     392     431
     450     444     434     458     480     523     477     510     513     541
     520     570     536     592     515     591     521     569     475     542
     575     487     547     494     463     413     431     454     431     418
     404     477     409     463     444     444     435     472     424     467
     481     469     443     473     474     505     458     520     516     506
     562     539     534     575     522     576     596     657     579     626
     681     616     648     688     667     686     686     629     591     657
     646     660     602     645     620     587     610     661     616     638
     621     646     619     644     620     641     619     595     610     692
     627     650     649     675     609     741     691     750     675     750
     704     772     711     866     846     868     848     846     828     885
     869     893     803     894     837     846     863     846     804     815
     866     851     767     809     800     868     820     829     837     754
     827     839     872     834     835     853     827     904     943     957
    1011    1121    1211    1377    1477    1651    2014    2386    2837    3456
    3911    4634    5267    6358    6669    7555    8027    8851    8863   10159
    9340    9478    8752    8724    8024    7745    6456    5986    5155    4520
    3684    3320    2790    2368    2049    1802    1520    1434    1224    1263
    1129    1150    1026    1025    1048    1103    1000    1025    1006    1061
    1035    1066    1017    1075    1103    1075    1082    1052     989    1094
    1081    1088    1001    1043    1092    1144    1047    1223    1083    1236
    1180    1257    1214    1347    1389    1584    1643    1661    1692    1850
    1837    2021    2037    2187    2276    2240    2168    2134    1958    2054
    1835    1943    1832    1671    1528    1560    1470    1414    1318    1313
    1229    1300    1154    1173    1078    1148    1104    1091    1035    1186
    1067    1185    1131    1169    1136    1165    1136    1202    1135    1226
    1173    1226    1227    1283    1245    1290    1158    1294    1157    1255
    1168    1227    1184    1225    1189    1168    1183    1221    1142    1166
    1159    1129    1058    1133    1131    1121    1015    1069    1110    1137
    1037    1112    1102    1137    1138    1135    1160    1127    1088    1178
    1160    1199    1079    1210    1170    1185    1126    1227    1162    1170
    1174    1239    1237    1259    1246    1355    1310    1417    1421    1472
    1390    1436    1446    1545    1454    1500    1413    1457    1377    1325
    1272    1266    1185    1293    1129    1237    1117    1111    1121    1069
    1066    1046    1020    1000    1116    1058     958    1003     975    1090
     979    1043     988     974     971     984    1008    1013     969    1038
     969    1023     913    1006     967    1041     971    1016     972    1076
     991    1097    1133    1066    1060    1077    1147    1203    1159    1238
    1164    1269    1156    1222    1273    1241    1215    1194    1233    1205
    1117    1108    1157    1148    1064    1022    1010    1017     961    1015
     996     985     929     967     966    1006     985     931    1018    1022
     989    1012     920    1033     957    1018     999     961     939     928
     932    1012     895     913     927     983     932     899     941     962
     895    1007     921     941     899     921     892     948     913     955
     918     915     897     929     902    1003     953     948     946     949
     883     942     901     938     873     863     910     915     911     905
     845     910     864     958     909     973     880     984     956     980
     864     951     954     992     889     930     920     974     904     946
     974     945     880     873     959     955     912     941     908     942
     897     941     855    1007     880     912     852     899     898     879
     847     925     836     933     910     858     892     891     866     943
     889     898     918     944     916     946     920     898     854     866
     892     914     845     911     910     900     878     889     888     946
     885     917     941     860     874     890     867     932     778     880
     901     942     875     931     916     891     862     910     889     932
     934     904     880     921     881     816     885     867     848     945
     848     923     857     942     901     892     818     932     906     945
     860     958     946     931     857     907     892     962     916     931
     919     959     873     905     937     970     895     936     895     942
     916     933     960     816     917     906     925     991     878     902
     912     970     899     940    1011     928     861     898     847     952
     845     934     901     861     849     935     898     980     866     937
     941     943     875     989     905     911     955     930     902     932
     887     933     935     922     864     931     951     927     938     910
     935     968     921     885     946     890     863     938     866     938
     918     946     908     913     859     950     917     943     881     913
     920     876     875     815     984     935     895     913     920     926
     903     954     915     940     827     930     829     899     891     921
     876     897     830     907     855     913     842     864     840     917
     875     882     888     894     830     889     859     894     868     936
     888     892     889     933     945     952     928     904     909     923
     911     957     956     949     907     909     956     887     944     934
     903     896     863     878     833     857     850     873     841     893
     804     877     846     954     868     872     810     879     840     805
     836     812     794     848     841     888     793     826     842     818
     824     869     846     821     791     850     853     847     825     804
     814     819     810     822     864     820     830     774     893     789
     775     827     778     794     868     849     852     859     807     800
     809     836     761     864     823     860     790     813     827     820
     750     799     805     816     820     776     787     785     785     805
     772     831     771     846     819     808     815     855     771     820
     751     823     783     810     767     818     767     827     797     781
     791     775     817     797     767     797     753     781     772     788
     767     815     815     802     740     821     795     783     763     809
     788     798     795     774     792     802     731     765     768     774
     810     810     769     805     711     745     783     775     783     774
     848     808     749     757     785     787     757     744     761     796
     738     707     753     799     739     718     753     772     741     750
     745     836     710     736     750     791     677     757     721     760
     741     781     720     717     695     732     767     785     735     705
     784     769     657     728     764     772     728     728     777     721
     695     773     761     777     737     801     782     799     758     768
     798     811     791     817     837     801     846     812     855     910
     778     844     832     833     781     870     867     851     788     819
     809     793     724     757     761     746     728     747     701     813
     710     718     753     715     646     723     729     798     687     704
     730     720     658     675     737     689     666     704     678     720
     690     686     674     702     706     662     722     679     693     722
     720     724     674     659     666     714     690     675     676     684
     640     685     702     679     665     739     636     703     671     675
     715     683     641     662     682     679     673     675     671     680
     685     681     640     637     655     671     664     724     662     672
     609     672     603     654     700     700     609     654     620     606
     637     668     667     625     615     630     670     672     653     686
     614     638     638     649     630     657     615     632     649     713
     612     650     639     641     581     599     690     656     634     625
     595     634     650     566     592     661     627     587     600     604
     667     631     632     609     586     646     599     669     621     625
     682     638     618     668     602     691     595     682     648     668
     627     679     636     628     599     669     651     682     630     624
     631     621     615     658     641     650     598     611     665     610
     615     618     594     652     590     604     638     651     665     630
     637     625     619     603     615     591     578     574     604     582
     591     588     593     605     597     588     601     595     552     609
     557     643     575     552     584     642     556     578     604     600
     612     570     647     619     620     584     595     636     599     542
     596     626     551     581     563     557     551     577     621     563
     523     586     626     597     551     565     612     626     581     622
     630     562     581     575     552     609     567     582     553     610
     547     583     600     607     567     551     594     578     599     566
     573     625     558     588     533     606     589     578     582     566
     566     583     554     626     561     530     563     566     549     563
     603     550     566     570     603     570     571     544     575     605
     560     613     593     548     589     564     575     591     571     589
     565     551     590     555     574     572     534     580     600     605
     600     587     560     605     557     597     562     613     579     579
     571     597     530     554     588     587     560     597     592     547
     570     557     566     586     603     574     571     568     566     591
     612     590     586     606     578     616     620     566     595     674
     584     623     607     623     560     598     594     600     585     640
     614     612     582     586     621     610     574     658     629     599
     601     584     715     684     612     631     640     631     630     650
     655     669     592     647     580     675     625     701     624     630
     624     670     644     704     654     716     676     700     667     681
     700     657     691     677     749     727     686     726     722     716
     720     741     738     760     736     732     754     792     781     727
     748     847     764     844     832     793     822     826     905     865
     818     873     961     935     936     959    1052    1029     997    1035
    1052    1077    1097    1136    1181    1258    1157    1276    1224    1327
    1395    1449    1372    1553    1452    1589    1637    1679    1571    1786
    1829    1920    1849    1956    2103    2143    2186    2297    2564    2529
    2456    2572    2615    2720    2789    2860    2947    3006    2952    3063
    3212    3232    3236    3299    3430    3511    3436    3451    3584    3659
    3524    3575    3844    3746    3662    3721    3834    3721    3685    3634
    4020    3817    3519    3706    3822    3684    3416    3351    3578    3570
    3264    3308    3334    3163    3077    3061    2906    2977    2659    2784
    2751    2580    2466    2460    2349    2384    2202    2193    2131    2032
    1941    1970    1901    1803    1661    1605    1569    1533    1432    1354
    1349    1309    1222    1232    1155    1173    1135    1069    1049     978
     973     953    1003     896     924     894     970     995     928     927
     952     972     987    1038    1150    1119    1108    1162    1208    1270
    1326    1312    1425    1490    1496    1581    1637    1731    1683    1785
    1888    1913    1843    1959    1971    1996    1871    1873    2034    1961
    1851    1834    1910    1805    1653    1523    1685    1592    1385    1435
    1379    1265    1150    1098    1082    1064     935     926     833     794
     761     711     686     665     599     632     560     518     557     499
     563     559     523     532     548     530     500  277220
