Acquisition date and time: 00-00-   0 (00:00:00)
Live Time:,        0
Real Time:,        0
 
Photopeaks:,     7
  15,      2.013,       1131,         69,       2.98
  16,      2.307,       -224,         72,       1.16
  17,      2.622,       -101,         50,       1.23
  19,      3.313,       1275,        106,       3.35
  20,      3.691,      15363,        561,       3.50
  45,      2.696,         58,         45,       1.12
  52,      3.768,     171430,        587,       5.04
Incoherent scattering peaks:,     2
  16,      2.297,        283,        107,       1.05
  52,      3.740,      12278,        485,       4.22
