Acquisition date and time: 00-00-   0 (00:00:00)
Live Time:,        0
Real Time:,        0
 
Photopeaks:,    14
  11,      1.041,       5647,        138,       3.54
  12,      1.254,       4453,        137,       5.16
  13,      1.487,      40672,        264,       5.04
  14,      1.740,     239831,        669,      20.78
  15,      2.013,       1183,        172,       4.50
  16,      2.307,      73848,        449,       4.66
  17,      2.622,     885603,       1241,      45.45
  19,      3.313,     329925,        673,      19.14
  20,      3.691,     519549,        902,      14.12
  22,      4.509,      85743,        390,       4.48
  23,      4.950,       1025,        221,       2.29
  24,      5.412,       2744,        197,       1.70
  25,      5.895,      23862,        286,      31.52
  56,      4.464,       4808,        293,       4.51
Incoherent scattering peaks:,     5
  14,      1.734,       7766,        648,      20.84
  16,      2.297,      29246,        569,       3.22
  17,      2.609,      51654,       1164,      42.73
  19,      3.292,       5458,        477,      18.29
  20,      3.665,      11611,        824,      13.65
