Acquisition date and time: 00-00-   0 (00:00:00)
Live Time:,        0
Real Time:,        0
 
Photopeaks:,    15
  11,      1.041,        426,         94,       3.00
  12,      1.254,       2006,        108,       3.41
  13,      1.487,      46186,        274,       5.74
  14,      1.740,     238187,        712,      20.91
  15,      2.013,       1803,        146,       4.34
  16,      2.307,      59593,        274,       5.04
  17,      2.622,      76407,        348,       6.41
  19,      3.313,     324400,        681,      16.91
  20,      3.691,     355416,        810,      11.07
  22,      4.509,      88791,        400,       3.87
  23,      4.950,       1837,        228,       2.79
  24,      5.412,       2401,        198,       1.30
  25,      5.895,      26688,        294,      39.93
  45,      2.696,        815,        179,       5.09
  56,      4.464,       3899,        303,       3.91
Incoherent scattering peaks:,     3
  14,      1.734,       6573,        722,      21.27
  19,      3.292,       6074,        483,      16.34
  20,      3.665,       9537,        816,      11.00
