Acquisition date and time: 00-00-   0 (00:00:00)
Live Time:,        0
Real Time:,        0
 
Photopeaks:,    15
  11,      1.041,        371,         95,       3.43
  12,      1.254,       1417,        105,       2.46
  13,      1.487,      39329,        235,       4.60
  14,      1.740,     206312,        475,      14.72
  15,      2.013,       2791,        147,       6.12
  16,      2.307,     104833,        454,       6.68
  17,      2.622,      68776,        339,       6.72
  19,      3.313,     380249,        734,      18.14
  20,      3.691,     275515,        735,       6.90
  22,      4.509,      78779,        386,       3.24
  23,      4.950,       1454,        225,       1.98
  24,      5.412,       2590,        202,       1.19
  25,      5.895,      19193,        281,      20.54
  45,      2.696,        870,        178,       3.31
  56,      4.464,       3268,        307,       2.71
Incoherent scattering peaks:,     3
  16,      2.297,       2369,        455,       6.21
  19,      3.292,       6234,        514,      17.70
  20,      3.665,       2694,        771,       6.98
