Acquisition date and time: 00-00-   0 (00:00:00)
Live Time:,        0
Real Time:,        0
 
Photopeaks:,    15
  11,      1.041,       1429,        111,       4.78
  12,      1.254,       1344,        115,       4.96
  13,      1.487,      34564,        231,       4.99
  14,      1.740,     190448,        461,      11.08
  15,      2.013,       2251,        155,       5.21
  16,      2.307,     130468,        513,       8.79
  17,      2.622,     232920,        708,      11.82
  19,      3.313,     432848,        759,      20.35
  20,      3.691,     202021,        487,       7.42
  22,      4.509,      64171,        360,       3.41
  23,      4.950,       1669,        219,       2.93
  24,      5.412,       1809,        198,       1.83
  25,      5.895,      18579,        277,      19.45
  45,      2.696,       1086,        278,       7.70
  56,      4.464,       2868,        308,       4.70
Incoherent scattering peaks:,     3
  16,      2.297,      11578,        550,       8.92
  17,      2.609,       1792,        890,      11.77
  19,      3.292,       4403,        549,      18.61
