Acquisition date and time: 00-00-   0 (00:00:00)
Live Time:,        0
Real Time:,        0
 
Photopeaks:,    15
  11,      1.041,        756,         97,       2.24
  12,      1.254,       1434,        105,       1.91
  13,      1.487,      34081,        243,       3.99
  14,      1.740,     164123,        586,      11.89
  15,      2.013,       1990,        155,       5.47
  16,      2.307,      75548,        393,       4.49
  17,      2.622,      96179,        385,       7.70
  19,      3.313,     343215,        679,      19.32
  20,      3.691,     445965,        675,      13.97
  22,      4.509,      86569,        403,       2.80
  23,      4.950,        896,        240,       1.28
  24,      5.412,       2533,        219,       1.50
  25,      5.895,      17713,        297,      17.41
  45,      2.696,        624,        192,       7.75
  56,      4.464,       4528,        321,       2.67
Incoherent scattering peaks:,     3
  14,      1.734,       5336,        606,      12.34
  16,      2.297,       1531,        411,       4.82
  19,      3.292,       8242,        494,      18.85
