Acquisition date and time: 00-00-   0 (00:00:00)
Live Time:,        0
Real Time:,        0
 
Photopeaks:,    15
  11,      1.041,         17,         74,       1.62
  12,      1.254,       2579,         96,       2.54
  13,      1.487,      58938,        265,       6.05
  14,      1.740,     331696,        587,      32.33
  15,      2.013,        941,        116,       7.05
  16,      2.307,      26360,        197,       4.49
  17,      2.622,      48716,        279,       5.86
  19,      3.313,     299734,        629,      19.26
  20,      3.691,     469345,        822,      18.55
  22,      4.509,     153379,        480,       8.41
  23,      4.950,       3104,        242,       2.23
  24,      5.412,       3515,        186,       1.79
  25,      5.895,      37893,        306,      54.07
  45,      2.696,        608,        148,       6.31
  56,      4.464,       6492,        298,       7.84
Incoherent scattering peaks:,     2
  19,      3.292,      11114,        432,      18.82
  20,      3.665,      11300,        716,      16.48
