Acquisition date and time: 00-00-   0 (00:00:00)
Live Time:,        0
Real Time:,        0
 
Photopeaks:,    14
  11,      1.041,        253,         97,       3.53
  12,      1.254,       2214,        113,       2.43
  13,      1.487,      45283,        269,       5.91
  14,      1.740,     247572,        693,      21.36
  15,      2.013,       1240,        139,       3.56
  16,      2.307,      49831,        255,       3.58
  17,      2.622,      60263,        274,       6.10
  19,      3.313,     219058,        561,      12.58
  20,      3.691,     368125,        777,      10.42
  22,      4.509,      88891,        424,       5.06
  23,      4.950,       1181,        249,       1.67
  24,      5.412,       2774,        224,       1.49
  25,      5.895,      31669,        324,      32.89
  56,      4.464,       9646,        338,       4.14
Incoherent scattering peaks:,     3
  14,      1.734,       8947,        676,      21.92
  19,      3.292,       4214,        414,      11.79
  20,      3.665,       5411,        726,      10.68
