Acquisition date and time: 00-00-   0 (00:00:00)
Live Time:,        0
Real Time:,        0
 
Photopeaks:,    15
  11,      1.041,         51,         78,       2.13
  12,      1.254,       1764,         93,       2.08
  13,      1.487,      50278,        268,       5.51
  14,      1.740,     264430,        665,      19.80
  15,      2.013,       1094,        130,       4.74
  16,      2.307,      31318,        212,       4.27
  17,      2.622,      88913,        360,       5.49
  19,      3.313,     410787,        732,      17.68
  20,      3.691,     377552,        762,       9.05
  22,      4.509,     133060,        452,       4.05
  23,      4.950,       2733,        232,       1.34
  24,      5.412,       3411,        184,       2.89
  25,      5.895,      33094,        295,      38.88
  45,      2.696,       1878,        175,       4.44
  56,      4.464,       6377,        287,       3.73
Incoherent scattering peaks:,     3
  14,      1.734,      10168,        607,      20.43
  19,      3.292,      16672,        490,      17.33
  20,      3.665,       9035,        702,       7.92
