Acquisition date and time: 00-00-   0 (00:00:00)
Live Time:,        0
Real Time:,        0
 
Photopeaks:,    15
  11,      1.041,        244,         83,       3.55
  12,      1.254,       2551,        101,       3.14
  13,      1.487,      58838,        268,       4.51
  14,      1.740,     334994,        592,      35.93
  15,      2.013,       1067,        132,       7.18
  16,      2.307,      32568,        278,       2.65
  17,      2.622,     153875,        520,       8.17
  19,      3.313,     310228,        642,      19.70
  20,      3.691,     535255,        875,      18.67
  22,      4.509,     156913,        486,       8.03
  23,      4.950,       3175,        246,       2.56
  24,      5.412,       3925,        193,       2.19
  25,      5.895,      39332,        315,      59.86
  45,      2.696,       1258,        221,       7.33
  56,      4.464,       6505,        303,       6.29
Incoherent scattering peaks:,     4
  16,      2.297,         79,        347,       2.28
  17,      2.609,       3272,        569,       8.04
  19,      3.292,       9499,        452,      19.16
  20,      3.665,      13859,        756,      17.72
