Acquisition date and time: 00-00-   0 (00:00:00)
Live Time:,        0
Real Time:,        0
 
Photopeaks:,    15
  11,      1.041,        645,        109,       3.36
  12,      1.254,       2523,        125,       4.56
  13,      1.487,      48303,        266,       4.48
  14,      1.740,     282733,        556,      21.45
  15,      2.013,       1752,        164,       7.56
  16,      2.307,     111679,        472,       9.00
  17,      2.622,     180261,        514,      10.64
  19,      3.313,     697589,        945,      29.95
  20,      3.691,     343471,        619,      11.84
  22,      4.509,      88221,        402,       4.58
  23,      4.950,       1127,        235,       2.89
  24,      5.412,       2770,        212,       1.64
  25,      5.895,      24057,        296,      25.77
  45,      2.696,       2693,        241,       8.22
  56,      4.464,       4410,        314,       3.92
Incoherent scattering peaks:,     2
  16,      2.297,       5962,        486,       7.89
  19,      3.292,      18639,        647,      27.37
