Acquisition date and time: 00-00-   0 (00:00:00)
Live Time:,        0
Real Time:,        0
 
Photopeaks:,    24
  11,      1.041,        762,        102,       1.24
  12,      1.254,        500,        108,       4.20
  13,      1.487,      26738,        219,       5.18
  14,      1.740,     135336,        402,      26.67
  16,      2.307,     122446,        390,       7.15
  17,      2.622,     207603,        482,      11.21
  19,      3.313,     621738,        792,      26.69
  20,      3.691,     166987,        466,       7.80
  22,      4.509,      53474,        339,       2.94
  23,      4.950,       1896,        221,       2.66
  24,      5.412,       1548,        213,       1.03
  25,      5.895,      16603,        281,       1.92
  26,      6.399,     924698,       1060,      19.34
  28,      7.472,       2594,        469,       1.34
  29,      8.041,      13463,        501,       1.91
  30,      8.631,      65182,        540,       1.95
  35,     11.908,      36028,        508,       2.42
  37,     13.375,       4465,        567,       1.32
  38,     14.142,       4405,        442,       1.91
  39,     14.932,        453,        437,       1.72
  40,     15.746,       2608,        421,       1.44
  56,      4.464,       1495,        311,       4.12
  72,      7.893,       2032,        468,       4.73
  82,     10.542,       9384,        473,       2.54
Incoherent scattering peaks:,     2
  26,      6.320,      13321,        705,      14.59
  26,      6.963,      13509,        524,      12.00
