Acquisition date and time: 00-00-   0 (00:00:00)
Live Time:,        0
Real Time:,        0
 
Photopeaks:,    24
  11,      1.041,       2321,        104,       2.38
  12,      1.254,        538,         96,       3.87
  13,      1.487,      12570,        164,       5.16
  14,      1.740,      65241,        290,      11.55
  16,      2.307,     101538,        353,       6.33
  17,      2.622,     260718,        521,      16.24
  19,      3.313,     361015,        607,      19.89
  20,      3.691,     123121,        394,       8.32
  22,      4.509,      26725,        258,       1.83
  23,      4.950,       1190,        180,       1.81
  24,      5.412,       1668,        182,       2.19
  25,      5.895,      11424,        238,       0.94
  26,      6.399,     465763,        779,      13.11
  28,      7.472,       2032,        406,       1.31
  29,      8.041,      10442,        436,       2.24
  30,      8.631,     166256,        582,       4.39
  35,     11.908,      21556,        433,       2.55
  37,     13.375,       2585,        488,       1.38
  38,     14.142,       3519,        386,       1.48
  39,     14.932,        622,        378,       1.48
  40,     15.746,       1376,        363,       0.96
  56,      4.464,        966,        255,       2.94
  72,      7.893,       1252,        413,       2.44
  82,     10.542,       3773,        403,       2.34
Incoherent scattering peaks:,     2
  26,      6.320,       7946,        573,      11.34
  26,      6.963,       9110,        432,       4.80
