Acquisition date and time: 00-00-   0 (00:00:00)
Live Time:,        0
Real Time:,        0
 
Photopeaks:,    25
  11,      1.041,        652,         88,       2.92
  12,      1.254,       2008,        110,       4.28
  13,      1.487,      48940,        258,       5.68
  14,      1.740,     295870,        563,      38.39
  16,      2.307,      38479,        242,       1.85
  17,      2.622,     307675,        557,      13.39
  19,      3.313,     244895,        517,      20.76
  20,      3.691,     499359,        704,      21.15
  22,      4.509,     138950,        452,       3.94
  23,      4.950,       2763,        237,       3.12
  24,      5.412,       3408,        191,       1.46
  25,      5.895,      38965,        295,       1.81
  26,      6.399,    2278082,       1517,      41.52
  28,      7.472,       2361,        358,       3.42
  29,      8.041,       7876,        369,       2.01
  30,      8.631,      24775,        383,       1.10
  31,      9.243,       1109,        359,       0.75
  35,     11.908,      17302,        372,       1.00
  37,     13.375,       3864,        408,       1.72
  38,     14.142,      12591,        339,       1.06
  39,     14.932,       1368,        315,       1.08
  40,     15.746,       7682,        322,       1.91
  56,      4.464,       3512,        287,       4.61
  72,      7.893,        831,        358,       1.38
  82,     10.542,       2641,        355,       2.51
Incoherent scattering peaks:,     2
  26,      6.320,      27728,        697,      32.47
  26,      6.963,      13083,        494,      52.63
