Acquisition date and time: 00-00-   0 (00:00:00)
Live Time:,        0
Real Time:,        0
 
Photopeaks:,    25
  11,      1.041,        632,         91,       2.94
  12,      1.254,       1738,        112,       3.79
  13,      1.487,      54159,        272,      11.48
  14,      1.740,     310806,        580,      39.72
  16,      2.307,      44069,        256,       4.13
  17,      2.622,     149006,        409,      10.29
  19,      3.313,     295320,        570,      24.51
  20,      3.691,     672581,        814,      23.91
  22,      4.509,     129997,        446,       4.68
  23,      4.950,       2627,        243,       2.12
  24,      5.412,       3485,        200,       2.23
  25,      5.895,      36574,        301,       1.70
  26,      6.399,    2224381,       1508,      54.66
  28,      7.472,       1340,        380,       2.80
  29,      8.041,      13016,        400,       1.72
  30,      8.631,      38154,        429,       2.29
  31,      9.243,        232,        375,       1.46
  35,     11.908,      14794,        382,       1.28
  37,     13.375,       3198,        433,       1.76
  38,     14.142,      12042,        356,       2.03
  39,     14.932,       1025,        337,       1.10
  40,     15.746,       7279,        337,       1.30
  56,      4.464,       3549,        297,       3.88
  72,      7.893,        775,        381,       2.04
  82,     10.542,       5061,        373,       3.71
Incoherent scattering peaks:,     2
  26,      6.320,      22276,        710,      42.93
  26,      6.963,      14487,        512,      41.75
