Acquisition date and time: 00-00-   0 (00:00:00)
Live Time:,        0
Real Time:,        0
 
Photopeaks:,    23
  11,      1.041,        651,         86,       1.96
  12,      1.254,        431,         93,       2.66
  13,      1.487,      20481,        190,       5.42
  14,      1.740,      93710,        337,      21.37
  16,      2.307,      96421,        342,       6.14
  17,      2.622,      45443,        260,       6.78
  19,      3.313,     401089,        645,      22.38
  20,      3.691,     232184,        515,      10.37
  22,      4.509,      47033,        314,       2.63
  23,      4.950,       1757,        201,       1.35
  24,      5.412,       1992,        193,       1.71
  25,      5.895,      12574,        251,       2.58
  26,      6.399,     797015,        976,      20.81
  28,      7.472,       2608,        419,       1.41
  29,      8.041,      17368,        455,       2.43
  30,      8.631,      34846,        459,       2.18
  35,     11.908,      30514,        454,       2.03
  37,     13.375,       2667,        492,       1.39
  38,     14.142,       4425,        400,       1.40
  40,     15.746,       1955,        375,       1.52
  56,      4.464,       1877,        282,       3.01
  72,      7.893,       1066,        423,       2.89
  82,     10.542,       6351,        418,       1.93
Incoherent scattering peaks:,     2
  26,      6.320,       9331,        632,      17.15
  26,      6.963,      11401,        471,      11.45
