Acquisition date and time: 00-00-   0 (00:00:00)
Live Time:,        0
Real Time:,        0
 
Photopeaks:,    24
  11,      1.041,       2119,        103,       2.13
  12,      1.254,        767,        100,       4.61
  13,      1.487,      14010,        170,       5.26
  14,      1.740,      75437,        309,      14.70
  16,      2.307,      75967,        315,       6.12
  17,      2.622,     265244,        523,      20.81
  19,      3.313,     230778,        499,      13.76
  20,      3.691,     266129,        531,       9.88
  22,      4.509,      39536,        293,       3.43
  23,      4.950,       1090,        191,       1.07
  24,      5.412,       2101,        187,       1.71
  25,      5.895,      12166,        248,       1.70
  26,      6.399,     758310,        960,      22.54
  28,      7.472,       1943,        419,       2.25
  29,      8.041,      20607,        450,       2.45
  30,      8.631,      35991,        463,       2.43
  34,     11.208,       1298,        419,       2.12
  35,     11.908,      13252,        429,       1.22
  37,     13.375,       1834,        477,       0.92
  38,     14.142,       5287,        392,       1.81
  40,     15.746,       2002,        373,       1.00
  56,      4.464,       2045,        266,       3.22
  72,      7.893,       1299,        420,       3.07
  82,     10.542,       6947,        418,       2.15
Incoherent scattering peaks:,     2
  26,      6.320,      11750,        638,      18.37
  26,      6.963,      11143,        472,      11.16
