Acquisition date and time: 00-00-   0 (00:00:00)
Live Time:,        0
Real Time:,        0
 
Photopeaks:,    25
  11,      1.041,         27,         73,       1.44
  12,      1.254,       1613,         99,       3.13
  13,      1.487,      55867,        267,       8.52
  14,      1.740,     327244,        588,      47.52
  16,      2.307,      25300,        199,       5.31
  17,      2.622,      47293,        250,       8.03
  19,      3.313,     299846,        567,      28.90
  20,      3.691,     469751,        687,      29.92
  22,      4.509,     156572,        476,       8.31
  23,      4.950,       3700,        248,       4.23
  24,      5.412,       3330,        193,       1.77
  25,      5.895,      43118,        304,       2.82
  26,      6.399,    2576293,       1601,      73.72
  28,      7.472,       1944,        345,       2.42
  29,      8.041,       7211,        354,       1.71
  30,      8.631,      16588,        360,       1.10
  31,      9.243,        902,        346,       2.01
  35,     11.908,       3759,        335,       1.99
  37,     13.375,       4774,        386,       1.10
  38,     14.142,      12358,        325,       2.47
  39,     14.932,       1331,        303,       1.07
  40,     15.746,       8317,        314,       1.16
  56,      4.464,       3393,        295,       8.01
  72,      7.893,        950,        344,       1.74
  82,     10.542,       2819,        343,       2.27
Incoherent scattering peaks:,     2
  26,      6.320,      27961,        699,      59.81
  26,      6.963,      14649,        494,      54.30
