Acquisition date and time: 00-00-   0 (00:00:00)
Live Time:,        0
Real Time:,        0
 
Photopeaks:,    24
  11,      1.041,       4456,        142,       4.07
  12,      1.254,       1400,        136,      10.81
  13,      1.487,      30140,        236,       9.02
  14,      1.740,     171260,        453,      19.14
  16,      2.307,     112605,        389,      10.89
  17,      2.622,     715766,        841,      29.31
  19,      3.313,     340834,        605,      18.50
  20,      3.691,     349645,        612,      12.46
  22,      4.509,      74893,        376,       3.60
  23,      4.950,       1535,        227,       2.16
  24,      5.412,       2896,        214,       0.79
  25,      5.895,      19773,        287,       1.91
  26,      6.399,    1262213,       1204,      23.77
  28,      7.472,       1643,        449,       2.30
  29,      8.041,      12310,        480,       1.82
  30,      8.631,      98517,        556,       2.06
  35,     11.908,      25227,        469,       2.65
  37,     13.375,       2572,        525,       1.87
  38,     14.142,       8192,        421,       1.10
  39,     14.932,        776,        409,       0.84
  40,     15.746,       3893,        397,       1.49
  56,      4.464,       2519,        311,       4.05
  72,      7.893,       1386,        455,       2.25
  82,     10.542,       5544,        446,       0.98
Incoherent scattering peaks:,     2
  26,      6.320,      19916,        735,      18.40
  26,      6.963,      13054,        530,      18.61
