Acquisition date and time: 00-00-   0 (00:00:00)
Live Time:,        0
Real Time:,        0
 
Photopeaks:,    23
  11,      1.041,        316,         84,       3.89
  12,      1.254,       1747,        105,       2.80
  13,      1.487,      56441,        271,       7.12
  14,      1.740,     313614,        578,      42.98
  16,      2.307,      34513,        228,       2.17
  17,      2.622,     144013,        396,       7.60
  19,      3.313,     302396,        567,      27.26
  20,      3.691,     379569,        624,      15.50
  22,      4.509,     128790,        441,       2.60
  23,      4.950,       3067,        237,       3.90
  24,      5.412,       2404,        192,       1.69
  25,      5.895,      34868,        291,       3.30
  26,      6.399,    2092706,       1462,      35.11
  28,      7.472,       1455,        369,       2.85
  29,      8.041,       8144,        381,       2.43
  30,      8.631,      32772,        404,       1.74
  35,     11.908,      14148,        378,       1.92
  37,     13.375,       4922,        411,       1.53
  38,     14.142,       9506,        345,       2.45
  40,     15.746,       6115,        331,       1.95
  56,      4.464,       3025,        292,       3.60
  72,      7.893,       1293,        367,       1.47
  82,     10.542,       4224,        365,       2.48
Incoherent scattering peaks:,     2
  26,      6.320,      24844,        693,      27.38
  26,      6.963,      13745,        498,      43.45
