Acquisition date and time: 00-00-   0 (00:00:00)
Live Time:,        0
Real Time:,        0
 
Photopeaks:,    23
  11,      1.041,        295,        109,       2.96
  12,      1.254,        834,        117,       4.86
  13,      1.487,      21702,        214,       5.68
  14,      1.740,     126635,        395,      21.30
  16,      2.307,      97600,        369,       5.36
  17,      2.622,     506262,        723,      32.59
  19,      3.313,    1060761,       1027,      50.95
  20,      3.691,     263444,        577,      17.92
  22,      4.509,      39500,        303,       2.60
  23,      4.950,       1056,        203,       2.07
  24,      5.412,       1995,        201,       1.51
  25,      5.895,      16455,        272,       1.86
  26,      6.399,     681177,        930,      20.69
  28,      7.472,       2682,        454,       2.37
  29,      8.041,      11610,        471,       2.52
  30,      8.631,      60751,        524,       3.02
  35,     11.908,      25686,        482,       2.71
  37,     13.375,       7416,        540,       1.32
  38,     14.142,       7717,        435,       1.86
  40,     15.746,       2123,        409,       1.01
  56,      4.464,       1581,        291,       2.70
  72,      7.893,       1554,        453,       3.98
  82,     10.542,       4213,        457,       2.44
Incoherent scattering peaks:,     2
  26,      6.320,      12649,        661,      18.71
  26,      6.963,      11791,        493,       6.06
