Acquisition date and time: 00-00-   0 (00:00:00)
Live Time:,        0
Real Time:,        0
 
Photopeaks:,    24
  11,      1.041,        447,         86,       1.76
  12,      1.254,        862,        104,       4.76
  13,      1.487,      29165,        216,       5.13
  14,      1.740,     152986,        419,      30.24
  16,      2.307,      83783,        320,       5.52
  17,      2.622,       8811,        168,      12.36
  19,      3.313,     337039,        595,      19.34
  20,      3.691,     254870,        531,      12.25
  22,      4.509,      61023,        346,       2.38
  23,      4.950,       1606,        215,       2.59
  24,      5.412,       1893,        205,       1.81
  25,      5.895,      19092,        277,       2.31
  26,      6.399,    1164530,       1155,      30.06
  28,      7.472,       2008,        438,       2.31
  29,      8.041,      11603,        465,       1.79
  30,      8.631,      35038,        475,       1.63
  35,     11.908,      24751,        458,       3.54
  37,     13.375,       2594,        516,       1.84
  38,     14.142,       5503,        410,       1.70
  39,     14.932,        802,        400,       2.24
  40,     15.746,       3047,        389,       1.86
  56,      4.464,       1795,        295,       3.05
  72,      7.893,       1215,        440,       2.66
  82,     10.542,       6727,        432,       2.76
Incoherent scattering peaks:,     2
  26,      6.320,      12393,        697,      24.04
  26,      6.963,      12319,        512,      19.75
