Acquisition date and time: 00-00-   0 (00:00:00)
Live Time:,        0
Real Time:,        0
 
Photopeaks:,    24
  11,      1.041,        701,        101,       3.71
  12,      1.254,       1820,        119,       6.60
  13,      1.487,      42052,        253,       9.79
  14,      1.740,     257316,        535,      43.53
  16,      2.307,      75199,        320,       6.53
  17,      2.622,     201960,        472,      10.55
  19,      3.313,     468304,        701,      30.97
  20,      3.691,     469397,        702,      18.98
  22,      4.509,      91855,        397,       2.92
  23,      4.950,       2148,        231,       2.45
  24,      5.412,       2519,        206,       1.86
  25,      5.895,      26315,        293,       2.96
  26,      6.399,    1655917,       1332,      44.83
  28,      7.472,       1223,        428,       2.46
  29,      8.041,      20052,        454,       1.92
  30,      8.631,      42517,        475,       1.54
  35,     11.908,      11334,        431,       1.71
  37,     13.375,       3967,        489,       1.55
  38,     14.142,      10301,        398,       2.25
  39,     14.932,        857,        389,       1.27
  40,     15.746,       5021,        380,       1.09
  56,      4.464,       2868,        300,       3.31
  72,      7.893,       1027,        426,       2.40
  82,     10.542,      14019,        431,       4.32
Incoherent scattering peaks:,     2
  26,      6.320,      18045,        708,      36.27
  26,      6.963,      12890,        524,      25.28
