Acquisition date and time: 00-00-   0 (00:00:00)
Live Time:,        0
Real Time:,        0
 
Photopeaks:,    25
  11,      1.041,         99,         72,       2.08
  12,      1.254,       1704,         99,       2.93
  13,      1.487,      56714,        269,       8.57
  14,      1.740,     335825,        595,      51.31
  16,      2.307,      22395,        193,       4.82
  17,      2.622,      56289,        268,       9.09
  19,      3.313,     280692,        553,      26.35
  20,      3.691,     597780,        766,      31.91
  22,      4.509,     173565,        499,       5.94
  23,      4.950,       3915,        258,       4.08
  24,      5.412,       3780,        198,       1.00
  25,      5.895,      47380,        314,       3.03
  26,      6.399,    2884861,       1691,      64.20
  28,      7.472,       1892,        341,       4.35
  29,      8.041,       7234,        353,       1.45
  30,      8.631,      16319,        359,       1.71
  31,      9.243,       1524,        344,       1.68
  35,     11.908,       3292,        327,       1.32
  37,     13.375,       4099,        384,       1.30
  38,     14.142,      14746,        327,       1.29
  39,     14.932,       1709,        299,       1.90
  40,     15.746,       9328,        312,       1.44
  56,      4.464,       4104,        303,       5.79
  72,      7.893,        671,        340,       1.92
  82,     10.542,       2418,        339,       1.79
Incoherent scattering peaks:,     2
  26,      6.320,      31384,        727,      53.45
  26,      6.963,      17042,        508,      61.29
