Acquisition date and time: 00-00-   0 (00:00:00)
Live Time:,        0
Real Time:,        0
 
Photopeaks:,    25
  11,      1.041,        525,         96,       3.47
  12,      1.254,       1251,        113,       3.56
  13,      1.487,      47710,        262,       8.55
  14,      1.740,     253300,        529,      43.32
  16,      2.307,      45146,        262,       3.36
  17,      2.622,     139127,        398,       6.43
  19,      3.313,     269077,        547,      18.32
  20,      3.691,     565136,        752,      16.19
  22,      4.509,     113420,        434,       3.63
  23,      4.950,       2593,        247,       3.57
  24,      5.412,       2839,        215,       1.74
  25,      5.895,      30912,        308,       2.42
  26,      6.399,    1934336,       1435,      55.59
  28,      7.472,       1055,        440,       2.12
  29,      8.041,      12753,        455,       2.21
  30,      8.631,      30927,        470,       2.29
  31,      9.243,        452,        429,       2.05
  35,     11.908,      21817,        449,       2.38
  37,     13.375,       2141,        502,       1.59
  38,     14.142,       9768,        407,       1.87
  39,     14.932,       1378,        393,       1.57
  40,     15.746,       6047,        386,       1.59
  56,      4.464,       2894,        322,       4.78
  72,      7.893,        531,        439,       2.41
  82,     10.542,       4741,        429,       2.54
Incoherent scattering peaks:,     2
  26,      6.320,      19001,        747,      43.38
  26,      6.963,      14680,        550,      31.38
