Acquisition date and time: 00-00-   0 (00:00:00)
Live Time:,        0
Real Time:,        0
 
Photopeaks:,    23
  11,      1.041,        428,         96,       1.31
  12,      1.254,       1972,        117,       4.80
  13,      1.487,      48135,        261,       6.67
  14,      1.740,     290604,        561,      38.44
  16,      2.307,      36317,        236,       3.58
  17,      2.622,      81230,        315,       6.50
  19,      3.313,     204415,        481,      15.90
  20,      3.691,     452634,        676,      22.05
  22,      4.509,      95280,        411,       4.48
  23,      4.950,       2286,        244,       2.51
  24,      5.412,       2391,        221,       2.02
  25,      5.895,      29403,        316,       2.59
  26,      6.399,    1676822,       1360,      46.15
  28,      7.472,       1914,        474,       2.17
  29,      8.041,      12890,        488,       3.14
  30,      8.631,      19719,        491,       1.78
  35,     11.908,       4938,        463,       2.08
  37,     13.375,       2928,        525,       2.23
  38,     14.142,       9447,        441,       1.81
  40,     15.746,       5018,        419,       1.55
  56,      4.464,       3309,        324,       4.75
  72,      7.893,       1108,        470,       3.31
  82,     10.542,       3642,        462,       2.41
Incoherent scattering peaks:,     2
  26,      6.320,      20231,        772,      38.92
  26,      6.963,      15531,        570,      28.19
