$Informacoes da Fluorescencia de Raios-X:
"Sample    : GHA-168",                                                                    
"Operator  : THIAGO",                                                                     
"Comment  : ",                                                                            
"Group     : thiago_acra2010ma",                                                          
"Date       : 2010-06-11 14:18:04",                                                       
"",                                                                                       
"Mesurement Condition",                                                                   
"------------------------------------------------------------------------------------",   
"Instrument : 700HS2   Atmosphere : Vac.   Collimator : 10(mm)   Spin : No",              
"------------------------------------------------------------------------------------",   
"Analyte               TG kV   uA      FI Acq.(keV)  Anal.(keV)  Time(sec)     DT(%)",    
"------------------------------------------------------------------------------------",   
"Na                    Rh 50  662-Auto Al  0 - 20    0.8 - 1.2   Live -  959   21",       
"Channel_info_start",                                                                     
"Channel : Na",                                                                           
"Points : 2048
"Range : 0.000000 - 20.480000",                                                           
"Step : 0.010000",                                                                        
"Channel_info_end",                                                                       
$DATA:
       0    2047
       0       0       0       0       0       0       0       0       0    2048
       0       0       0       0       0       0       0       0       0       0
       0       0       0       0       0       0       0       0       0       0
       0       0       0       0       0       0       0       5       1       5
      92     213     215     188     203     258     210     215     209     219
     201     219     216     232     243     229     227     255     229     249
     261     287     294     297     291     332     346     335     270     332
     279     292     296     246     267     317     228     317     303     262
     247     303     280     298     289     331     301     309     330     376
     439     503     570     722     765     913     898    1028    1011    1059
     890     935     784     692     581     430     431     420     470     490
     614     594     641     687     636     740     652     661     553     533
     441     411     394     322     292     345     320     398     384     454
     468     569     560     606     686     725     671     742     563     649
     542     544     447     482     452     434     448     524     588     753
     971    1346    1762    2438    2649    3417    3708    4213    4418    4723
    4229    4303    3753    3490    2570    2396    1863    1628    1234    1201
    1107    1227    1363    1920    2736    4257    5771    8340   10875   14633
   17024   20297   22179   24566   23526   25226   21852   20989   16966   14934
   11555    9286    6614    4928    3546    2743    1895    1566    1302    1178
     993    1095     981     996     915     978     952     998     893     915
     833     850     798     793     704     713     612     670     651     638
     600     630     639     707     635     768     789     879     855    1080
    1221    1497    1777    2141    2576    3124    3619    4369    4555    5294
    5215    5478    5388    5327    4523    4293    3694    3471    2830    2505
    1956    2000    1711    1690    1648    1749    1761    2102    2298    3029
    3544    5091    6836    9712   12489   18355   21481   28463   31444   39086
   42417   47203   45976   48460   44294   43809   36572   33280   26726   22739
   16306   13252    8923    7221    5117    4760    4057    4179    4165    4637
    4570    5062    4730    4824    4421    4189    3585    3272    2550    2215
    1673    1344    1026     928     678     579     482     503     419     401
     467     407     422     452     419     469     410     439     475     488
     459     476     547     563     576     723     788     970    1198    1709
    2115    2973    3857    5295    6456    8448   10055   12381   13766   15626
   15942   17442   17089   17385   15678   15294   12475   11351    8662    7608
    5829    4566    3258    2461    1767    1519    1190    1069    1064    1206
    1256    1608    1830    2359    2716    3665    4453    5982    7238   10010
   12270   16074   18966   24044   27958   32911   35321   40634   40576   43733
   40937   41520   37850   35447   29849   26593   21637   17763   13070   10149
    7316    5249    3607    2712    1692    1285    1010     960     928    1062
    1174    1537    1765    2247    2542    3161    3499    4357    4411    5445
    5105    5655    5203    5363    5058    4896    4004    3785    3175    2736
    2094    1731    1357    1180     827     699     485     468     397     347
     347     365     324     350     342     359     317     325     356     391
     379     355     414     411     461     519     687     876     962    1369
    1700    2260    2609    3273    3867    4795    5108    6102    6620    7080
    6984    7465    7121    7259    6263    6298    5344    4911    4030    3539
    2951    2657    2033    1792    1455    1307    1089    1028     862     920
     838     859     745     739     674     689     728     749     736     767
     836     926     927    1106    1116    1153    1300    1342    1385    1488
    1464    1607    1668    1707    1638    1649    1514    1580    1314    1324
    1195    1108     996     991     836     759     698     713     690     706
     643     664     620     677     678     641     666     670     672     734
     717     747     669     804     745     713     728     850     753     832
     805     755     826     841     813     896     884     955     908     968
     955     993     971    1037    1011     989     958     969     911     913
     864     910     813     885     832     852     849     895     839     915
     777     867     782     874     804     867     843     850     838     830
     902     951     896     917     997    1060    1146    1195    1255    1411
    1462    1757    1747    2072    2237    2539    2546    2615    2752    2957
    2838    2934    2687    2867    2471    2480    2240    2160    1954    1870
    1756    1595    1445    1428    1365    1421    1277    1327    1366    1375
    1300    1407    1280    1456    1417    1614    1647    1878    1890    2354
    2689    3544    4210    5796    7431   10583   12897   17544   22080   28939
   34277   43416   51796   62177   67461   78560   86081   95291   95296  108655
  101192  104882   95989   95138   86906   81800   69209   63690   52827   45362
   35744   29917   23132   18869   13690   11088    7787    6168    4485    3491
    2662    2279    1835    1724    1577    1607    1302    1359    1365    1349
    1301    1367    1339    1380    1258    1409    1377    1388    1393    1340
    1503    1540    1471    1622    1689    1766    1784    1988    2143    2524
    2651    3100    3640    4368    4794    5966    6776    8031    8584    9987
   10896   12254   12410   13425   14126   14509   13727   14132   13325   12912
   11626   11215    9846    9096    7599    6717    5820    5104    3984    3571
    2823    2523    2054    1853    1648    1488    1350    1343    1343    1230
    1127    1179    1190    1241    1144    1235    1163    1159    1145    1257
    1175    1223    1260    1272    1297    1282    1251    1298    1307    1311
    1205    1259    1263    1274    1131    1273    1176    1261    1137    1155
    1218    1218    1163    1199    1150    1222    1156    1224    1240    1200
    1150    1258    1213    1226    1053    1196    1130    1265    1139    1242
    1224    1253    1223    1193    1159    1299    1304    1298    1307    1297
    1316    1370    1360    1367    1404    1494    1477    1544    1458    1667
    1649    1693    1731    1674    1669    1815    1626    1664    1612    1519
    1516    1462    1529    1504    1362    1419    1281    1339    1166    1299
    1225    1214    1198    1132    1159    1206    1103    1244    1123    1157
    1146    1175    1139    1123    1068    1165    1165    1212    1074    1167
    1191    1299    1202    1284    1285    1383    1426    1783    1736    2043
    2199    2499    2751    3057    3223    3681    4051    4367    4492    4940
    5063    5402    5370    5510    5483    5556    5056    5047    4749    4414
    4161    3839    3417    3215    2821    2634    2269    2100    1802    1784
    1603    1539    1258    1319    1260    1280    1107    1195    1200    1176
    1128    1155    1178    1267    1115    1200    1229    1215    1119    1227
    1121    1114    1042    1181    1129    1116    1132    1155    1137    1124
    1028    1056    1031    1079    1060    1133    1138    1164    1071    1106
    1167    1206    1131    1036    1114    1165    1097    1081    1138    1086
    1087    1070    1086    1137    1104    1172    1144    1115    1051    1140
    1165    1165    1218    1215    1216    1297    1272    1363    1360    1356
    1393    1462    1570    1608    1478    1615    1594    1632    1623    1554
    1635    1521    1536    1514    1425    1454    1336    1310    1311    1317
    1157    1261    1195    1195    1037    1162    1055    1181    1083    1010
    1068    1065     957    1100    1145    1009    1000    1064    1014    1026
     951    1029    1057    1039     950    1009    1032    1056    1009    1068
    1045    1018     977    1062    1003    1142    1017    1138    1048    1122
    1100    1071    1042    1077    1049    1094    1051    1100    1023    1104
    1035    1009     981    1099    1045    1086    1057    1071    1008    1068
    1003    1051    1003    1032     992    1039    1010    1095    1026    1102
     991    1070     987    1100    1144    1161    1082    1096    1161    1185
    1079    1153    1151    1213    1130    1229    1165    1232    1099    1144
    1151    1151    1086    1132    1134    1079    1012    1093     992    1056
    1002    1087    1037    1028    1010    1054    1035    1028    1045     981
     993    1039     986     949    1027     993    1002     989     976    1042
     998    1005     974    1013    1035     981     972    1048     997    1042
    1048     998     943    1078    1046    1036     944    1026    1009    1002
     983     983    1062    1004     942    1085    1004     949     953     932
    1044    1040     930    1005     968    1020    1000    1003    1029    1030
     989     988     985    1002     967     981     916    1000     993    1003
     979    1032     952     996    1012     991     912     946     991     977
     883    1039     992    1021     961     987     887     943     936     949
     945     969     944    1019     923     975     891    1053     997    1027
    1001    1039    1087    1130    1129    1172    1243    1238    1238    1339
    1369    1563    1460    1562    1710    1689    1686    1779    1815    1801
    1779    1901    1833    1825    1705    1736    1714    1561    1533    1586
    1446    1425    1343    1318    1225    1238    1141    1099    1116    1039
     955     946     935     953     927     900     924     944     924     942
     900     968     884     879     937     892     883     881     941     940
     877     929     870     926     845     889     885     921     845     902
     899     896     900     882     877     858     886     848     938     966
     909     971     968     930     896     923    1009    1020     924     918
     937     964     984     961     998    1000     932     972     967     981
     887     935     992     985     920     985     945     967     903     978
     951     969     872     943     901    1014     912     951     881     899
     832     936     944     896     785     868     920     908     843     834
     807     848     755     865     838     908     797     893     799     887
     811     844     850     906     852     872     892     996     881     945
     918     979     940     941    1034     952    1039    1120    1055    1008
    1011    1046    1054    1102    1008    1027    1034    1078     928     954
    1055    1021     959    1010     987    1010     895     865     886     874
     886     884     918     845     836     830     825     853     815     833
     793     845     747     762     730     743     797     780     804     755
     782     762     797     742     763     779     810     804     783     787
     757     768     833     779     749     787     776     785     767     843
     739     814     859     838     823     847     851     930     949     954
     949    1039    1000    1035    1039    1086    1049    1145    1205    1195
    1197    1247    1257    1255    1200    1165    1240    1266    1201    1204
    1161    1096    1165    1139    1055    1104    1010     996     901     904
     865     865     868     893     757     764     763     750     791     807
     754     766     702     715     747     782     708     736     725     746
     694     734     719     720     697     738     692     725     719     749
     755     726     721     726     721     775     714     728     714     760
     709     784     766     763     715     717     703     792     720     692
     675     658     723     731     715     681     757     832     737     760
     697     748     808     776     741     738     811     771     730     771
     766     747     720     706     788     732     669     742     749     774
     685     738     715     668     704     704     680     734     700     698
     728     686     636     677     626     662     588     651     719     694
     629     737     741     671     632     631     721     661     648     689
     635     651     656     696     669     643     678     715     672     670
     600     679     669     674     700     675     694     689     698     763
     746     813     717     799     779     870     780     861     838     856
     865     893     867     879     891     805     928     971     894     865
     866     876     808     940     835     891     823     826     774     799
     746     754     713     716     728     698     685     707     680     704
     731     734     580     669     677     638     648     670     646     694
     610     692     628     648     631     620     657     624     647     595
     644     673     606     569     635     635     600     631     610     603
     648     609     617     609     598     640     621     590     587     668
     584     609     621     636     621     658     614     639     631     643
     600     654     613     627     598     568     632     675     626     621
     621     639     566     626     680     665     597     617     601     682
     554     562     658     635     613     654     675     600     603     651
     635     645     605     607     570     584     576     547     628     614
     570     590     623     603     606     578     657     621     594     556
     613     558     580     577     603     618     547     566     579     594
     561     596     601     572     585     559     568     643     562     610
     560     629     587     584     585     575     549     579     641     580
     555     629     589     573     575     526     607     607     515     536
     598     593     651     655     571     553     598     609     586     615
     551     572     651     613     613     600     639     655     556     593
     605     641     587     621     639     629     576     588     658     660
     612     603     615     619     607     558     610     645     644     635
     636     646     635     583     643     646     614     609     619     583
     569     578     728     617     542     645     630     672     636     660
     589     657     609     597     623     658     634     658     640     637
     624     629     630     677     658     657     692     715     661     624
     704     675     654     643     662     745     705     715     681     730
     707     708     713     779     696     745     745     762     705     790
     810     836     720     798     843     801     799     840     822     865
     822     834     884     873     849     884     941     991     842     972
     938     976     998     963    1010    1053    1044    1155    1158    1199
    1216    1239    1290    1345    1356    1369    1403    1488    1476    1514
    1666    1659    1648    1757    1811    1878    1855    1902    2165    2181
    2172    2280    2387    2438    2293    2434    2670    2645    2615    2748
    2856    2957    2823    3148    3105    3248    3127    3240    3282    3485
    3381    3365    3640    3509    3316    3483    3555    3605    3465    3471
    3907    3656    3453    3556    3521    3530    3328    3368    3483    3339
    3210    3374    3350    3229    3084    3043    3048    3039    2876    2908
    2791    2805    2529    2467    2474    2373    2178    2200    2200    2178
    1963    1909    1949    1884    1748    1776    1685    1632    1504    1560
    1494    1475    1334    1212    1332    1339    1183    1243    1072    1162
    1028    1006    1003    1040     985     978     904     962     869     960
     925     920     989     943    1091    1076     994    1015    1202    1171
    1185    1290    1301    1385    1450    1444    1634    1677    1620    1798
    1906    1937    1901    2094    1991    2172    2042    2117    2288    2210
    2108    2030    2159    2101    1944    2034    2064    1991    1886    1777
    1711    1701    1548    1433    1512    1331    1227    1166    1112    1061
     936     919     845     862     783     661     722     578     630     603
     610     553     521     595     521     543     543  275858
