$Informacoes da Fluorescencia de Raios-X:
"Sample    : GHA-181",                                                                    
"Operator  : THIAGO",                                                                     
"Comment  : ",                                                                            
"Group     : thiago_acra2010ma",                                                          
"Date       : 2010-06-11 19:02:18",                                                       
"",                                                                                       
"Mesurement Condition",                                                                   
"------------------------------------------------------------------------------------",   
"Instrument : 700HS2   Atmosphere : Vac.   Collimator : 10(mm)   Spin : No",              
"------------------------------------------------------------------------------------",   
"Analyte               TG kV   uA      FI Acq.(keV)  Anal.(keV)  Time(sec)     DT(%)",    
"------------------------------------------------------------------------------------",   
"Na                    Rh 50  575-Auto Al  0 - 20    0.8 - 1.2   Live -  959   20",       
"Channel_info_start",                                                                     
"Channel : Na",                                                                           
"Points : 2048
"Range : 0.000000 - 20.480000",                                                           
"Step : 0.010000",                                                                        
"Channel_info_end",                                                                       
$DATA:
       0    2047
       0       0       0       0       0       0       0       0       0    2048
       0       0       0       0       0       0       0       0       0       0
       0       0       0       0       0       0       0       0       0       0
       0       0       0       0       0       0       0       1       2      14
      96     206     193     199     197     199     197     213     198     211
     207     219     222     213     224     223     176     220     229     245
     241     238     250     276     312     304     341     322     285     308
     270     277     274     268     251     260     225     251     258     279
     282     286     263     273     249     290     290     338     371     434
     454     554     682     783     908    1135    1132    1331    1185    1299
    1058     989     903     794     614     560     462     483     498     583
     553     646     694     791     737     732     750     673     676     603
     468     442     329     381     310     331     316     355     366     416
     498     542     602     667     743     765     738     780     648     594
     584     569     490     430     393     417     420     508     510     666
     873    1210    1546    2237    2486    3078    3282    3939    4001    4175
    3902    3905    3351    2950    2424    2073    1768    1490    1180    1170
    1057    1147    1314    1758    2474    3700    5170    7602    9787   13224
   15453   18567   20380   22419   21754   22719   19820   18832   15277   13238
   10539    8266    5756    4389    3182    2437    1732    1464    1228    1163
     949    1045     865     916     845     945     987     956     857     901
     846     876     794     731     736     726     675     712     681     755
     637     730     730     818     803     856     942    1033    1025    1242
    1335    1597    1913    2504    2883    3611    4025    4837    5255    6001
    5886    6434    6196    5967    5312    4960    4298    3829    3091    2951
    2425    2230    1973    2021    1965    2103    2081    2411    2865    3625
    4436    6130    8490   12316   15576   23740   27627   36473   41114   50032
   54239   60776   59500   62583   57759   55710   46841   42259   33728   28160
   20652   16413   10929    8960    6631    5765    5018    5313    5170    5764
    5811    6442    6009    6067    5597    5280    4597    3896    3240    2792
    1997    1607    1181     894     741     639     503     463     435     447
     377     448     332     414     412     418     441     415     444     490
     471     510     543     596     562     667     755     933    1121    1705
    2095    2942    3747    5072    6598    8428   10085   12409   13517   15732
   16079   17437   16914   17225   15399   15292   12474   11197    8752    7229
    5664    4427    3055    2419    1751    1452    1093    1038    1025    1092
    1172    1464    1754    2214    2561    3423    4201    5730    7017    9369
   11768   15351   18200   22901   26111   31448   33240   38700   38720   41324
   38944   38617   35409   32888   27721   24535   20110   16184   11941    9276
    6691    4924    3254    2330    1603    1202     913     829     843     971
    1108    1361    1694    2079    2449    3046    3416    4052    4175    4971
    4986    5330    5101    5054    4717    4496    3859    3632    3011    2557
    1934    1672    1305     980     735     620     508     423     347     284
     311     275     296     287     274     309     313     263     285     316
     349     323     339     382     386     474     569     750     975    1197
    1598    2019    2320    3041    3686    4320    4749    5633    6235    6833
    6630    6834    6813    6636    6002    5985    4975    4615    3665    3167
    2691    2213    1885    1655    1299    1141     919     922     812     829
     721     726     719     685     657     645     646     687     645     703
     755     842     817     945    1005    1100    1149    1280    1257    1359
    1305    1413    1519    1593    1501    1562    1403    1358    1198    1267
    1093    1017     885     806     737     679     605     620     610     572
     554     606     559     610     552     571     611     620     563     621
     630     630     650     672     630     636     672     669     624     714
     702     696     721     750     754     738     783     854     866     887
     812     882     834     888     810     845     864     915     781     820
     752     786     745     745     720     762     688     771     745     735
     706     696     691     727     729     758     694     752     783     726
     726     793     801     819     766     900    1001    1097    1167    1229
    1351    1527    1663    1831    1979    2219    2258    2460    2604    2598
    2531    2703    2464    2533    2254    2240    2070    2002    1769    1651
    1601    1431    1263    1330    1324    1246    1128    1209    1198    1230
    1121    1242    1268    1252    1256    1464    1518    1628    1877    2256
    2570    3283    4147    5731    7501   10208   12653   17375   22248   28984
   33965   43189   51590   61392   66323   77921   84268   93175   93491  105124
   98260  102479   93020   92443   83353   78121   66458   60315   50523   43221
   33567   27918   21683   17498   12657   10022    7110    5566    3957    3181
    2363    1985    1647    1438    1378    1199    1147    1170    1236    1164
    1118    1145    1146    1211    1114    1162    1154    1154    1153    1218
    1241    1341    1278    1347    1465    1432    1617    1849    1963    2353
    2405    3033    3354    4220    4841    5566    6676    7555    8254    9756
   10579   11669   11936   13055   13733   13986   13164   13472   12743   12546
   11219   10446    9153    8522    7101    6257    5351    4621    3609    3130
    2561    2212    1793    1646    1403    1270    1075    1095    1048    1025
     947     979     960    1036     891     978     966     963     909    1014
     974    1042     995    1039    1052    1120     965    1010    1003    1076
    1029    1111    1020    1108    1040     936     983    1024     932     966
     994     998     984    1003    1024    1014     901    1050    1003    1058
     944     995     961    1003     951    1011    1003    1025     899    1025
    1042    1034     998    1076    1039    1045    1058    1109    1068    1085
    1039    1136    1141    1190    1163    1167    1303    1315    1327    1315
    1410    1455    1383    1458    1503    1417    1441    1415    1401    1357
    1263    1305    1265    1277    1148    1144    1116    1136    1025    1013
    1030     993     997    1051     981    1027     897    1007    1049    1003
     988    1060     945    1030     872    1040     936     987     951     932
     948    1024     948    1001    1040    1041    1014    1135    1107    1296
    1286    1436    1513    1808    1647    1927    1997    2189    2227    2350
    2411    2619    2497    2598    2690    2699    2364    2409    2265    2133
    1928    1928    1751    1742    1440    1483    1407    1326    1132    1155
    1096    1042    1074     974    1001     993     966     978    1006     994
    1014    1012    1006     984     925     975    1056    1030     970    1004
     935     985     974    1015     987    1003     951    1003    1040     954
     945    1059     888     983     952     956     970    1003     910     975
     862     953     907    1010     943    1015     947     988     925     953
     896     950     861     939     894     883     892     945     810     892
     916     913     918     921     959     992     997    1042    1005    1013
    1039    1066    1073    1100    1006    1076    1090    1130    1020    1105
    1156    1111    1013    1027    1033    1034    1001    1016     996    1048
     960     961     895     966     930     976     916     971     863     838
     915     802     868     870     845     937     807     852     897     883
     856     766     891     865     839     887     876     904     860     975
     925     887     864     967     960     981     887     900     899     928
     885     949     918     956     949     945     980     907     872     881
     962     909     820     873     917     854     852     869     925     910
     859     924     916     865     850     890     876     879     872     923
     907     908     907     888     931     931     951    1013     969    1037
     993    1001     969    1038     980     978    1020    1040     969     885
     996     959     914     969     941     892     881     833     930     869
     793     967     856     936     864     885     859     912     792     828
     850     915     886     865     850     855     805     837     839     910
     834     838     777     870     814     868     843     828     791     821
     874     872     824     887     782     851     774     873     852     818
     815     820     853     873     816     807     790     836     788     776
     825     869     871     880     844     860     794     805     743     888
     793     798     851     823     802     853     808     851     774     810
     775     820     796     830     820     891     738     745     852     817
     783     815     808     862     779     815     811     833     792     881
     830     830     772     802     800     879     852     874     848     897
     861     908     942    1064    1023    1128    1227    1324    1327    1394
    1508    1538    1599    1765    1926    1988    1983    2056    2055    2175
    2009    2070    2062    2116    2025    2053    1920    1972    1699    1754
    1525    1632    1312    1457    1283    1144    1120    1045     954     878
     899     859     842     805     713     773     816     835     768     786
     748     737     761     747     747     759     777     722     740     743
     752     708     741     782     704     728     784     793     721     744
     811     741     743     730     746     790     678     745     763     796
     711     713     748     776     731     790     834     826     754     800
     798     755     732     842     809     846     717     779     815     848
     771     801     829     846     791     851     823     792     806     788
     799     823     782     791     766     791     747     762     782     785
     708     726     740     720     771     685     693     735     674     674
     730     759     670     690     720     765     670     726     703     725
     693     741     749     789     785     768     745     791     809     816
     901     860     835     927     895     892     915     932     923     998
     912     970     945    1015     967     904     957     978     922     960
     948     904     854     901     878     869     758     789     726     776
     754     731     735     714     713     678     714     661     646     661
     658     670     672     646     647     603     602     634     656     648
     639     652     645     651     631     594     640     706     624     665
     656     632     657     625     641     704     639     599     666     675
     646     667     661     684     699     800     710     756     762     825
     815     878     860     904     926     953     989    1004    1066    1019
    1011    1078    1063    1205    1092    1126    1120    1125    1066    1033
     981    1041     922     956     885     879     801     814     807     782
     749     731     728     722     711     642     642     604     650     601
     608     601     604     575     629     621     575     593     630     605
     557     586     623     589     617     561     633     603     563     568
     572     574     570     558     607     593     584     559     629     583
     560     595     578     608     571     608     562     604     568     613
     665     607     578     631     633     692     575     607     639     629
     620     630     640     631     581     650     602     639     509     596
     613     622     598     601     620     567     560     598     578     580
     560     570     567     551     590     578     512     605     552     557
     565     607     574     546     501     566     512     550     602     583
     535     548     585     560     489     503     566     580     512     514
     517     566     541     500     522     562     557     560     569     565
     483     599     630     592     557     540     554     624     570     614
     614     651     601     720     703     744     656     699     688     782
     782     755     709     744     677     784     750     794     761     806
     763     762     725     780     672     710     681     661     694     638
     681     634     650     631     590     548     572     568     544     560
     588     552     512     499     595     557     469     507     541     522
     510     579     539     522     474     519     496     526     476     535
     488     519     534     519     548     574     507     463     519     490
     505     477     512     499     519     527     488     480     505     545
     533     509     482     473     584     496     509     526     554     533
     521     537     507     519     491     461     535     532     510     539
     496     497     496     498     518     533     495     506     517     509
     481     497     495     471     473     515     464     508     474     519
     473     522     523     492     482     517     488     477     496     441
     443     522     476     495     495     505     482     446     466     492
     483     509     469     466     472     464     473     496     482     489
     437     464     482     461     439     489     455     466     442     432
     487     513     451     478     527     453     469     492     480     514
     463     487     498     450     416     442     456     477     456     541
     489     472     482     448     534     485     476     505     482     472
     515     498     526     540     453     503     523     541     482     499
     542     565     481     522     505     548     537     537     459     535
     516     506     532     501     508     477     554     536     490     501
     495     496     480     487     531     499     506     496     492     525
     482     512     540     593     481     550     498     512     464     494
     503     509     472     524     481     574     506     545     556     519
     526     523     507     513     554     548     602     541     521     537
     543     553     540     532     579     532     533     559     549     603
     533     605     575     605     605     629     576     660     613     608
     625     661     596     610     650     687     667     658     670     712
     736     730     719     788     693     713     735     709     730     844
     786     803     824     820     922     879     919     945     975     985
     942    1076    1042    1065    1100    1168    1161    1308    1181    1276
    1308    1331    1388    1466    1450    1525    1523    1518    1769    1641
    1624    1718    1836    1936    2009    2001    2083    2229    2129    2218
    2330    2402    2421    2401    2517    2518    2670    2547    2716    2739
    2661    2692    2873    2772    2696    2829    2961    2920    2763    2766
    3084    2922    2798    2887    2836    2887    2758    2773    2740    2587
    2524    2658    2559    2478    2390    2470    2340    2420    2194    2178
    2071    2067    1949    1987    2008    2056    1738    1698    1715    1632
    1594    1478    1590    1539    1339    1335    1348    1236    1126    1234
    1122    1217    1002    1023    1033    1019     862     903     896     844
     821     819     904     809     776     802     812     768     713     729
     807     824     696     801     879     841     848     986     960    1014
    1031    1063    1174    1200    1228    1310    1458    1532    1479    1562
    1605    1715    1591    1722    1705    1795    1802    1814    1898    1821
    1814    1799    1788    1815    1698    1627    1762    1617    1504    1467
    1416    1415    1323    1180    1156    1125     967     976     926     862
     784     718     683     608     628     570     532     507     459     452
     459     421     445     435     468     456     408  223308
