$Informacoes da Fluorescencia de Raios-X:
"Sample    : GHA-176",                                                                    
"Operator  : THIAGO",                                                                     
"Comment  : ",                                                                            
"Group     : thiago_acra2010ma",                                                          
"Date       : 2010-06-11 17:10:58",                                                       
"",                                                                                       
"Mesurement Condition",                                                                   
"------------------------------------------------------------------------------------",   
"Instrument : 700HS2   Atmosphere : Vac.   Collimator : 10(mm)   Spin : No",              
"------------------------------------------------------------------------------------",   
"Analyte               TG kV   uA      FI Acq.(keV)  Anal.(keV)  Time(sec)     DT(%)",    
"------------------------------------------------------------------------------------",   
"Na                    Rh 50  849-Auto Al  0 - 20    0.8 - 1.2   Live -  959   21",       
"Channel_info_start",                                                                     
"Channel : Na",                                                                           
"Points : 2048
"Range : 0.000000 - 20.480000",                                                           
"Step : 0.010000",                                                                        
"Channel_info_end",                                                                       
$DATA:
       0    2047
       0       0       0       0       0       0       0       0       0    2048
       0       0       0       0       0       0       0       0       0       0
       0       0       0       0       0       0       0       0       0       0
       0       0       0       0       0       0       0       0       6       9
      88     198     224     250     189     220     220     209     222     214
     261     255     211     256     266     231     230     245     239     288
     259     286     290     366     309     319     312     333     311     321
     293     314     307     314     267     290     297     315     305     324
     274     327     290     294     292     294     267     275     274     328
     326     392     431     448     491     535     543     654     592     620
     505     564     505     506     388     389     354     396     398     397
     414     515     483     531     549     546     484     512     463     440
     360     377     354     325     273     286     297     349     363     444
     475     498     491     603     644     645     625     711     542     577
     568     582     474     473     393     432     474     543     640     859
    1159    1682    2043    2864    3200    3905    4294    4859    5088    5220
    4866    4758    4170    3962    3172    2779    2338    1957    1481    1486
    1343    1517    1746    2447    3458    5266    7286   10299   13331   17240
   19343   23113   24626   27103   26128   28112   24417   23774   19499   17614
   13727   10866    7933    6073    4372    3208    2323    1862    1536    1300
    1064    1055     944     929     840     926     808     872     778     822
     747     749     651     707     626     618     573     589     515     541
     501     537     559     549     543     581     621     749     778     872
    1026    1293    1564    1959    2428    3024    3286    4149    4442    4825
    4852    5231    5009    4822    4299    4171    3580    2899    2633    2181
    1763    1558    1332    1223    1158    1138    1203    1303    1480    1860
    2255    3011    3940    5388    6912    9977   11120   14715   16081   19432
   20687   22902   22558   23668   21715   21356   18312   16677   13519   11352
    8669    7326    4940    4162    3072    2703    2313    2467    2218    2508
    2501    2595    2488    2535    2424    2291    1939    1770    1576    1390
    1083     903     724     643     574     541     475     482     438     479
     447     465     426     495     482     436     447     498     500     544
     547     565     601     644     651     744     901    1109    1517    2036
    2604    3774    4539    6441    8061   10105   11800   14476   15606   18195
   18274   19873   19454   19516   17619   17855   14586   13115   10458    8918
    6904    5482    3893    3045    2169    1704    1345    1206    1151    1213
    1333    1597    1959    2447    2824    3629    4634    6012    7137    9219
   11417   14609   16811   20841   24047   28119   29307   33590   33295   35614
   33753   33574   30919   29200   24325   22063   17985   15260   11304    8910
    6397    4892    3380    2525    1689    1249     934     962     886     979
    1166    1378    1563    2018    2333    2731    3018    3763    3785    4433
    4200    4597    4415    4571    4124    4057    3455    3239    2682    2391
    1826    1542    1303    1107     844     738     509     507     401     398
     418     371     395     370     361     409     376     401     411     414
     367     413     501     469     515     625     791     959    1124    1470
    1836    2401    2761    3476    4105    5096    5408    6432    6769    7240
    7143    7521    7390    7283    6553    6510    5669    5197    4126    3688
    3192    2797    2202    1954    1616    1363    1163    1124     985     937
     876     904     792     791     720     796     727     840     804     868
     947    1032     971    1063    1109    1238    1293    1414    1473    1665
    1541    1793    1786    1743    1627    1810    1701    1631    1484    1396
    1252    1172    1127    1034     935     842     825     769     772     736
     625     757     636     705     706     796     685     771     722     811
     786     772     772     784     831     826     805     911     766     904
     831     926     873     873     865     972     967    1031     994    1037
     977    1094     986    1094    1004    1100     989    1001    1038     995
     895     967     893     972     857     893     881    1007     894     967
     858     889     938     873     893     867     951     920     938    1011
     899     907    1005    1084    1039    1180    1232    1354    1352    1541
    1620    1986    2033    2288    2410    2592    2679    2849    2930    3065
    2942    3112    2868    2906    2638    2712    2278    2430    2053    1986
    1821    1734    1515    1593    1464    1530    1324    1415    1422    1435
    1384    1478    1524    1586    1472    1609    1710    1913    2144    2522
    2979    3900    4681    6760    8416   11590   14254   19257   24274   31460
   36977   45792   54616   65385   70728   81345   87914   96858   97998  109629
  102157  105662   97261   96518   87374   83076   70419   65546   54016   47215
   36817   31644   24632   19838   14596   11819    8559    6798    4640    3920
    2955    2545    1962    1815    1680    1580    1461    1520    1384    1461
    1303    1439    1371    1429    1459    1508    1512    1458    1483    1527
    1518    1679    1552    1698    1749    1892    1904    2280    2310    2726
    2922    3487    3839    4777    5274    6274    7199    8438    8978   10239
   11361   12449   12747   14051   14294   14737   13963   14250   13488   13439
   11808   11511   10255    9431    7827    7293    5937    5183    4278    3856
    3101    2738    2245    2101    1691    1736    1410    1406    1407    1448
    1237    1311    1312    1276    1238    1273    1247    1365    1284    1337
    1324    1378    1322    1452    1452    1443    1391    1424    1347    1354
    1393    1464    1429    1410    1323    1410    1303    1366    1306    1272
    1321    1386    1304    1365    1306    1290    1254    1350    1336    1340
    1234    1381    1374    1312    1322    1386    1340    1441    1302    1361
    1369    1407    1253    1405    1347    1404    1344    1441    1396    1513
    1516    1520    1491    1606    1527    1682    1621    1739    1671    1795
    1811    1899    1847    1919    1854    1990    1713    1810    1829    1769
    1589    1699    1602    1652    1494    1540    1396    1457    1357    1345
    1235    1356    1217    1287    1281    1250    1318    1260    1197    1289
    1233    1304    1207    1264    1251    1276    1238    1211    1195    1294
    1277    1424    1318    1418    1572    1764    1752    2084    2169    2554
    2688    3199    3408    4031    4159    4740    5385    5958    5904    6501
    6763    7267    6952    7145    7390    7197    6749    6730    6107    5788
    5195    5059    4408    4110    3395    3113    2797    2658    2220    2090
    1835    1767    1544    1451    1440    1456    1367    1309    1360    1309
    1235    1352    1260    1349    1122    1224    1210    1261    1180    1225
    1154    1253    1161    1176    1243    1152    1220    1186    1180    1169
    1163    1218    1187    1230    1199    1194    1235    1288    1105    1175
    1176    1242    1168    1317    1219    1236    1219    1157    1167    1277
    1154    1235    1173    1242    1105    1218    1216    1324    1107    1246
    1253    1253    1275    1396    1372    1460    1414    1493    1648    1620
    1730    1790    1747    1909    1807    1883    1955    1974    1971    1901
    1987    1829    1725    1712    1691    1723    1508    1527    1523    1543
    1363    1354    1347    1330    1235    1257    1181    1236    1132    1177
    1112    1149    1104    1129    1117    1129    1131    1125    1105    1199
    1070    1081    1169    1110    1159    1127    1079    1137    1040    1160
    1101    1138    1141    1131    1182    1181    1082    1224    1175    1182
    1091    1220    1121    1144    1099    1131    1157    1143    1130    1131
    1133    1109    1110    1127    1249    1141    1081    1176    1135    1110
    1147    1223    1164    1198    1139    1139    1186    1195    1092    1236
    1135    1197    1198    1186    1156    1225    1240    1246    1302    1301
    1181    1276    1284    1354    1297    1343    1330    1300    1219    1330
    1307    1250    1221    1285    1245    1207    1208    1244    1157    1193
    1215    1129    1147    1241    1115    1118    1192    1189    1105    1131
    1152    1182    1032    1146    1103    1168    1061    1125    1114    1113
    1050    1120    1157    1161    1036    1121    1155    1147    1109    1121
    1125    1158    1041    1114    1063    1081    1046    1077    1095    1118
    1060    1077    1045    1099    1049    1098    1090    1109    1000    1056
    1088    1150    1103    1049    1067    1089    1086    1062    1044    1030
    1038    1151    1054    1120    1098    1079    1048    1091    1065    1058
    1096    1091    1050    1063    1070    1066    1061    1048    1077    1057
    1032    1084    1006    1087    1010     975     994    1071    1007    1181
    1057    1028     983    1167    1036    1079    1004    1207    1026    1098
    1049    1125    1089    1150    1083    1211    1252    1311    1257    1314
    1327    1364    1328    1311    1434    1540    1503    1569    1552    1571
    1543    1524    1538    1643    1508    1453    1482    1451    1481    1415
    1416    1323    1242    1276    1148    1247    1185    1115    1160    1190
    1009    1066    1010    1049     945    1019    1002     996     990    1007
     964    1029     976    1010     989    1011     927     978    1003     997
     959    1032     974    1011     970     964     958     990     980     979
     963    1048     961    1048    1010    1047     944     924    1086    1057
     975    1062    1039    1012    1011    1028    1032    1112    1092    1054
    1077    1088    1100    1083    1036    1132    1029    1083    1098    1091
    1063    1044    1053    1105    1014    1065    1038    1032    1043    1030
    1071    1036    1001    1027    1049     980    1006    1053    1017     994
     927    1044     988    1015     868     995     921     958     927     970
     911     920     933     915     957     974     914     928     914     951
     918     938     964     946     908     952     971     947     970    1020
     996    1029     953     998     995    1044    1045    1106    1089    1182
    1086    1081    1096    1148    1084    1058    1131    1127    1037    1106
    1094    1063    1056    1103    1058    1028    1000     964     967    1080
     985     997     924     953     941     994     876     935     910     957
     899     950     816     860     940     906     821     834     901     890
     813     841     847     864     796     790     857     876     832     895
     878     815     833     859     891    1011     818     827     921     851
     849     900     892     981     863     907     928    1023     949     994
     974    1027    1003    1069    1046    1167    1126    1149    1176    1250
    1160    1203    1230    1223    1127    1201    1159    1307    1164    1185
    1159    1210    1104    1135    1092    1104    1021    1018     995     945
     923     900     927     974     921     914     868     843     806     835
     906     841     778     787     823     826     787     766     724     764
     787     868     717     818     782     788     761     801     754     760
     763     825     782     803     779     805     766     800     833     803
     771     781     855     820     770     846     823     782     756     859
     815     817     760     779     852     821     755     860     864     847
     794     840     851     865     805     825     882     852     823     804
     839     842     788     808     847     814     775     783     806     814
     763     738     774     816     784     767     798     769     761     816
     757     728     748     775     792     770     712     791     762     748
     705     751     760     767     737     701     767     767     746     764
     770     765     678     711     731     747     756     738     746     751
     752     731     740     774     744     758     792     770     749     798
     777     856     797     867     866     912     871     875     877     987
     923     900     957    1035     935     977     947     997     903     954
     937     979     891     923     933     911     806     891     893     860
     788     796     821     881     711     779     723     798     735     738
     756     831     676     703     695     752     662     691     664     767
     655     712     737     680     710     679     700     763     678     685
     654     711     664     644     660     714     645     647     722     696
     689     654     728     696     700     715     661     691     593     679
     721     735     654     710     758     702     644     695     696     692
     676     734     675     739     713     726     691     783     694     659
     765     728     672     701     720     705     641     677     668     683
     686     704     698     692     638     657     686     686     640     638
     645     663     586     641     679     700     600     651     658     684
     640     651     675     651     651     627     658     675     621     636
     631     654     606     660     620     664     653     727     627     683
     627     633     624     686     632     626     620     675     640     641
     641     625     615     634     663     691     631     653     671     657
     652     663     686     713     637     653     660     685     618     654
     662     674     629     698     607     685     635     633     688     657
     688     709     687     715     615     691     647     686     658     695
     720     672     668     677     667     703     721     676     693     769
     675     713     629     706     692     700     724     731     638     688
     653     666     647     687     710     702     685     689     737     731
     680     645     767     706     694     686     748     709     667     724
     697     712     736     735     721     743     738     766     732     762
     717     701     707     763     632     672     741     786     710     739
     760     766     783     777     795     807     732     746     754     773
     769     809     795     824     823     820     816     851     875     840
     856     898     821     930     940     912     863     933     962     970
     943     917     986     974     990     953    1029    1101    1069    1045
    1107    1122    1122    1160    1232    1272    1232    1353    1310    1323
    1392    1425    1442    1547    1481    1530    1581    1729    1643    1786
    1893    1926    1927    2012    2118    2318    2171    2207    2471    2469
    2472    2487    2708    2742    2698    2747    3028    3131    3062    3250
    3299    3355    3399    3531    3626    3787    3494    3710    3745    3766
    3680    3940    4048    4074    3937    4055    4075    4091    4017    3847
    4276    4192    3960    4007    4012    3930    3806    3928    3867    3803
    3673    3656    3691    3627    3492    3530    3357    3242    3063    3142
    3086    2984    2872    2784    2661    2724    2562    2548    2496    2460
    2237    2084    2245    2139    1970    1995    1834    1826    1648    1731
    1647    1618    1477    1369    1374    1409    1315    1331    1293    1260
    1060    1135    1113    1170    1092    1023    1071    1046    1041    1046
     990    1106    1031    1028    1146    1140    1147    1154    1238    1311
    1295    1318    1511    1571    1551    1697    1725    1819    1816    1921
    1974    2154    2030    2180    2221    2270    2241    2323    2367    2387
    2350    2442    2357    2357    2158    2067    2317    2113    1954    1953
    1700    1834    1628    1568    1498    1369    1443    1252    1204    1148
    1007     968    1007     886     866     806     753     787     658     709
     689     623     572     608     612     652     589  312551
