$Informacoes da Fluorescencia de Raios-X:
"Sample    : GHA-153",                                                                    
"Operator  : thiago",                                                                     
"Comment  : ",                                                                            
"Group     : thiago_acra2010ma",                                                          
"Date       : 2010-06-27 12:30:33",                                                       
"",                                                                                       
"Mesurement Condition",                                                                   
"------------------------------------------------------------------------------------",   
"Instrument : 700HS2   Atmosphere : Vac.   Collimator : 10(mm)   Spin : No",              
"------------------------------------------------------------------------------------",   
"Analyte               TG kV   uA      FI Acq.(keV)  Anal.(keV)  Time(sec)     DT(%)",    
"------------------------------------------------------------------------------------",   
"Na                    Rh 50 1000-Auto Al  0 - 20    0.8 - 1.2   Live -  959   20",       
"Channel_info_start",                                                                     
"Channel : Na",                                                                           
"Points : 2048
"Range : 0.000000 - 20.480000",                                                           
"Step : 0.010000",                                                                        
"Channel_info_end",                                                                       
$DATA:
       0    2047
       0       0       0       0       0       0       0       0       0    2048
       0       0       0       0       0       0       0       0       0       0
       0       0       0       0       0       0       0       0       0       0
       0       0       0       0       0       0       0       1       4      10
      91     177     173     214     205     206     211     206     224     217
     218     181     211     207     207     239     214     225     208     230
     226     248     221     241     252     269     256     283     265     275
     269     269     263     323     277     293     308     295     296     300
     329     299     265     269     234     239     215     213     204     236
     210     221     230     270     252     251     262     309     296     273
     314     279     253     253     224     224     251     242     235     257
     259     251     270     281     288     260     271     275     264     255
     248     241     190     199     230     241     234     252     266     334
     308     389     387     426     404     424     451     534     427     416
     383     353     319     395     368     389     385     516     553     807
    1020    1491    1803    2519    2761    3478    3770    4171    4302    4452
    4239    4168    3737    3504    2782    2453    1898    1635    1336    1106
    1024    1254    1474    2061    2860    4341    5788    8548   10690   13682
   15204   18257   19550   21447   20896   22127   19419   18453   15641   13818
   11353    9114    6628    5254    3691    2827    2071    1598    1402    1302
    1204    1188    1059    1159    1092    1183    1025    1223    1007    1011
     987     848     754     774     679     620     528     528     460     417
     408     426     379     426     360     445     433     464     415     584
     705     829     977    1344    1565    1973    2118    2542    2776    3156
    3035    3319    3136    3090    2755    2539    2239    1833    1554    1248
    1103     960     772     689     625     663     651     638     675     744
     790    1029    1238    1679    1967    2794    3103    3929    4325    5205
    5487    6150    5796    6154    5743    5467    4894    4466    3741    3272
    2440    2127    1548    1301    1055     996     946     861     822     897
     879     890     908     917     844     875     813     757     613     626
     591     543     488     471     422     444     446     463     414     453
     450     456     430     517     495     524     507     519     546     546
     569     622     606     681     696     790     850    1094    1277    1682
    2101    2787    3638    4666    5799    7420    8496   10530   11371   13043
   12892   13989   13561   14101   12777   12619   10413    9584    7704    6679
    5189    4170    3177    2519    1982    1627    1375    1386    1209    1376
    1488    1857    2244    2768    3397    4795    6066    8389   10789   14676
   18780   24530   29122   36409   42149   49209   52179   59808   60549   64213
   60730   60890   56556   53363   45588   40778   34005   27645   20690   16609
   12331    8948    6140    4604    3058    2302    1517    1484    1395    1625
    1787    2275    2704    3342    3966    4840    5539    6264    6653    7715
    7609    8306    7841    7985    7456    7181    6164    5614    4790    4132
    3071    2637    2152    1696    1298     968     790     593     485     467
     437     368     333     451     334     388     369     392     419     363
     418     434     460     509     528     639     812    1032    1246    1549
    2047    2586    3046    3819    4598    5368    5912    6954    7636    7967
    7890    8426    7942    7917    7186    7107    6169    5473    4664    4090
    3420    2826    2294    2018    1571    1453    1172    1066    1014     962
     851     824     772     760     736     734     751     830     801     910
     965    1007    1010    1203    1203    1401    1360    1473    1576    1656
    1674    1814    1785    1826    1709    1763    1649    1592    1513    1483
    1273    1217    1095    1032     983     871     820     770     686     741
     686     766     686     725     675     700     676     740     729     765
     781     803     718     786     807     868     772     843     770     885
     856     819     844     877     865    1016     943    1025     995    1067
    1037    1069    1031    1069    1054    1097     948    1041     964    1006
     978     925     906     986     856     898     888     914     858     861
     876     923     820     874     913     887     876     921     919     944
     922     940     908     973     928    1137    1078    1301    1220    1419
    1405    1714    1681    1993    2072    2288    2222    2341    2517    2533
    2486    2727    2517    2445    2255    2250    2029    2013    1842    1785
    1611    1533    1420    1354    1369    1382    1213    1282    1333    1320
    1224    1317    1366    1419    1373    1502    1653    1764    1873    2360
    2790    3671    4392    6095    7803   10783   13299   17666   22243   28630
   33853   42090   50079   59298   64215   72824   80572   87677   89078   98532
   93254   95545   88129   87118   79452   74696   64630   58924   49827   43544
   33736   28977   22670   18392   13497   10844    7882    6298    4536    3591
    2864    2377    1915    1715    1571    1504    1318    1357    1377    1323
    1372    1360    1362    1404    1275    1377    1456    1464    1318    1417
    1413    1502    1443    1577    1664    1753    1834    2078    2234    2557
    2725    3270    3727    4294    4773    5921    6666    7628    8093    9502
   10524   11395   11601   12594   13161   13415   12475   12740   12489   12080
   10686   10454    9215    8726    7200    6471    5514    4845    3906    3686
    2836    2588    2080    1887    1741    1534    1440    1360    1362    1324
    1369    1356    1241    1408    1181    1280    1348    1353    1229    1365
    1327    1414    1307    1439    1348    1409    1280    1340    1380    1401
    1382    1313    1326    1365    1267    1367    1324    1300    1281    1307
    1331    1292    1313    1227    1290    1227    1247    1309    1337    1302
    1217    1367    1262    1262    1309    1275    1274    1344    1231    1321
    1273    1324    1284    1283    1246    1400    1296    1412    1358    1386
    1347    1485    1420    1497    1559    1603    1599    1646    1642    1737
    1747    1837    1694    1775    1756    1708    1789    1788    1678    1745
    1575    1561    1521    1518    1439    1396    1414    1336    1307    1313
    1254    1272    1147    1219    1201    1229    1145    1131    1202    1213
    1101    1149    1161    1166    1125    1172    1138    1185    1147    1165
    1116    1184    1197    1209    1214    1299    1290    1369    1503    1535
    1531    1765    1779    1895    1972    2210    2304    2451    2533    2727
    2836    2935    2826    2884    2986    3037    2727    2702    2649    2561
    2289    2167    2085    1997    1807    1678    1634    1552    1402    1357
    1321    1319    1197    1255    1269    1190    1186    1165    1201    1206
    1124    1167    1182    1157    1130    1183    1183    1193    1149    1158
    1127    1118    1102    1100    1068    1084    1091    1143    1018    1052
    1021    1140    1059    1077    1111    1152    1121    1114    1100    1094
    1131    1166    1147    1163    1113    1127    1067    1181    1130    1130
    1120    1161    1101    1173     985    1141    1124    1146    1098    1091
    1113    1182    1120    1158    1155    1246    1111    1235    1193    1247
    1223    1230    1277    1363    1186    1290    1319    1330    1266    1307
    1317    1337    1240    1245    1210    1259    1156    1208    1169    1166
    1140    1112    1191    1063    1107    1087    1125    1094    1023    1057
    1001    1069    1036    1088    1081    1072    1012    1091     993     987
    1049    1024    1133    1139    1042    1124    1063    1058    1047    1022
    1154    1057    1076    1004    1082    1133    1149    1134    1131    1151
    1094    1175    1199    1122    1120    1134    1077    1116    1020    1107
    1085    1150    1038    1083    1065    1168    1011    1063    1041    1054
    1087    1084    1020    1083    1002    1094    1047    1157    1068    1169
    1060    1100    1114    1217    1139    1130    1087    1203    1221    1236
    1232    1177    1191    1272    1147    1296    1214    1167    1088    1176
    1160    1133    1085    1219    1169    1223    1103    1066    1088    1118
    1098    1160    1052    1148     994    1088    1060    1058     995    1033
    1103    1104    1088    1043    1067    1141    1049    1038    1072    1113
    1021    1083    1030    1056    1016    1102    1043    1052    1056    1020
    1097    1115     988    1188    1000    1102    1040    1100    1111    1055
    1028    1019    1058    1075     995    1095    1018    1060    1077    1023
    1059    1093     970    1001     969    1092    1009    1052    1040     998
    1018    1050     988    1021    1025    1047    1022    1012     951    1019
    1033    1078     951    1052    1021    1001     962    1001    1000     992
     953    1069    1028    1034    1020    1065    1007    1050     992    1007
     983     994     946     998    1034    1001     983    1085    1001    1011
     979     979    1030    1056     955    1016    1024    1094    1091    1076
    1040    1103    1034    1118    1123    1097    1007    1123    1097    1111
     986    1132    1129    1110    1060    1112    1023    1042    1013    1118
    1001     986     961     980    1013    1028     955     986    1056     955
     928     933     952     929     941     898     926     988     931     941
     957     966     868     974     919     988     905     932     904     979
     984     968     928     978     887     967     886     914     928     944
     910     997     911     940     956     986     915     888    1045    1021
     946     970     988     964     889     971     949     886     969     983
     961     984     939     958    1043    1043     952    1011    1006    1043
     964     935     974     985     955     967    1000     978     911    1040
     970    1000     974     928     928     971     940     962     926     985
     907     901     876     968     838     967     920     923     920     886
     851     983     895     853     870     946     850     865     862     850
     839     847     899     916     890     871     842     874     847     898
     938     903     843     935     975     944     888    1003     911     911
     933     919     946    1019     916     970    1025     965     932    1009
     962     943     929     986     949     910     942     933     940     937
     892     947     930     847     911     856     853     860     790     832
     874     825     824     829     885     841     784     790     864     785
     807     840     841     795     752     801     879     822     807     896
     841     777     850     860     833     781     826     849     816     841
     829     858     846     908     851     923     857     939     860     978
    1037    1016    1011    1067    1067    1101    1028    1048    1136    1129
    1133    1201    1173    1186    1193    1169    1224    1195    1152    1112
    1137    1154    1023    1020    1002    1002     961     985     930     911
     874     873     892     865     802     814     826     819     838     796
     793     770     759     821     797     765     756     748     796     832
     738     784     802     784     776     795     724     778     743     772
     801     756     758     716     770     789     752     738     781     750
     762     725     780     793     686     786     731     795     835     812
     775     767     724     750     781     794     805     748     814     762
     745     797     787     794     733     813     785     790     790     766
     833     752     754     684     794     778     725     726     727     780
     742     736     736     765     725     748     761     724     693     677
     743     722     666     705     708     767     715     677     731     765
     705     668     675     659     653     667     774     668     652     753
     685     716     640     766     681     681     735     743     716     752
     723     757     722     745     754     739     740     807     765     753
     776     835     877     839     873     877     874     943     929     978
     922     919     992     973     864     929     903     928     903     930
     998     911     849     938     879     844     817     821     824     857
     739     841     749     740     740     707     745     744     723     752
     740     738     668     699     663     725     690     708     694     676
     685     631     703     699     645     667     708     708     642     662
     645     658     668     645     636     680     653     643     650     630
     667     680     696     684     645     656     662     672     640     644
     660     670     642     594     660     698     616     657     680     684
     606     668     651     697     653     622     672     658     680     653
     644     660     705     662     732     669     645     640     654     660
     607     672     681     686     611     638     681     652     671     648
     598     702     603     614     671     668     616     648     658     671
     613     641     642     658     548     634     645     682     624     664
     664     627     568     632     632     640     588     605     631     634
     649     671     636     632     585     679     626     641     661     614
     656     596     606     645     579     623     617     613     672     621
     611     605     649     626     606     644     634     648     648     615
     595     632     652     647     672     648     639     662     650     696
     662     644     699     654     612     657     673     690     654     625
     734     695     651     668     639     662     691     651     704     706
     691     679     686     685     606     668     707     695     634     711
     667     654     663     625     632     663     663     725     693     698
     634     609     775     670     654     686     734     713     629     691
     706     734     714     722     736     716     709     703     680     730
     697     691     745     799     711     706     726     753     752     696
     763     760     699     691     762     810     721     729     738     730
     754     757     830     816     727     806     790     839     810     798
     850     856     856     871     794     906     825     903     962     841
     958     985     989     980     977     973    1081    1036    1011    1028
    1076    1110    1083    1131    1231    1208    1206    1264    1304    1359
    1358    1377    1458    1497    1475    1600    1592    1734    1645    1702
    1841    1884    1785    1869    2072    2259    2072    2153    2448    2505
    2375    2427    2558    2573    2684    2768    2987    3009    3019    3055
    3144    3248    3293    3342    3462    3500    3520    3664    3658    3694
    3582    3814    3955    3867    3760    3755    3903    4035    3863    3687
    4220    3967    3833    3825    3926    3864    3583    3857    3721    3789
    3529    3500    3535    3455    3130    3207    3301    3130    3083    3012
    2967    2962    2711    2623    2668    2503    2252    2440    2411    2217
    2179    2087    2184    1997    1879    1797    1772    1736    1624    1594
    1609    1513    1428    1382    1336    1250    1215    1238    1204    1174
    1079    1095    1064    1015     925    1033    1034    1070     979    1013
    1028     992    1013    1049    1188    1142    1064    1165    1233    1273
    1304    1313    1456    1420    1524    1583    1776    1772    1728    1949
    1943    2103    2027    2047    2232    2194    2180    2236    2266    2279
    2171    2142    2207    2236    2099    1959    2140    2009    1834    1843
    1742    1782    1573    1550    1510    1391    1274    1230    1183    1107
     924     914     921     886     778     770     695     673     722     648
     613     613     571     585     598     589     567  299692
