$Informacoes da Fluorescencia de Raios-X:
"Sample    : GHA-273",                                                                    
"Operator  : THIAGO",                                                                     
"Comment  : ",                                                                            
"Group     : thiago_acra2010ma",                                                          
"Date       : 2010-06-13 04:50:45",                                                       
"",                                                                                       
"Mesurement Condition",                                                                   
"------------------------------------------------------------------------------------",   
"Instrument : 700HS2   Atmosphere : Vac.   Collimator : 10(mm)   Spin : No",              
"------------------------------------------------------------------------------------",   
"Analyte               TG kV   uA      FI Acq.(keV)  Anal.(keV)  Time(sec)     DT(%)",    
"------------------------------------------------------------------------------------",   
"Na                    Rh 50 1000-Auto Al  0 - 20    0.8 - 1.2   Live -  960   10",       
"Channel_info_start",                                                                     
"Channel : Na",                                                                           
"Points : 2048
"Range : 0.000000 - 20.480000",                                                           
"Step : 0.010000",                                                                        
"Channel_info_end",                                                                       
$DATA:
       0    2047
       0       0       0       0       0       0       0       0       0    2048
       0       0       0       0       0       0       0       0       0       0
       0       0       0       0       0       0       0       0       0       0
       0       0       0       0       0       0       0       1       6       2
      48     147     138     147     138     156     139     130     141     157
     137     144     142     141     141     143     158     186     144     152
     178     189     205     196     192     233     200     249     213     233
     219     266     256     241     268     273     282     273     281     265
     256     236     212     199     195     182     143     138     129     152
     141     140     126     127     156     143     130     143     146     155
     149     168     128     145     133     144     140     141     149     164
     165     175     157     183     150     161     148     169     157     156
     141     158     142     168     156     127     138     160     119     174
     170     179     193     169     212     233     221     254     179     184
     193     187     195     176     165     201     182     235     195     283
     315     395     521     620     757     863     881    1107    1091    1137
    1125    1142    1081    1001     907     852     731     638     572     462
     420     466     477     582     733    1018    1275    1783    2174    2940
    3364    4005    4253    4723    4425    4796    4292    4175    3441    3206
    2585    2149    1591    1234     898     728     511     484     387     376
     299     303     275     282     277     288     279     276     297     300
     282     301     314     281     228     289     261     288     253     247
     234     215     248     261     240     285     264     277     359     451
     546     710     838    1139    1483    1968    2223    2696    2855    3324
    3338    3471    3490    3335    3076    2916    2457    2167    1667    1401
    1082     900     650     636     509     457     433     394     351     363
     312     330     331     338     315     367     343     375     391     441
     480     483     520     513     537     555     485     471     405     431
     354     345     288     278     253     259     251     272     240     261
     235     293     259     266     258     265     284     275     245     269
     254     242     259     234     215     240     224     242     249     254
     235     235     211     253     223     275     229     259     258     303
     279     309     282     322     346     418     464     683     830    1180
    1557    2220    2961    4109    4997    6343    7266    8990   10261   11674
   11795   12897   12542   12924   11878   12072    9823    9195    7403    6483
    4893    3900    2833    2193    1576    1176     873     708     607     688
     731     770     932    1157    1175    1518    1710    1991    2047    2550
    2753    3013    3289    3670    3740    4249    4154    4628    4532    4558
    4498    4505    3994    3864    3334    2981    2521    2172    1659    1397
    1019     853     647     557     423     378     343     344     379     357
     353     398     392     456     471     563     613     606     661     800
     709     735     708     740     736     698     624     609     528     595
     405     362     376     330     310     319     301     288     277     278
     288     272     268     304     325     310     322     302     292     317
     286     317     281     270     291     349     345     378     427     460
     547     694     694     883     903    1142    1179    1293    1446    1621
    1532    1674    1525    1607    1405    1437    1313    1228    1062    1053
     901     784     711     683     514     607     520     561     505     517
     424     421     480     498     438     481     456     454     462     509
     537     488     454     522     502     585     584     622     614     645
     665     664     687     690     645     699     669     701     591     629
     615     609     581     544     536     543     538     504     511     513
     499     512     501     501     444     509     478     524     488     489
     503     529     476     528     525     573     554     580     540     579
     554     575     593     624     581     630     679     697     619     648
     661     723     669     794     653     723     681     711     700     752
     651     702     648     718     667     664     669     726     610     734
     671     738     644     649     653     694     719     707     682     759
     666     756     733     734     728     781     784     817     788     845
     963    1028     971    1126    1169    1184    1197    1300    1337    1276
    1262    1425    1239    1373    1233    1262    1130    1195    1032    1072
    1065     954     947     923     921     940     863     898     909     914
     890     944     924     974     956     990     990    1046    1001    1133
    1287    1403    1589    1877    2050    2752    3118    3971    4811    6156
    7022    8423   10101   11905   12895   14945   16036   17887   17906   20686
   18888   19692   18652   18413   17053   16603   14135   13088   11234   10136
    8154    7157    5818    4810    3791    3482    2521    2259    1875    1519
    1359    1393    1229    1199    1152    1205    1041    1068    1119    1141
    1121    1158    1101    1143    1131    1139    1127    1233    1103    1132
    1143    1172    1132    1180    1188    1317    1186    1332    1317    1442
    1353    1481    1567    1805    1687    1974    2174    2368    2511    2728
    2833    3156    3120    3376    3380    3635    3534    3477    3325    3397
    3061    3076    2853    2702    2350    2281    2023    1986    1676    1714
    1576    1502    1341    1354    1277    1203    1199    1200    1189    1208
    1097    1181    1160    1179    1175    1131    1117    1246    1172    1179
    1186    1254    1178    1198    1216    1181    1184    1272    1245    1197
    1207    1289    1260    1334    1177    1197    1166    1206    1134    1117
    1180    1212    1116    1170    1168    1215    1164    1155    1219    1181
    1154    1209    1213    1225    1173    1240    1167    1257    1224    1185
    1173    1190    1223    1315    1184    1271    1229    1230    1269    1189
    1341    1269    1327    1390    1283    1415    1489    1428    1487    1513
    1533    1532    1565    1616    1578    1607    1560    1533    1543    1479
    1417    1463    1359    1331    1251    1345    1192    1209    1136    1184
    1155    1127    1042    1085    1139    1155    1061    1096    1078    1115
    1068    1052    1076    1059    1045    1047    1016    1007    1011    1115
    1100    1166    1024    1106    1098    1140    1065    1253    1124    1263
    1225    1338    1370    1426    1445    1596    1691    1696    1703    1916
    1873    1994    1999    2060    1982    2043    1864    1902    1841    1839
    1676    1578    1510    1480    1354    1410    1270    1266    1230    1227
    1163    1189    1012    1089    1086    1110     996    1045    1177    1081
    1031    1049    1051    1028     977    1072    1109    1121    1007    1055
    1014     999     998     956    1018    1048     951    1001    1028    1012
    1010    1058     989    1055     955     991     984    1000     994    1010
    1015    1060     992    1011     987     988     965    1016     971    1018
     945     922     999    1012     983    1012     966    1027     986    1043
     911    1059     983    1085     974     929     990    1017     972    1080
    1051    1046    1117    1069    1086    1140    1063    1080    1026    1109
    1138    1062    1087    1042    1070    1121     994    1052    1024    1092
     987     984    1004    1032     971     962     988     996     944     953
     970     955     905     931     980     995     903     942     961    1013
     919     991     990     962     905     993     963     972     935     926
     969     940     908     923     947    1045     999    1011     922     989
     951     941     928    1012     907     913    1013     975     923     970
     965     953     859    1045     956     990     962     932     968     983
     929     924     960    1002     866    1032    1060     974     977    1025
     953    1044    1017    1030     988    1160    1103    1072    1049    1112
    1062    1117    1168    1098    1019    1091    1076    1067    1084    1115
     998    1035    1032    1011    1029    1037    1049    1013    1036     989
     956    1046     983    1016     995     970     959     926     983     940
     986     925     887     980     959     982     979    1008     978    1051
     987    1020    1007    1005     973     933     955     935     977     957
     946     986     996    1020     964    1011     960     996     983    1019
     911    1004    1036    1045     963     989    1006    1078     991    1011
    1071     996     976    1009    1009    1001     977    1027    1048     998
     973    1022     979    1048     959    1046     905     996     983     964
     909    1009     966     939    1018     965     893     961     937     957
    1000    1041     963     959     941     962     909    1007     926     911
     983     999     936    1053     946     951     983     978    1028    1060
    1031    1040    1018    1145    1066    1103    1166    1207    1226    1308
    1386    1494    1500    1510    1676    1703    1621    1765    1734    1920
    1791    1803    1820    1778    1744    1838    1699    1770    1602    1607
    1510    1477    1417    1387    1232    1206    1180    1132    1090    1029
     968    1042     987     977     978     951     955     916     813     887
     906     899     848     882     938     892     819     891     919     854
     861     959     862     914     795     888     906     911     902     922
     842     922     895     919     881     875     868     875     888     969
     887     905     931     887     947     929     924     989     938     956
     941     952     898     936     938     968     911     933     923     919
     937     849     915     887     851     878     873     885     874     904
     831     839     819     914     890     872     831     878     837     916
     813     904     825     887     853     842     782     872     816     796
     833     874     799     816     845     900     883     875     826     896
     816     845     916     939     853     868     902     922     833     883
     945     966     827    1008     947     960     968    1028    1000     999
     903    1061     917    1019     915     955    1066    1054     983    1010
     962     913     901     907     906     965     845     913     903     895
     833     838     841     871     810     823     841     835     801     834
     803     884     731     832     781     789     788     807     860     851
     788     783     779     774     788     772     799     784     781     810
     781     799     773     744     800     824     763     762     787     757
     767     828     799     756     760     753     789     805     776     765
     833     857     773     828     816     846     807     892     885     873
     790     835     801     816     795     865     846     855     814     756
     852     852     793     842     781     802     741     771     761     812
     756     766     806     734     707     756     708     761     715     752
     772     757     699     738     761     767     767     735     766     780
     706     742     728     695     737     736     716     720     756     779
     745     735     704     710     770     679     743     685     685     697
     743     693     746     782     688     703     722     743     702     669
     747     710     719     721     720     735     719     721     703     712
     706     704     713     762     715     718     720     721     715     725
     665     698     674     661     725     716     710     688     658     729
     651     723     701     704     709     707     705     680     649     695
     708     725     707     683     661     695     665     674     657     675
     703     631     664     708     681     669     738     675     637     642
     661     722     630     684     700     682     655     663     693     653
     573     699     697     664     670     671     685     669     690     636
     692     700     671     701     667     712     654     735     656     701
     672     707     675     700     663     691     691     733     668     727
     716     709     672     692     697     682     684     742     724     671
     625     609     715     682     560     646     657     628     662     660
     689     679     617     626     616     636     606     642     631     650
     656     629     637     624     619     656     624     635     629     607
     646     653     595     630     629     617     593     598     634     637
     614     588     686     688     600     602     627     604     627     656
     628     622     622     612     654     670     601     638     667     665
     626     599     627     672     586     631     629     653     624     646
     594     599     547     639     665     652     617     670     637     597
     619     596     650     592     607     642     635     632     567     682
     613     610     557     625     590     649     593     573     671     608
     628     585     675     650     635     613     625     645     594     618
     611     634     588     628     615     679     575     588     590     639
     598     611     626     631     617     649     612     568     611     585
     613     656     639     597     621     554     600     608     639     582
     592     612     616     626     617     592     639     599     566     632
     565     618     613     660     595     578     563     640     597     627
     568     593     647     594     660     613     636     668     627     634
     672     674     586     664     683     608     617     595     597     621
     636     684     596     675     606     622     612     648     603     618
     673     636     594     632     654     667     651     689     640     602
     652     616     710     685     592     622     687     662     645     647
     629     682     637     640     640     673     658     693     703     726
     702     676     688     715     639     671     707     664     655     661
     665     698     658     770     738     760     673     709     749     779
     692     784     763     738     787     764     740     805     771     748
     774     810     790     796     817     836     898     849     931     924
     869     915     925     978     935     961     999    1007     998    1040
    1104    1114     922    1055    1173    1180    1139    1160    1257    1324
    1284    1434    1438    1459    1408    1565    1555    1615    1573    1788
    1769    1864    1861    1851    2112    2171    2035    2146    2325    2380
    2392    2500    2530    2677    2651    2764    3014    2937    2942    3131
    3157    3302    3244    3439    3413    3529    3470    3570    3757    3728
    3621    3833    3949    3971    3762    3806    3975    3975    3941    3796
    4316    4060    3779    3873    3913    4049    3847    3788    3960    3775
    3599    3759    3709    3616    3431    3511    3399    3260    3131    3224
    3091    2942    2815    2843    2863    2676    2557    2461    2492    2349
    2240    2091    2187    2102    2015    1871    1770    1817    1686    1650
    1649    1522    1461    1417    1438    1245    1243    1206    1269    1157
    1110    1149    1062    1013     987     954    1020    1014     970    1029
     988    1045    1002     934    1174    1127    1051    1085    1091    1206
    1224    1287    1338    1425    1438    1457    1587    1606    1578    1764
    1782    1916    1848    1930    1969    2121    2016    1973    2229    2075
    2038    2042    1968    2072    1889    1897    2001    1785    1704    1598
    1590    1530    1395    1384    1356    1245    1133    1125    1076    1014
     871     886     888     795     706     688     663     652     614     621
     584     600     556     590     536     558     550  293803
