$Informacoes da Fluorescencia de Raios-X:
"Sample    : GHA-207",                                                                    
"Operator  : THIAGO",                                                                     
"Comment  : ",                                                                            
"Group     : thiago_acra2010ma",                                                          
"Date       : 2010-06-12 03:47:36",                                                       
"",                                                                                       
"Mesurement Condition",                                                                   
"------------------------------------------------------------------------------------",   
"Instrument : 700HS2   Atmosphere : Vac.   Collimator : 10(mm)   Spin : No",              
"------------------------------------------------------------------------------------",   
"Analyte               TG kV   uA      FI Acq.(keV)  Anal.(keV)  Time(sec)     DT(%)",    
"------------------------------------------------------------------------------------",   
"Na                    Rh 50 1000-Auto Al  0 - 20    0.8 - 1.2   Live -  960   15",       
"Channel_info_start",                                                                     
"Channel : Na",                                                                           
"Points : 2048
"Range : 0.000000 - 20.480000",                                                           
"Step : 0.010000",                                                                        
"Channel_info_end",                                                                       
$DATA:
       0    2047
       0       0       0       0       0       0       0       0       0    2048
       0       0       0       0       0       0       0       0       0       0
       0       0       0       0       0       0       0       0       0       0
       0       0       0       0       0       0       1       0       1       3
      74     171     165     205     149     177     188     170     197     175
     167     168     159     182     149     190     185     208     195     240
     218     249     226     260     223     250     256     284     229     244
     224     248     275     282     287     303     278     308     246     299
     249     272     248     264     234     247     254     275     303     300
     323     415     455     546     619     746     703     803     746     816
     704     661     633     559     480     431     417     424     406     400
     409     547     570     575     549     636     556     549     488     476
     438     364     314     319     254     263     287     277     289     343
     324     394     420     467     483     502     524     591     462     450
     406     420     380     351     305     306     336     413     419     601
     742     991    1232    1653    1815    2320    2484    2870    2930    3035
    2760    2886    2574    2433    1961    1739    1322    1257    1030     968
     805     889    1013    1435    1852    2776    3812    5454    6915    9002
   10290   12371   13224   14887   14095   15570   13600   13041   10797    9755
    7817    6329    4518    3591    2466    1937    1372    1103     944     850
     627     695     619     622     547     610     570     584     537     628
     580     585     579     555     529     605     521     559     521     548
     539     546     539     608     596     665     696     681     804     968
    1049    1345    1507    1988    2479    2997    3285    4025    4324    4933
    4811    5218    5017    4935    4406    4221    3643    3267    2718    2410
    2012    1879    1484    1503    1365    1473    1425    1654    1924    2390
    2888    4145    5590    8002   10021   14391   16536   22008   24274   29584
   31297   35117   34584   36701   33971   33438   28492   26535   21658   18326
   13938   11532    7921    6308    4676    3965    3337    3393    3194    3441
    3547    3740    3474    3718    3311    3287    2738    2619    2086    1745
    1402    1138     934     780     580     480     411     345     351     339
     328     358     291     338     324     354     334     361     331     341
     377     433     348     415     464     518     687     841    1070    1500
    1860    2632    3337    4697    5864    7421    8765   10754   11928   13760
   13879   15126   14897   15035   13585   13507   11382   10510    8283    6980
    5427    4392    3108    2315    1764    1278     968     874     815     843
     896    1081    1194    1637    1802    2374    2706    3490    4146    5188
    6339    7795    8821   11103   12388   14452   15054   17057   16834   18271
   17226   17350   15900   15153   12938   11492    9629    7947    5977    4811
    3501    2655    1860    1405     968     808     570     570     536     556
     662     743     811    1018    1147    1507    1588    1888    1932    2383
    2231    2413    2297    2401    2234    2204    1909    1809    1401    1299
    1065     867     733     676     502     492     354     360     300     320
     335     277     261     304     288     282     250     306     300     336
     341     336     306     365     330     459     451     605     686     907
    1082    1402    1643    2086    2410    2852    3019    3612    3961    4198
    4102    4501    4302    4228    3859    3806    3389    3174    2529    2248
    1981    1645    1448    1255    1088     923     791     829     691     702
     584     628     548     573     521     561     506     599     582     603
     610     687     660     778     690     836     835    1011    1021    1009
    1021    1100    1129    1173    1138    1134    1036    1018     990     942
     900     812     736     686     653     634     556     556     566     551
     508     603     499     525     488     549     538     548     527     580
     562     599     533     557     601     591     551     662     560     680
     606     629     640     696     646     716     732     722     718     812
     802     701     714     812     755     801     711     800     736     727
     706     788     687     714     690     716     636     716     715     791
     662     719     634     646     718     738     665     762     738     796
     692     731     794     754     754     854     879     978     957    1088
    1081    1271    1261    1505    1534    1655    1572    1899    1857    1935
    1885    2028    1854    1893    1707    1716    1536    1515    1409    1355
    1236    1285    1154    1147    1071    1124    1044    1116    1042    1103
    1019    1088    1127    1164    1091    1168    1279    1373    1450    1670
    2038    2364    2853    3831    4816    6538    7927   10598   13178   17416
   20533   25568   30568   35950   39311   45535   49312   54507   54559   62337
   58181   60448   55332   55844   50598   48111   40840   38174   31447   28178
   22196   18896   14662   11997    8870    7445    5306    4182    3093    2669
    2045    1744    1514    1396    1286    1224    1164    1126    1114    1140
    1070    1209    1115    1204    1067    1173    1098    1200    1131    1198
    1176    1302    1180    1283    1261    1415    1378    1535    1598    1820
    1860    2193    2515    2889    3300    3796    4362    4973    5211    6035
    6559    7261    7264    8088    8562    8586    8265    8704    8051    7919
    6969    6880    6145    5792    4684    4416    3848    3249    2817    2534
    2205    1829    1545    1476    1286    1302    1157    1134    1128    1085
    1003     977    1059    1026    1044    1069    1050    1046     987    1103
    1087    1120    1088    1106    1176    1184    1075    1067    1096    1068
    1119    1161    1152    1133    1044    1063    1070    1067    1013    1095
    1107    1084    1017    1038    1018    1057    1095    1050    1121    1103
    1016    1026    1036    1067    1051    1137    1134    1050    1061    1116
    1141    1064    1123    1204    1100    1112    1121    1169    1154    1233
    1118    1190    1268    1217    1251    1379    1400    1398    1341    1538
    1542    1541    1442    1592    1475    1538    1492    1551    1487    1466
    1396    1396    1298    1317    1249    1267    1177    1225    1103    1139
    1062    1165    1029     996    1062    1002    1057    1036    1018    1028
    1035    1022    1013    1002     980    1042     991    1108     948    1011
    1006    1093    1081    1097    1128    1172    1175    1363    1313    1502
    1564    1780    1880    2070    2168    2387    2630    2862    2863    3195
    3273    3405    3415    3362    3506    3449    3387    3278    3125    3034
    2613    2524    2332    2263    1922    1816    1617    1508    1459    1365
    1178    1256    1142    1166    1032    1091    1022    1041    1040    1012
    1014    1073    1029    1054    1013    1042    1060    1074     969    1014
     964     977     994     924     939     929     959    1039     943     961
     935    1019     918     976     929     988     947     960     947     964
     941     976     943     982     952     965     879     930     981     958
     896     943     945     919     890     919     954     978     930     959
     952    1009    1007    1014     941     987    1033    1087    1058    1159
    1158    1168    1203    1222    1174    1261    1198    1284    1166    1169
    1247    1220    1111    1166    1142    1156    1070    1022    1085    1029
    1003    1072     992    1040     908     976     979     981     891     968
     954     905     875     870     884     959     835     889     932     926
     806     885     935     904     825     921     885    1013     882     879
     861     971     843     916     908     906     841     908     858     990
     888     949     921     884     894     854     946     931     855     869
     871     901     807     896     956     882     816     945     899     887
     910     877     949     964     837     933     891     945     888    1007
     969     976     924     943    1025     988     961     946    1021    1034
    1021    1003    1001    1052    1024    1045    1037    1064    1025     995
    1037    1080    1013     979    1038    1022     963     948     930     987
     954     995     882     923     821     888     854     924     898     920
     821     866     906     884     918     883     912     926     879     956
     860     862     864     900     828     924     884     916     896     854
     865     853     806     891     886     873     864     966     874     924
     873     898     974     931     850     919     855     883     897     896
     934     937     850     902     869     913     909     896     946     943
     869     887     896     906     838     897     847     889     886     899
     894     876     843     891     888     907     819     893     844     862
     805     905     884     872     806     855     869     906     837     891
     858     861     792     891     889     876     871     881     884     951
     894     884     926     953    1003    1107    1072    1157    1089    1121
    1210    1214    1314    1302    1390    1389    1398    1503    1458    1566
    1491    1478    1524    1543    1419    1457    1469    1395    1297    1321
    1226    1221    1129    1129    1142    1039     998     980     930     939
     897     875     851     858     806     826     824     859     757     843
     795     799     780     818     776     804     828     779     812     849
     802     791     771     783     800     844     782     840     781     772
     764     826     751     795     793     800     812     792     853     815
     884     818     803     862     774     848     869     901     859     873
     862     902     823     895     918     885     862     870     832     872
     767     870     827     913     760     813     800     840     850     807
     849     817     824     789     808     754     806     743     723     747
     788     811     742     808     756     809     733     767     737     734
     743     836     672     778     743     817     698     735     712     774
     708     731     794     824     795     790     784     786     803     827
     858     816     828     842     841     929     831     913     863    1006
     885     847     859     932     873     914     864     877     870     851
     895     864     797     834     854     884     773     804     795     823
     739     802     796     776     708     778     760     759     694     709
     697     795     643     715     721     716     657     689     727     735
     703     729     750     733     665     685     703     713     676     695
     704     745     681     714     708     732     662     703     727     708
     710     747     696     731     701     776     756     739     726     784
     753     813     735     814     826     898     781     860     929     864
     886     909     952     946     943     917     947     886     832     843
     912     881     830     811     837     847     767     782     790     765
     719     723     714     725     756     689     697     662     601     688
     688     678     654     663     646     655     591     654     616     665
     689     654     660     672     618     606     655     676     633     615
     641     662     636     634     650     671     619     683     673     644
     640     645     667     649     585     637     660     701     598     664
     646     672     623     634     652     698     665     648     674     703
     650     637     723     672     619     683     684     658     630     625
     651     656     605     643     690     677     623     665     616     627
     628     638     637     654     582     633     572     625     555     639
     567     627     595     605     622     649     578     534     580     633
     586     552     613     615     610     580     661     616     588     617
     562     563     581     575     560     615     605     550     628     576
     562     614     582     706     584     598     583     609     598     666
     656     639     585     666     667     680     680     694     668     675
     648     703     688     714     678     667     715     683     663     715
     714     721     687     709     680     661     597     666     686     675
     648     599     651     581     610     579     629     596     555     598
     630     592     568     563     564     545     525     606     583     573
     564     552     579     546     548     628     569     574     561     568
     541     594     563     569     561     609     586     616     511     576
     529     546     581     551     517     548     527     584     546     546
     561     564     550     548     564     562     514     590     584     564
     552     569     578     557     570     574     545     556     550     529
     553     587     579     546     553     557     584     579     545     552
     499     544     518     506     513     561     555     569     566     527
     514     559     534     500     567     513     490     513     591     550
     491     543     525     474     483     513     573     571     517     568
     532     547     506     510     551     534     536     539     514     559
     499     521     517     545     514     517     544     494     527     532
     489     550     482     545     514     512     454     506     559     539
     534     521     502     522     506     549     518     545     517     533
     492     532     527     538     593     534     503     571     477     555
     493     569     570     526     505     533     576     534     564     555
     567     582     506     582     561     546     539     546     561     529
     552     599     515     498     578     579     625     592     511     546
     553     582     521     541     575     563     560     540     560     601
     581     513     573     552     492     550     550     556     575     527
     578     566     610     645     539     614     569     607     590     574
     598     591     564     567     602     546     605     607     578     642
     661     610     619     619     687     616     615     578     637     655
     622     672     627     710     645     651     684     650     667     712
     706     708     677     683     731     759     732     815     789     747
     800     746     800     839     769     874     879     819     799     934
     853     923     873     975     947     964    1018     987    1042    1126
    1098    1150    1162    1302    1272    1290    1374    1362    1339    1437
    1491    1585    1553    1615    1698    1799    1727    1773    2059    1992
    2040    2068    2157    2194    2236    2287    2433    2584    2368    2524
    2696    2787    2689    2695    3040    2967    2936    3062    2965    3149
    3069    3087    3362    3355    3243    3352    3302    3364    3327    3252
    3594    3385    3240    3343    3326    3420    3221    3219    3147    3384
    3050    3080    3053    3055    2817    2917    2821    2740    2588    2650
    2623    2456    2382    2281    2342    2355    2047    2125    2053    2001
    1814    1759    1846    1685    1632    1562    1461    1524    1401    1331
    1325    1361    1191    1192    1116    1156    1033    1016    1064    1059
     905     905     897     955     918     799     879     896     885     888
     934     877     884     848     949     987     926     975    1012    1056
    1079    1244    1243    1315    1336    1345    1490    1575    1461    1569
    1703    1746    1700    1722    1846    1856    1834    1784    1944    1886
    1845    1890    1853    1838    1739    1663    1827    1610    1625    1493
    1532    1445    1258    1240    1239    1138    1061    1058     899     907
     804     799     729     730     601     639     596     557     535     566
     528     517     466     510     498     508     447  253099
