$Informacoes da Fluorescencia de Raios-X:
"Sample    : GHA-283",                                                                    
"Operator  : THIAGO",                                                                     
"Comment  : ",                                                                            
"Group     : thiago_acra2010ma",                                                          
"Date       : 2010-06-13 08:20:42",                                                       
"",                                                                                       
"Mesurement Condition",                                                                   
"------------------------------------------------------------------------------------",   
"Instrument : 700HS2   Atmosphere : Vac.   Collimator : 10(mm)   Spin : No",              
"------------------------------------------------------------------------------------",   
"Analyte               TG kV   uA      FI Acq.(keV)  Anal.(keV)  Time(sec)     DT(%)",    
"------------------------------------------------------------------------------------",   
"Na                    Rh 50 1000-Auto Al  0 - 20    0.8 - 1.2   Live -  959   14",       
"Channel_info_start",                                                                     
"Channel : Na",                                                                           
"Points : 2048
"Range : 0.000000 - 20.480000",                                                           
"Step : 0.010000",                                                                        
"Channel_info_end",                                                                       
$DATA:
       0    2047
       0       0       0       0       0       0       0       0       0    2048
       0       0       0       0       0       0       0       0       0       0
       0       0       0       0       0       0       0       0       0       0
       0       0       0       0       0       0       1       1       1       4
      75     172     177     137     140     177     164     166     157     186
     137     192     161     160     169     175     174     198     173     210
     197     221     234     241     237     226     268     274     239     272
     230     255     261     278     254     313     252     261     265     267
     223     264     236     194     221     198     174     165     169     179
     145     153     159     161     169     159     153     153     159     129
     149     175     157     153     154     198     157     181     174     204
     176     199     186     225     181     197     192     231     200     192
     181     188     189     192     175     161     181     198     174     221
     219     247     263     256     309     290     306     310     277     309
     300     253     229     240     243     250     245     285     364     473
     607     792     968    1321    1542    1843    1964    2238    2266    2407
    2296    2315    2024    2030    1667    1524    1263    1114     950     831
     689     804     872    1147    1452    2078    2889    4049    5037    6473
    7376    8897    9369   10404    9961   10951    9654    9349    7884    6985
    5803    4771    3403    2721    1936    1573    1065     919     682     651
     470     501     471     472     405     459     454     412     441     452
     432     459     399     428     422     365     333     406     331     405
     313     329     331     349     324     346     396     425     501     629
     744    1040    1328    1744    2156    2822    3240    3842    4178    4713
    4690    5015    4907    4826    4252    3992    3295    3027    2385    2046
    1492    1173     896     775     661     624     484     527     530     511
     471     490     452     523     514     583     548     701     683     826
     832     931     952     965     947     875     811     783     703     648
     550     561     409     405     364     380     369     364     310     344
     365     390     358     382     381     387     368     389     359     369
     329     332     314     352     308     304     323     350     304     333
     328     322     294     306     299     320     360     358     404     413
     384     412     435     458     519     624     765    1033    1277    1910
    2427    3453    4384    6032    7461    9642   11097   13721   15174   17169
   17642   19448   18954   19304   17354   17398   14284   13367   10521    9187
    7148    5824    4047    3078    2199    1679    1221    1028     892    1040
     946    1353    1483    1851    2040    2500    2885    3574    4018    4814
    5398    6577    7036    8466    9227   10596   10722   12200   11771   12644
   11592   11824   10962   10331    8619    7772    6492    5541    4250    3476
    2663    1963    1414    1210     885     719     530     539     542     580
     588     643     739     955     960    1148    1193    1377    1438    1725
    1641    1699    1578    1710    1583    1596    1358    1328    1065     956
     849     788     611     569     483     453     396     338     314     324
     299     336     331     355     351     353     326     349     339     337
     336     371     378     396     364     447     481     601     671     789
     978    1202    1396    1720    1918    2338    2559    2978    3142    3382
    3322    3722    3457    3503    3054    3097    2830    2699    2192    1959
    1735    1396    1213    1153     949     866     721     676     613     620
     611     565     532     543     563     532     546     564     563     564
     613     672     649     734     777     798     753     837     892     917
     899    1026    1055     997     997    1004     992     987     842     921
     839     771     740     654     669     700     594     609     513     556
     533     592     542     568     495     579     565     567     517     563
     574     579     571     628     582     600     632     635     593     637
     649     647     656     703     695     714     699     775     805     744
     757     799     713     817     752     788     830     812     781     745
     704     737     727     746     713     785     775     708     715     790
     696     769     736     701     775     745     750     764     732     785
     801     844     748     789     857     897     938     969    1004    1068
    1156    1263    1274    1449    1495    1661    1560    1787    1843    1921
    1825    1947    1745    1812    1678    1691    1541    1522    1360    1342
    1260    1295    1109    1135    1066    1133    1094    1093     999    1091
    1004    1088    1068    1146    1076    1121    1206    1336    1332    1529
    1777    2122    2574    3422    4108    5704    6699    9091   11231   14600
   16910   21052   25297   29809   32606   37499   40464   45249   45575   51332
   47856   49507   45858   45745   42239   39950   34541   31855   27023   23902
   18831   16185   12785   10526    8008    6691    4812    3901    2996    2535
    2034    1724    1570    1456    1386    1281    1170    1210    1172    1259
    1165    1170    1197    1273    1170    1238    1198    1253    1206    1281
    1235    1242    1243    1336    1301    1391    1376    1629    1597    1762
    1789    2143    2292    2840    2914    3372    3909    4426    4696    5285
    5829    6420    6415    6847    7196    7564    6998    7350    6988    6888
    6146    5952    5380    5086    4296    3915    3442    3132    2665    2579
    2098    1933    1694    1528    1434    1363    1227    1301    1255    1215
    1156    1234    1194    1239    1141    1156    1260    1245    1121    1229
    1224    1225    1178    1237    1203    1276    1180    1239    1180    1275
    1155    1309    1276    1240    1193    1259    1238    1242    1182    1213
    1237    1283    1207    1184    1160    1234    1146    1179    1234    1117
    1147    1225    1169    1256    1182    1221    1236    1208    1153    1186
    1121    1289    1216    1353    1221    1261    1208    1306    1292    1354
    1162    1363    1349    1349    1381    1482    1459    1509    1441    1541
    1618    1654    1588    1719    1731    1711    1605    1642    1536    1589
    1523    1486    1454    1363    1284    1328    1197    1213    1216    1171
    1097    1162    1126    1165    1099    1109    1119    1115    1075    1108
    1050    1112    1026    1126     987     985    1125    1128    1041    1075
    1039    1174    1054    1141    1100    1166    1124    1247    1300    1340
    1279    1361    1469    1551    1541    1693    1784    1923    1968    2085
    2108    2176    2145    2123    2219    2260    2051    2189    2102    1950
    1878    1825    1714    1641    1461    1481    1348    1342    1223    1198
    1089    1254    1104    1101    1112    1126    1139    1151    1111    1115
    1045    1113    1022    1067    1023    1088    1084    1139    1030    1037
    1015    1015     974    1025    1049    1074    1019    1071     999    1058
    1033    1139     969     978    1004    1061    1019    1010     977    1088
    1090     999    1008    1028    1021    1066     987    1024    1039    1050
    1057    1026    1033    1012    1000     981    1000    1022    1013     999
    1001     991     998    1084    1035    1065     993    1069    1128    1135
    1019    1119    1135    1197    1118    1093    1064    1158     985    1124
    1111    1173    1080    1135    1069    1160    1154    1036    1093    1038
    1031    1005    1009    1147     980    1042     963    1022     961    1020
    1026    1044    1062    1000    1050    1009     930     968     984     963
     974     956     968     974     969    1005    1006    1000     951     972
     988    1031     953     978     993    1021     925     985    1022     945
     923     991     954    1038     885     986     970    1047     930    1033
     974    1001     904    1010     961    1049     967     938     983    1040
     959     972     966     969     941    1013     982    1068     969    1047
    1012    1062    1025    1093    1058    1064    1062    1081    1027    1121
    1075    1138    1186    1182    1201    1107    1175    1180    1078    1128
    1075    1120    1109    1091    1077    1062    1060    1004    1032    1038
     985    1027    1038    1009     938    1031     966    1067     973     987
     998    1052     937    1028     963    1022     957     985    1014    1011
     976     997     963    1062     941     991     999    1023    1009     988
     986    1026     968    1000     960     960     986     909     980    1097
     929     953    1019    1032     934    1049     950     973     968     997
     978    1067     961     974    1011     994     985    1015     980    1004
    1031     973     996     993     985    1047    1005     969     976     997
     958     964     998     875    1006     982     883     970     958     970
     936     997     890    1041     915     949     934     933     925     977
     958     993     877     964     983     958     936    1052     995    1082
    1044    1095    1187    1296    1229    1332    1425    1526    1488    1674
    1835    1847    1945    2080    2232    2221    2165    2493    2410    2457
    2445    2479    2438    2565    2426    2403    2204    2197    2020    2078
    1832    1924    1647    1657    1518    1486    1274    1301    1278    1175
    1099    1091    1032     987     982     990    1009     987     901     879
     900     934     870     928     934     953     920     877     882     939
     912     882     869     918     872     896     901     943     862     879
     846     920     902     859     918     958     818     904     925     937
     884     856     929     876     897     932     990     939     977    1005
     963     995     930    1034     992     996     959     956     953     942
     916     898     915     942     882     905     915     953     845     869
     910     947     861     938     811     873     891     888     878     890
     822     858     886     926     845     879     833     865     834     878
     816     808     818     864     884     856     875     864     897     918
     808     882     861     957     940     880     947     983     943     998
     997    1048    1001    1005    1063    1101    1087    1104    1118    1157
    1027    1121    1121    1113    1077    1050    1134    1106     993    1088
    1018    1054     997    1020     952     965     918     933     943     861
     861     858     932     919     866     864     826     860     808     830
     815     833     796     879     778     794     771     757     802     811
     811     840     808     816     749     738     810     815     735     761
     757     801     775     799     813     816     717     780     781     789
     731     779     789     823     799     776     819     856     846     832
     915     870     781     837     892     899     870     817     898     891
     953     915     870     905     892     894     920     910     856     888
     893     837     885     867     844     879     823     808     791     859
     739     713     781     840     775     764     756     779     751     735
     742     761     707     712     695     758     689     771     704     705
     705     732     734     738     636     781     779     742     689     764
     721     727     735     731     793     778     685     728     727     727
     696     736     721     728     729     745     731     759     688     734
     734     730     717     741     753     741     736     809     770     746
     695     758     746     734     708     743     753     750     741     710
     736     766     727     682     686     711     701     705     667     689
     635     709     657     719     727     707     707     716     640     684
     685     687     663     713     645     655     690     624     771     680
     654     634     672     686     661     619     789     636     640     699
     643     663     644     668     676     691     661     716     649     685
     649     627     640     664     629     650     685     728     764     664
     687     726     683     709     724     694     680     756     736     754
     688     776     714     784     722     784     779     716     754     749
     767     724     713     713     742     752     618     690     662     687
     691     638     684     672     694     696     634     665     652     669
     681     664     630     630     647     649     638     606     610     674
     622     660     640     652     644     646     661     695     629     604
     645     635     645     655     676     641     628     637     623     654
     618     602     620     618     619     665     649     646     645     590
     624     605     627     629     617     647     658     587     596     647
     597     631     635     636     593     592     644     674     607     648
     660     684     656     658     637     642     577     617     614     628
     597     629     623     592     583     635     616     687     643     664
     627     592     591     672     607     571     589     631     610     631
     591     609     625     632     590     609     597     625     593     625
     606     622     547     597     594     611     584     605     570     613
     606     582     620     624     552     647     555     638     648     584
     685     656     562     668     595     686     556     596     575     610
     597     634     630     641     600     600     607     613     582     641
     608     590     604     630     583     632     632     632     609     591
     627     597     624     642     602     613     684     657     625     647
     701     594     628     647     622     608     608     608     631     644
     635     681     629     625     583     578     658     632     605     668
     617     628     684     595     662     650     593     636     676     677
     646     617     770     690     617     615     648     643     625     642
     685     656     625     651     698     735     698     659     689     675
     627     646     638     752     628     691     717     762     673     736
     688     746     698     656     744     730     716     721     680     795
     664     726     778     775     741     784     773     806     803     773
     816     819     758     828     839     857     828     853     877     847
     812     909     923     954     909     939     940    1018     998    1018
     992    1068    1124    1174    1127    1135    1107    1185    1205    1328
    1303    1299    1355    1413    1316    1344    1550    1577    1534    1671
    1771    1806    1845    1847    1960    2018    1946    2037    2358    2296
    2317    2481    2565    2598    2713    2676    2869    2934    2932    2956
    2997    3327    3183    3327    3393    3536    3305    3460    3509    3705
    3586    3699    3840    3754    3804    3873    3816    3874    3822    3808
    4246    3982    3796    3927    3777    3843    3698    3761    3766    3719
    3498    3553    3543    3506    3288    3502    3337    3280    3174    3069
    3082    2974    2836    2688    2803    2634    2473    2395    2488    2330
    2179    2141    2155    2010    1848    1920    1754    1747    1636    1618
    1661    1512    1389    1426    1400    1194    1252    1243    1223    1116
    1104    1080    1091    1034     958     972    1042     992     972     956
     988    1000     936     873    1166    1025    1086    1145    1184    1203
    1229    1338    1380    1427    1436    1506    1531    1753    1644    1773
    1862    1895    1849    2027    1856    2084    2021    2120    2104    2117
    2075    2053    2071    2093    1896    1808    1973    1747    1634    1717
    1613    1629    1488    1315    1357    1250    1120    1166    1032     996
     929     798     853     782     742     730     691     674     614     621
     645     629     547     535     548     622     581  292431
