$Informacoes da Fluorescencia de Raios-X:
"Sample    : GHA-353",                                                                    
"Operator  : luisf",                                                                      
"Comment  : ",                                                                            
"Group     : thiago_acra2010ma",                                                          
"Date       : 2010-06-14 12:59:19",                                                       
"",                                                                                       
"Mesurement Condition",                                                                   
"------------------------------------------------------------------------------------",   
"Instrument : 700HS2   Atmosphere : Vac.   Collimator : 10(mm)   Spin : No",              
"------------------------------------------------------------------------------------",   
"Analyte               TG kV   uA      FI Acq.(keV)  Anal.(keV)  Time(sec)     DT(%)",    
"------------------------------------------------------------------------------------",   
"Na                    Rh 50  575-Auto Al  0 - 20    0.8 - 1.2   Live -  959   20",       
"Channel_info_start",                                                                     
"Channel : Na",                                                                           
"Points : 2048
"Range : 0.000000 - 20.480000",                                                           
"Step : 0.010000",                                                                        
"Channel_info_end",                                                                       
$DATA:
       0    2047
       0       0       0       0       0       0       0       0       0    2048
       0       0       0       0       0       0       0       0       0       0
       0       0       0       0       0       0       0       0       0       0
       0       0       0       0       0       0       0       1       1       9
      97     168     149     166     175     205     170     204     163     170
     183     212     174     196     159     216     179     227     220     226
     217     282     291     288     317     336     309     301     282     298
     277     256     255     253     235     227     220     216     222     244
     223     218     235     231     222     201     216     222     256     258
     256     335     361     388     423     535     523     554     507     518
     526     518     427     372     347     334     260     274     255     275
     351     353     395     397     423     423     366     360     317     333
     288     313     247     255     218     243     249     324     264     328
     372     426     445     517     508     560     553     555     433     484
     438     470     360     384     345     343     358     448     485     661
     825    1220    1567    2230    2551    3192    3734    4167    4485    4425
    4264    4348    3675    3420    2752    2350    1876    1654    1359    1250
    1036    1108    1388    1690    2417    3550    5043    7462    9865   13206
   15403   18584   20452   22891   22339   23109   20321   19224   15818   13406
   10425    8335    5889    4511    3203    2420    1815    1527    1229    1160
    1014    1128    1042    1061    1049    1047    1124    1090    1033    1034
     961     936     863     885     729     769     623     660     608     621
     523     647     569     559     556     606     603     754     742     929
    1069    1383    1746    2225    2846    3733    4146    5112    5686    6490
    6593    7003    6498    6405    5661    5131    4312    3770    2955    2558
    1989    1709    1446    1280    1286    1269    1192    1323    1465    1645
    1866    2525    3258    4500    5865    8781    9926   12886   14853   18238
   19987   21952   22075   22969   21376   20820   17347   15801   12636   10626
    7737    6233    4303    3488    2723    2431    2095    2106    2112    2259
    2381    2618    2508    2491    2304    2176    1814    1719    1430    1341
    1024     906     798     642     532     569     532     521     481     446
     518     547     525     526     498     563     573     568     659     605
     614     635     677     752     770     955    1104    1342    1715    2554
    3205    4602    5796    8272   10448   13678   16086   20550   22424   26342
   26543   29270   28791   28950   26047   25425   20854   18748   14685   12402
    9535    7240    5051    3843    2780    2171    1584    1450    1368    1559
    1700    2089    2456    3126    3743    4757    5899    7680    9193   12127
   14952   19360   22667   28166   32668   38784   41377   48278   48355   51731
   48480   48549   44923   41472   34756   31478   25115   20574   14972   11625
    8522    6304    4025    3007    1866    1489    1092    1028     976    1121
    1234    1623    1967    2527    2798    3491    4188    4864    5073    6058
    6002    6561    6282    6408    5944    5639    4819    4472    3576    3161
    2463    2000    1585    1230     835     745     535     491     401     334
     341     370     324     345     332     341     309     353     352     367
     315     397     349     405     467     566     656     829     970    1317
    1707    2204    2647    3314    4057    4987    5521    6375    7059    7892
    7560    8006    7864    7625    6940    6937    5713    5354    4320    3791
    3155    2711    2144    1822    1462    1331    1090    1009     898     883
     819     734     698     702     655     650     646     686     693     761
     742     879     856     980    1075    1243    1225    1373    1459    1586
    1528    1700    1712    1779    1651    1722    1596    1499    1423    1289
    1165    1194     988     849     847     762     707     648     655     635
     560     616     552     572     590     581     604     611     613     641
     590     663     660     654     715     699     690     737     669     777
     661     713     748     779     778     773     868     879     815     897
     928     931     878     922     876     896     821     870     754     807
     809     821     830     703     753     755     739     753     681     752
     733     778     746     738     722     760     712     694     739     796
     734     791     796     839     836     958     985    1064    1137    1278
    1382    1618    1654    1932    2035    2400    2263    2607    2495    2712
    2670    2821    2609    2578    2306    2321    2136    2099    1746    1707
    1517    1549    1259    1230    1230    1210    1098    1142    1198    1172
    1088    1180    1211    1247    1301    1358    1421    1616    1734    2103
    2711    3526    4219    6057    7881   10850   13830   18849   24389   31780
   38044   48371   57810   69962   76535   88270   97951  107933  108795  122664
  116095  120005  109169  109325   99944   93962   78813   72356   60095   51951
   40834   33854   26435   20984   15393   12144    8549    6570    4511    3568
    2716    2164    1778    1519    1313    1230    1209    1190    1151    1173
    1089    1079    1157    1137    1134    1187    1198    1178    1173    1252
    1251    1327    1288    1307    1430    1523    1686    1916    2074    2312
    2589    3063    3716    4409    4987    6073    7357    8503    9247   10661
   11861   13370   13817   15139   15814   16208   15513   15876   15257   14702
   13076   12438   11055   10075    8363    7271    6416    5175    4099    3627
    2953    2467    1974    1773    1472    1371    1173    1098    1033     967
     936     992     992     978     922     933     993     979     971    1020
    1028    1066     978    1043    1050    1043    1046    1031    1071    1115
    1035    1047    1070    1073    1037    1003     902     975     912     997
    1023     984     889     905     997     971     989     902     993     903
     880     962     966    1007     911    1054    1003    1031     926     998
     919    1047     939    1069    1001    1028     987    1082    1000    1080
    1059    1154    1158    1198    1173    1199    1262    1375    1298    1392
    1448    1527    1399    1461    1456    1559    1413    1437    1423    1462
    1272    1297    1257    1253    1115    1221    1122    1043     994    1027
    1033    1002     997     981     950     970     874     957     889    1016
     892     909     922     911     912     919     892     928     871     958
     924     962     910     949     971     993    1008    1181    1185    1289
    1340    1537    1628    1864    1846    2110    2326    2330    2546    2807
    2771    3025    2987    3058    3145    3173    2826    2750    2672    2574
    2343    2200    2096    1894    1672    1538    1424    1447    1256    1210
    1145    1085     983     999     952    1022     966     958    1024     997
     879     912     988     940     908     918    1001     952     937     911
     905     894     897     895     873     894     870     924     938     910
     901     922     859     936     830     895     937     997     884     912
     939     929     932     870     903     885     853     912     917     988
     932     927     876     835     842     921     877     879     918     861
     880     918     915     917     870     963    1009    1008     991    1064
    1008    1086    1041    1132    1078    1092    1062    1138    1130    1163
    1134    1114    1078    1110    1049    1128    1009    1034    1016     961
     906     967     878     974     906     950     875     923     849     903
     833     893     840     831     859     870     847     887     829     891
     815     849     854     836     835     879     830     854     844     898
     852     918     875     936     950     906     926     869     922     944
     850     915     887     882     852     917     939     886     848     847
     860     912     850     856     849     898     832     822     794     930
     865     865     914     856     854     885     856     891     867     987
     882     923     909     940     938     965     906     992    1106    1113
     982    1055    1079    1035    1040    1104    1058    1069     985    1058
    1058     966     917     998     941     999     896     892     887     901
     826     880     887     882     879     838     876     875     783     805
     848     801     840     844     840     898     889     859     831     861
     818     822     789     819     834     817     849     836     834     847
     843     847     796     871     773     816     796     863     814     805
     765     832     766     829     803     830     753     810     810     789
     822     816     781     877     805     836     812     832     835     822
     794     761     839     831     774     853     825     807     727     782
     799     787     810     791     769     840     754     775     777     792
     795     801     755     769     696     783     800     774     812     798
     781     780     753     761     810     756     755     831     779     819
     789     840     777     877     821     862     952     991     920     957
    1017    1119    1061    1132    1196    1186    1208    1200    1242    1257
    1308    1250    1263    1315    1233    1227    1241    1243    1070    1145
    1103    1002     967     979     974     877     897     883     771     875
     724     825     812     794     744     783     794     730     656     702
     792     694     696     729     744     751     721     722     716     715
     695     798     727     747     720     711     734     761     709     711
     692     731     670     689     757     796     708     713     779     762
     712     797     763     810     768     814     836     889     796     839
     856     848     805     852     900     862     821     827     847     836
     818     829     861     859     845     857     798     842     774     880
     850     815     792     739     827     790     788     854     745     782
     742     730     716     747     722     762     711     702     665     747
     707     703     682     639     708     709     643     661     652     698
     640     701     701     683     708     698     746     778     663     768
     784     721     722     774     817     885     761     805     839     887
     897     867     848     904     880     883     904     892     836     908
     884     876     854     893     856     836     763     798     854     808
     780     783     755     749     674     663     687     712     660     656
     658     694     685     659     680     600     593     626     643     604
     616     642     586     578     611     628     639     622     638     638
     623     694     598     658     615     664     578     594     690     597
     659     670     692     661     698     689     743     673     693     729
     796     878     866     926     927     987     971    1007    1043    1114
    1000    1054    1047    1103    1043    1113    1068    1094    1052     985
     991     966     933     919     903     903     861     832     819     780
     709     716     695     730     696     673     623     604     621     642
     582     615     612     650     604     581     555     600     641     531
     578     572     584     599     561     600     558     614     537     576
     551     572     549     598     549     569     542     577     546     576
     612     585     622     621     579     576     570     622     605     597
     610     622     655     613     635     577     586     617     610     640
     639     613     629     613     608     612     581     602     598     621
     616     657     620     597     553     630     599     566     554     629
     570     576     631     628     520     564     584     549     559     584
     562     585     517     542     554     540     559     547     553     535
     519     528     535     625     534     479     603     587     511     518
     608     545     502     533     567     551     503     585     572     541
     582     611     527     599     559     581     600     568     578     650
     650     639     689     602     661     721     675     739     725     703
     749     770     797     757     736     773     755     787     796     789
     747     738     743     784     763     779     650     707     683     650
     630     680     597     641     606     647     584     563     559     593
     560     577     559     500     535     575     533     544     496     525
     529     545     544     532     485     506     480     545     491     525
     512     533     524     516     508     509     474     489     535     506
     496     509     507     479     466     520     482     507     491     485
     523     534     489     449     507     501     470     482     541     496
     505     493     523     476     497     486     523     549     481     505
     551     535     497     516     547     516     517     510     538     506
     497     479     493     492     473     484     500     544     471     475
     510     506     459     470     471     505     454     484     473     506
     459     458     481     473     502     483     455     449     450     479
     490     465     466     486     499     494     435     458     455     515
     437     481     493     525     457     506     479     488     467     471
     483     505     441     477     454     461     435     473     466     484
     435     455     499     438     465     489     481     431     456     491
     489     503     482     510     470     510     471     492     477     481
     437     510     453     554     516     483     521     519     502     432
     511     551     472     536     475     500     498     542     528     501
     512     497     503     515     476     449     516     494     515     503
     498     534     472     458     485     584     473     496     488     512
     496     445     533     505     453     470     533     524     471     494
     474     532     479     537     519     519     537     474     511     563
     486     545     534     526     485     519     490     577     515     541
     508     559     528     549     572     575     544     563     573     610
     520     526     576     588     604     581     582     560     617     571
     595     576     570     643     591     651     628     624     655     676
     641     678     727     748     639     715     742     729     754     721
     827     844     799     751     861     850     849     895     853     895
     937     987     973    1005    1006    1128    1113    1142    1204    1238
    1339    1329    1287    1375    1494    1507    1426    1492    1700    1710
    1636    1805    1927    1965    1825    2011    2115    2061    2055    2227
    2238    2381    2244    2353    2609    2500    2496    2603    2622    2780
    2604    2640    2829    2877    2763    2742    2964    2948    2834    2782
    3202    2912    2793    2770    2848    2865    2907    2841    2688    2760
    2640    2641    2688    2557    2481    2533    2412    2425    2212    2230
    2248    2197    2061    1972    1908    1861    1750    1857    1730    1706
    1614    1552    1595    1551    1386    1394    1324    1251    1176    1193
    1158    1150    1045    1068     987     961     920     929     944     886
     805     764     841     808     780     740     778     789     740     733
     839     752     748     720     912     871     834     843     905     988
     975    1093    1047    1160    1156    1295    1397    1350    1345    1489
    1473    1694    1564    1570    1765    1708    1727    1713    1751    1918
    1789    1729    1770    1701    1647    1484    1669    1570    1563    1388
    1440    1388    1242    1262    1189    1053    1009     912     905     848
     814     781     760     691     550     556     564     488     475     491
     464     458     439     394     431     418     452  221498
