$Informacoes da Fluorescencia de Raios-X:
"Sample    : GHA-338",                                                                    
"Operator  : luisf",                                                                      
"Comment  : ",                                                                            
"Group     : thiago_acra2010ma",                                                          
"Date       : 2010-06-14 07:12:05",                                                       
"",                                                                                       
"Mesurement Condition",                                                                   
"------------------------------------------------------------------------------------",   
"Instrument : 700HS2   Atmosphere : Vac.   Collimator : 10(mm)   Spin : No",              
"------------------------------------------------------------------------------------",   
"Analyte               TG kV   uA      FI Acq.(keV)  Anal.(keV)  Time(sec)     DT(%)",    
"------------------------------------------------------------------------------------",   
"Na                    Rh 50 1000-Auto Al  0 - 20    0.8 - 1.2   Live -  960   17",       
"Channel_info_start",                                                                     
"Channel : Na",                                                                           
"Points : 2048
"Range : 0.000000 - 20.480000",                                                           
"Step : 0.010000",                                                                        
"Channel_info_end",                                                                       
$DATA:
       0    2047
       0       0       0       0       0       0       0       0       0    2048
       0       0       0       0       0       0       0       0       0       0
       0       0       0       0       0       0       0       0       0       0
       0       0       0       0       0       0       0       1       4      11
      93     185     184     215     194     180     172     187     169     211
     154     183     202     181     171     206     202     203     226     221
     237     244     265     320     271     307     309     300     327     282
     302     309     277     280     278     291     267     267     267     254
     221     247     230     233     208     229     194     241     233     233
     204     247     189     207     226     249     261     280     288     275
     236     240     275     254     212     270     213     250     233     248
     280     297     276     314     315     322     337     288     289     264
     270     247     224     235     237     217     202     255     294     327
     334     346     356     397     417     471     427     535     412     428
     379     376     382     344     321     346     362     421     459     642
     883    1212    1497    2120    2274    2839    2985    3547    3625    3781
    3641    3824    3387    3186    2717    2509    1984    1717    1332    1240
    1054    1246    1276    1916    2436    3555    4830    7002    8967   11812
   13265   16067   17051   19185   18471   19834   17932   17652   14620   13359
   10664    8933    6498    5069    3597    2822    1869    1605    1158    1059
     842     838     708     640     653     631     630     627     590     653
     620     583     540     536     515     534     530     539     503     534
     440     463     412     447     456     503     495     606     582     845
     975    1268    1683    2226    2782    3566    3981    4916    5267    6163
    6165    6586    6401    6551    5662    5348    4457    4132    3148    2794
    2081    1880    1255    1132     973     840     872     868     814     920
     928    1111    1325    1645    1959    2846    2990    4008    4326    5126
    5548    6321    6145    6695    6418    6202    5379    5158    4315    3846
    2879    2559    1809    1541    1122    1064     889     936     858     868
     955     956     941     943     912     909     814     859     730     640
     583     544     470     520     420     470     426     439     405     437
     384     463     416     433     443     459     464     491     459     519
     469     518     537     652     614     807     922    1208    1465    2108
    2850    4076    5416    7558    9210   12262   14176   17810   20095   22956
   23481   25856   25867   26404   24005   24456   20622   19093   15638   13727
   10396    8408    6131    4641    3342    2546    1743    1465    1313    1344
    1343    1663    1846    2193    2609    3304    3781    4701    5468    6561
    7753    9261   10452   12433   13538   15986   16836   18997   19006   20026
   19157   19472   17965   17460   14987   13431   11646    9870    7597    6070
    4675    3438    2471    1880    1238    1025     709     670     614     672
     719     878     985    1072    1292    1643    1740    1973    2173    2512
    2352    2614    2634    2601    2462    2437    2213    1962    1736    1579
    1271    1095     898     821     576     540     475     394     413     386
     351     370     372     366     302     353     374     364     345     375
     355     369     387     420     415     509     549     721     760    1046
    1308    1562    1818    2317    2794    3320    3667    4380    4674    5287
    5081    5665    5416    5568    5045    4882    4308    4303    3650    3261
    2658    2300    1820    1682    1361    1243    1029     934     815     765
     678     749     598     663     620     654     637     697     652     698
     681     746     782     836     862     932     954     997    1217    1126
    1204    1281    1345    1411    1254    1360    1221    1287    1192    1211
    1138    1008     933     906     803     731     696     668     642     648
     599     648     594     638     592     624     603     658     616     637
     602     644     660     657     611     666     700     713     664     749
     717     729     758     762     741     798     783     842     794     881
     832     890     832     928     870     887     827     936     803     862
     766     796     756     856     791     796     731     761     764     795
     754     802     730     801     783     759     707     785     756     849
     784     856     837     894     851     936     987    1097    1042    1137
    1218    1404    1447    1687    1816    1983    1968    2189    2249    2523
    2273    2443    2189    2247    2164    2237    1972    1921    1849    1675
    1605    1439    1414    1324    1272    1201    1158    1128    1131    1107
    1135    1213    1178    1194    1253    1234    1312    1471    1490    1762
    2028    2513    3076    4125    5036    6893    8580   11643   14822   19362
   22931   29066   35427   42479   46609   55304   60328   67416   69009   79257
   74722   79131   74272   75836   69240   67529   58469   53819   46932   41370
   33387   28813   23174   19140   14155   11944    8713    6721    5088    3885
    3018    2460    1926    1745    1576    1418    1276    1291    1249    1237
    1239    1172    1174    1212    1186    1200    1184    1315    1225    1239
    1213    1386    1298    1397    1352    1450    1484    1690    1725    2006
    2108    2456    2620    3152    3674    4284    4890    5722    6048    7222
    7785    8775    9123   10081   10561   10965   10450   10815   10550   10549
    9632    9499    8531    7967    6785    6209    5383    4731    3943    3681
    2945    2629    2081    1858    1661    1545    1344    1329    1274    1298
    1126    1180    1154    1098    1117    1151    1164    1136    1173    1162
    1164    1152    1196    1211    1204    1271    1197    1189    1268    1282
    1215    1251    1190    1236    1172    1189    1197    1238    1165    1186
    1242    1173    1127    1182    1175    1182    1089    1163    1243    1154
    1152    1173    1188    1179    1149    1150    1122    1174    1115    1212
    1191    1177    1142    1254    1172    1267    1184    1254    1222    1251
    1256    1349    1361    1417    1389    1545    1441    1554    1521    1625
    1733    1716    1701    1734    1758    1850    1685    1718    1736    1748
    1632    1589    1526    1571    1340    1555    1343    1397    1232    1191
    1171    1237    1125    1063    1168    1100    1041    1109    1092    1100
    1095    1124    1106    1097    1018    1070    1120     981    1023    1052
    1114    1098    1085    1087    1103    1146    1131    1222    1291    1381
    1476    1514    1657    1859    1830    2061    2273    2568    2548    2807
    2807    2975    3018    3156    3145    3160    2945    2972    2865    2870
    2580    2500    2469    2309    1941    1905    1701    1680    1518    1476
    1344    1314    1177    1200    1094    1094    1053    1132    1151    1163
    1091    1102    1062    1167    1045    1110    1110    1086     993    1103
    1059    1110    1040    1077    1020    1060    1029     984    1021    1014
     952    1056     993    1099    1029    1029     997    1025    1017    1019
    1027    1043    1043    1038    1051    1050     987    1085    1028    1108
     981    1071    1050    1064    1082    1032    1041    1077    1010    1054
    1007    1105    1083    1041    1086    1081    1040    1132    1074    1175
    1119    1189    1213    1323    1205    1238    1272    1246    1199    1257
    1282    1227    1199    1242    1211    1257    1182    1131    1215    1161
    1072    1107    1097    1182    1032    1102    1019    1124     978     986
    1000    1049     968     987     988     990     957    1017     986     998
     986     960     967    1010     923    1035     964     970    1010     930
     934    1044     937     938     945     981     967    1014    1003    1005
     985     979     960     986     965     964     974    1014     959     968
     974     971     952     999     898     962     988     980     968    1040
     941     989     924     989     916    1021     978    1021     982    1086
    1081    1089    1041    1016    1025    1085    1054    1108    1122    1190
    1154    1223    1246    1147    1214    1238    1212    1245    1190    1160
    1107    1184    1154    1173    1117    1103    1046    1087    1105    1067
    1002    1097    1016    1008    1045    1041     967    1009    1019     986
     979    1001     952     956     976    1030     904    1038     975     984
     910     968    1001    1049     946    1009     992     998     928     923
     993     957     927     978     967    1054     915     954     959     993
     930     943     962     960     973     969     948     996     990     944
     988     976     927     954     981    1035     955     942     992     956
     936     906     960     976     913     976     894     962     930     963
     928     946     915     948     978     974     912     900     913     919
     973     895     890     943     855     939     921     915     909     930
     931     937     885     943     917    1024     938    1074     885     962
     949     966     970    1075     969    1055    1025    1102    1065    1177
    1206    1267    1239    1340    1401    1463    1448    1490    1506    1568
    1469    1608    1575    1538    1592    1596    1565    1505    1429    1467
    1336    1356    1202    1320    1192    1119    1149    1091    1079    1028
     927    1060     926     989     914     921     920     869     883     900
     912     902     819     853     888     907     840     909     903     856
     842     852     880     832     823     884     875     856     895     870
     863     861     859     802     853     884     875     882     877     924
     923     875     873     878     934     962     962     986     930     971
     946    1034     905     926     988    1054     993     946    1023    1001
     963     932    1044     920     882     938     916     989     858     893
     928     990     883     945     867     862     853     869     872     925
     874     901     877     862     816     848     852     935     828     848
     823     793     801     785     845     845     842     803     821     807
     801     855     781     856     796     840     853     909     819     828
     944     884     904     991     937     954     925    1030     999    1034
     999     992    1044    1042     955     936     986    1049     910     970
     991    1003     910    1018    1076    1038     922     976     896     962
     792     860     895     887     871     903     866     910     792     794
     796     827     806     780     809     804     786     701     806     785
     709     767     776     748     712     733     804     767     761     781
     771     743     741     760     730     783     740     756     780     726
     735     752     819     804     703     775     797     781     782     804
     848     832     872     855     879    1005     915     944    1009     952
     933     978     950     997     968     938    1033    1053     941     984
     950     954     902     958     912     863     920     844     860     871
     817     797     818     802     746     770     852     786     701     812
     771     719     723     731     716     739     715     743     690     702
     687     710     696     745     700     753     694     745     710     685
     669     759     715     716     730     760     678     738     733     752
     760     673     742     773     717     739     706     699     673     729
     711     708     677     769     709     705     697     705     717     739
     691     748     707     809     713     718     724     715     696     738
     687     753     717     707     745     754     679     705     659     707
     659     700     772     674     697     719     697     708     659     640
     686     666     674     684     675     678     610     655     640     655
     597     648     642     626     588     644     684     700     636     653
     591     648     660     645     700     634     630     665     646     656
     627     656     667     662     673     643     665     697     632     643
     726     741     672     703     735     711     685     763     776     783
     745     726     734     776     735     763     813     797     794     764
     806     763     724     798     773     771     728     756     781     763
     677     746     723     701     665     713     668     691     659     687
     700     687     594     636     634     664     589     645     649     656
     620     640     631     571     576     658     609     642     634     635
     636     669     550     591     651     669     600     574     591     601
     571     574     635     614     598     600     556     624     609     635
     610     647     616     611     651     626     592     641     598     672
     567     621     619     601     605     616     647     627     547     606
     621     623     611     664     642     595     566     592     552     633
     613     608     663     601     578     595     601     623     570     609
     588     627     581     648     608     620     586     563     561     570
     562     592     574     600     576     535     551     590     615     602
     591     638     541     576     546     583     591     593     612     566
     624     590     594     572     565     592     590     571     581     538
     576     605     547     566     593     609     600     525     648     622
     593     610     571     599     550     568     597     614     557     578
     611     581     592     556     606     581     557     579     581     583
     563     602     638     589     533     552     602     609     562     569
     647     667     609     621     601     657     597     616     627     594
     612     619     603     629     617     642     621     667     587     663
     577     637     630     566     638     584     619     658     600     574
     559     589     660     644     603     595     620     632     614     632
     653     647     605     608     660     620     616     642     672     676
     670     627     627     680     657     624     694     689     617     636
     649     662     598     640     719     732     670     710     686     738
     684     694     727     770     752     686     711     764     699     744
     766     781     706     799     767     844     717     794     831     884
     816     834     844     830     832     864     925     885     875     877
     872     990     926     995    1036    1052     953    1033    1117    1152
    1122    1196    1251    1222    1269    1309    1286    1366    1460    1409
    1523    1544    1591    1652    1726    1722    1830    1825    2022    2080
    1955    2227    2179    2323    2295    2362    2658    2657    2532    2707
    2727    2850    2888    2950    3135    3107    3160    3255    3418    3456
    3366    3395    3671    3514    3503    3627    3699    3759    3596    3568
    3996    3695    3746    3780    3735    3718    3595    3543    3691    3581
    3537    3505    3487    3448    3192    3301    3279    3309    3095    2991
    3039    2928    2796    2750    2785    2561    2492    2566    2322    2323
    2223    2152    2182    2081    1867    1914    1773    1783    1719    1621
    1586    1571    1472    1346    1343    1321    1229    1249    1208    1205
    1113    1084    1124    1046    1051     973    1072     977     924     955
     948     935     928     891     998     927     957    1030    1073    1025
    1116    1109    1227    1227    1238    1358    1410    1501    1487    1551
    1605    1675    1699    1784    1894    1935    1866    2015    2034    2005
    1951    1997    2018    2030    2030    1927    2107    1917    1862    1745
    1704    1661    1686    1433    1533    1414    1201    1236    1201    1079
     966     974     922     869     793     762     710     634     616     574
     644     573     598     506     595     571     560  279489
