$Informacoes da Fluorescencia de Raios-X:
"Sample    : GHA-460",                                                                    
"Operator  : luisf",                                                                      
"Comment  : ",                                                                            
"Group     : thiago_acra2010ma",                                                          
"Date       : 2010-06-16 03:45:36",                                                       
"",                                                                                       
"Mesurement Condition",                                                                   
"------------------------------------------------------------------------------------",   
"Instrument : 700HS2   Atmosphere : Vac.   Collimator : 10(mm)   Spin : No",              
"------------------------------------------------------------------------------------",   
"Analyte               TG kV   uA      FI Acq.(keV)  Anal.(keV)  Time(sec)     DT(%)",    
"------------------------------------------------------------------------------------",   
"Na                    Rh 50  140-Auto Al  0 - 20    0.8 - 1.2   Live -  959   21",       
"Channel_info_start",                                                                     
"Channel : Na",                                                                           
"Points : 2048
"Range : 0.000000 - 20.480000",                                                           
"Step : 0.010000",                                                                        
"Channel_info_end",                                                                       
$DATA:
       0    2047
       0       0       0       0       0       0       0       0       0    2048
       0       0       0       0       0       0       0       0       0       0
       0       0       0       0       0       0       0       0       0       0
       0       0       0       0       0       0       0       2       2       3
      59     140     145     151     144     136     128     149     126     147
     152     148     140     157     137     166     149     153     133     152
     152     149     147     161     149     131     161     165     162     156
     141     169     131     176     144     132     130     145     124     141
     145     144     131     156     143     120     126     137     142     160
     145     175     144     180     172     165     165     200     190     201
     165     172     155     142     137     128     140     116     125     141
     123     124     136     170     141     136     175     173     162     157
     135     127     140     151     115     139     157     174     190     190
     202     278     306     334     362     333     369     394     294     328
     292     249     257     249     207     237     269     314     347     510
     686    1007    1369    2002    2328    3088    3391    4085    3985    4329
    3859    3928    3247    2892    2278    1953    1529    1319    1075    1003
     825     917    1010    1428    2009    3303    4500    7390    9640   13551
   15762   19528   21844   24264   23453   24696   21388   19921   15674   13366
   10133    7739    5239    4068    2840    2116    1598    1242    1050     995
     903     894     850     886     818     852     808     786     789     750
     636     602     470     501     403     393     317     315     223     256
     201     231     237     233     191     239     231     255     216     292
     307     318     369     449     551     609     704     854     915    1032
     995    1037    1093    1066     897     801     690     636     470     457
     372     351     311     305     248     306     272     332     347     369
     364     531     575     808     997    1423    1603    2051    2408    2843
    3218    3643    3429    3759    3455    3347    2791    2550    2094    1693
    1267    1036     822     758     547     607     573     592     591     694
     686     660     644     657     644     633     553     505     455     462
     389     398     389     384     355     323     341     399     365     382
     378     431     427     411     401     468     447     451     466     495
     465     518     600     625     572     710     779     949    1165    1557
    2041    2958    3745    5295    6724    9361   10738   13551   15016   17729
   18336   19762   19352   19808   17476   16988   13853   12232    9452    7890
    5893    4644    3276    2509    1784    1411    1186    1057    1054    1159
    1329    1678    1929    2446    2936    3887    4789    6450    8052   10923
   13951   18596   22315   28563   33327   40657   43365   50880   51430   55100
   51259   51598   47273   43725   36213   32070   25611   20552   14620   11089
    7964    5543    3641    2712    1640    1300     952     889     934    1012
    1200    1610    1913    2595    3042    3794    4369    5350    5680    6665
    6559    7241    6861    6840    6488    6000    5106    4663    3732    3177
    2421    1928    1523    1144     866     668     517     410     327     310
     243     214     258     248     209     217     275     269     256     257
     283     286     319     411     389     578     743     883    1164    1660
    2192    3095    3686    4912    5925    7078    8094    9608   10533   11757
   11275   12289   11741   11901   10436    9802    8399    7607    6098    5302
    4201    3524    2802    2385    1802    1624    1358    1250    1160    1043
     862     884     729     725     633     724     687     775     777     865
     923     915    1000    1152    1220    1385    1514    1807    1911    2037
    2051    2254    2194    2448    2262    2329    2318    2128    1789    1773
    1450    1389    1135    1103     942     798     694     715     648     608
     548     641     558     642     561     657     616     616     617     708
     716     715     668     767     723     727     694     745     744     723
     743     772     759     867     734     895     884     973     870     956
     937     943     937     931     897     893     854     897     797     872
     712     742     682     735     678     727     669     692     676     691
     693     703     699     681     685     665     651     675     719     724
     683     768     747     870     845     985    1083    1326    1366    1621
    1906    2282    2369    2830    3066    3579    3554    3962    4145    4336
    4192    4503    3971    4045    3519    3463    3090    2892    2420    2136
    1901    1808    1525    1552    1418    1321    1253    1251    1279    1259
    1140    1306    1300    1384    1440    1564    1718    1787    2075    2474
    3155    4233    5419    7885   10715   14855   19103   26713   34172   45840
   55311   70245   85442  103942  113652  133069  146598  162618  164448  186040
  175489  180050  165035  163527  147802  138732  117043  105453   87684   74940
   57792   47471   36585   28548   19994   15992   10916    8293    5542    4155
    3118    2407    1789    1579    1283    1203    1061    1072     969     991
     916    1052     972    1064    1025     984    1018    1073    1049    1077
    1181    1227    1226    1365    1543    1604    1678    2042    2270    2790
    3122    3932    4951    5959    6977    8781   10346   12184   13324   15376
   17875   19630   20254   22351   23627   24390   22786   23151   21787   21509
   18804   17870   15635   14223   11499   10198    8311    7142    5414    4608
    3402    2805    2190    1825    1423    1244    1025     909     849     822
     752     751     767     735     682     735     749     772     718     801
     768     825     844     824     885     866     808     925     943     886
     823     877     859     826     792     835     825     835     695     744
     723     753     719     775     734     736     761     710     782     767
     709     799     752     704     773     774     775     820     781     800
     760     835     718     860     764     811     783     817     842     828
     816     819     840     919     854     975     986    1043     982    1053
    1017    1112    1132    1159    1134    1154    1035    1062    1162    1059
     984     993     985     994     923     977     861     889     764     799
     752     775     764     761     756     714     710     702     739     751
     711     759     772     800     677     698     651     723     678     740
     724     711     735     723     690     717     784     851     824     897
     942     958    1049    1127    1148    1215    1270    1424    1423    1516
    1551    1599    1495    1574    1696    1676    1540    1494    1499    1439
    1320    1334    1261    1108    1041     964     941     878     845     845
     812     836     779     803     744     820     765     760     711     726
     674     777     768     793     687     751     722     720     718     726
     686     662     733     692     678     765     723     733     753     762
     718     762     733     729     698     759     719     797     744     817
     776     739     770     734     781     794     777     792     819     790
     786     719     756     761     702     824     785     677     744     683
     700     757     684     772     723     736     692     791     720     794
     742     850     858     876     776     810     811     847     806     783
     829     837     769     814     817     825     764     812     789     828
     772     776     723     742     707     782     728     745     756     731
     664     790     684     691     706     729     689     679     670     678
     678     748     698     752     664     718     698     711     678     742
     769     767     785     726     825     799     768     789     802     857
     774     820     839     783     787     770     777     752     739     735
     810     708     697     731     741     711     677     709     726     715
     708     711     704     708     703     764     725     650     694     762
     749     752     769     757     734     809     679     789     712     807
     777     750     778     811     773     845     793     787     744     810
     793     792     757     749     754     729     728     707     722     749
     783     731     684     718     715     742     692     687     681     692
     725     727     672     717     699     719     674     732     634     687
     686     732     714     717     675     697     636     718     693     657
     644     669     626     719     624     689     624     670     685     693
     667     618     653     685     595     615     616     631     632     618
     602     670     631     657     634     620     617     577     626     644
     566     644     636     575     575     675     645     627     629     607
     618     628     625     585     610     607     592     595     547     620
     601     640     628     618     647     637     581     618     550     592
     574     611     573     581     611     635     561     598     610     634
     598     642     634     617     629     627     602     648     601     668
     694     667     702     686     753     795     712     672     639     744
     725     716     762     711     652     703     712     740     639     667
     685     617     608     654     639     616     591     634     626     598
     586     593     607     541     541     590     582     601     549     584
     624     569     570     589     583     590     553     589     587     561
     590     602     567     580     550     591     565     548     536     582
     542     573     530     595     536     547     549     530     599     585
     566     604     560     592     552     567     598     656     599     619
     578     610     610     608     667     674     661     647     698     741
     710     662     687     711     720     750     787     762     808     749
     814     777     726     781     710     814     711     761     712     685
     631     686     600     670     590     628     597     610     568     587
     558     573     528     537     519     580     556     517     534     532
     515     510     509     586     531     543     506     580     540     569
     576     589     598     622     675     682     652     645     675     777
     689     747     765     766     744     735     811     817     770     840
     736     807     824     729     778     766     695     701     691     703
     648     645     608     676     570     598     549     580     537     542
     516     559     512     518     501     519     437     487     502     461
     470     502     541     483     491     480     493     507     453     487
     485     464     455     458     491     511     470     512     503     534
     522     576     540     512     559     614     686     636     657     674
     749     785     803     886     883     934     957     917    1125    1073
    1057    1075    1076    1106    1056    1145    1124    1208    1004    1015
    1025    1009     926     934     909     909     794     778     748     732
     633     594     642     635     564     499     494     510     481     435
     468     522     459     472     426     440     433     485     440     455
     417     420     450     472     456     453     458     470     394     461
     466     474     428     484     491     458     387     441     492     474
     451     464     443     478     414     462     491     472     440     539
     483     495     466     467     518     543     508     532     520     473
     505     528     528     581     505     516     589     517     520     517
     534     528     493     476     491     487     502     480     497     515
     435     440     442     486     398     482     441     449     437     441
     424     425     435     425     428     489     391     436     402     390
     375     444     437     412     419     415     444     460     416     377
     445     381     443     456     433     432     442     427     453     420
     444     506     453     509     468     514     503     569     532     593
     574     622     595     631     684     724     664     741     775     760
     784     850     868     836     814     802     827     887     799     860
     834     836     826     804     741     747     678     678     625     640
     565     600     624     567     467     524     518     517     453     475
     509     441     451     470     411     433     360     412     409     472
     365     402     456     385     335     387     393     400     375     399
     390     419     410     366     451     368     377     408     399     389
     367     369     428     406     397     384     380     367     368     410
     440     407     407     393     440     410     430     397     425     415
     437     433     434     405     414     447     423     411     447     424
     422     470     423     451     439     406     398     436     434     382
     393     407     394     401     387     390     441     408     367     384
     362     394     357     370     378     362     353     355     389     315
     364     369     362     375     351     387     373     368     348     356
     325     342     384     341     378     355     326     365     351     373
     422     368     350     356     348     397     347     387     358     360
     392     332     405     325     334     391     319     353     350     341
     360     372     383     398     369     378     392     384     337     348
     362     400     349     410     376     390     347     391     378     389
     362     389     378     402     380     397     407     399     372     406
     406     466     386     410     465     427     432     462     414     451
     458     394     443     434     385     380     377     430     366     405
     393     386     399     385     417     370     400     376     395     360
     393     368     439     395     384     387     397     380     362     435
     390     418     390     401     386     409     420     397     427     398
     375     417     378     411     407     373     435     434     392     406
     410     452     372     407     452     414     381     415     407     444
     469     469     460     425     439     419     423     461     444     486
     528     455     455     441     525     478     508     478     536     503
     509     499     511     566     515     514     553     573     541     583
     594     581     601     620     670     710     659     651     706     709
     718     719     781     800     809     859     833     886     892     909
     953    1056    1010    1040    1074    1104    1108    1097    1258    1221
    1265    1278    1375    1418    1329    1483    1575    1602    1489    1651
    1646    1750    1737    1707    1813    1873    1759    1770    1871    1929
    1925    1951    2016    2103    1966    2110    2093    2090    1949    1915
    2243    2138    1931    2053    2099    1951    1967    1971    1975    1918
    1895    1875    1838    1785    1681    1776    1759    1774    1591    1675
    1523    1629    1454    1465    1418    1454    1284    1274    1245    1186
    1195    1120    1110    1079     989     972     943     943     875     807
     875     884     794     774     720     726     627     689     686     695
     568     648     585     623     578     619     587     555     551     561
     647     584     578     586     717     636     627     758     760     787
     808     808     837     976     989    1085    1072    1158    1168    1257
    1346    1336    1318    1346    1471    1461    1400    1478    1574    1529
    1466    1501    1516    1421    1423    1352    1489    1321    1266    1215
    1160    1215    1024    1033     973     939     837     765     734     675
     674     600     580     528     432     506     470     424     343     385
     361     385     333     340     320     347     306  165993
