$Informacoes da Fluorescencia de Raios-X:
"Sample    : GHA-479",                                                                    
"Operator  : luisf",                                                                      
"Comment  : ",                                                                            
"Group     : thiago_acra2010ma",                                                          
"Date       : 2010-06-16 10:35:47",                                                       
"",                                                                                       
"Mesurement Condition",                                                                   
"------------------------------------------------------------------------------------",   
"Instrument : 700HS2   Atmosphere : Vac.   Collimator : 10(mm)   Spin : No",              
"------------------------------------------------------------------------------------",   
"Analyte               TG kV   uA      FI Acq.(keV)  Anal.(keV)  Time(sec)     DT(%)",    
"------------------------------------------------------------------------------------",   
"Na                    Rh 50  196-Auto Al  0 - 20    0.8 - 1.2   Live -  959   21",       
"Channel_info_start",                                                                     
"Channel : Na",                                                                           
"Points : 2048
"Range : 0.000000 - 20.480000",                                                           
"Step : 0.010000",                                                                        
"Channel_info_end",                                                                       
$DATA:
       0    2047
       0       0       0       0       0       0       0       0       0    2048
       0       0       0       0       0       0       0       0       0       0
       0       0       0       0       0       0       0       0       0       0
       0       0       0       0       0       0       1       1       1       8
      58     173     145     156     152     175     151     168     141     179
     163     149     181     163     155     144     169     177     175     162
     186     187     197     215     189     198     218     205     191     183
     209     205     152     157     177     168     161     170     179     160
     139     148     154     188     171     170     161     171     130     130
     156     184     138     177     178     195     166     215     198     191
     180     194     160     157     146     157     141     145     161     173
     170     194     162     188     174     198     164     184     189     164
     152     168     128     178     170     181     184     215     192     241
     242     324     357     363     402     420     412     443     379     389
     360     311     284     287     250     294     317     361     400     603
     793    1285    1741    2484    2810    3683    3999    4816    5060    5313
    4776    4588    4016    3521    2798    2436    1788    1590    1148    1109
     960    1097    1156    1568    2415    3858    5399    8212   11068   15444
   18104   22589   24980   27747   26999   28338   24132   22607   18069   15254
   11583    8906    6239    4592    3290    2400    1775    1430    1145     934
     849     907     816     819     770     818     757     798     675     703
     642     592     504     503     441     369     340     381     301     307
     286     292     287     310     316     275     277     317     314     344
     369     534     621     792     958    1216    1417    1639    1881    2130
    2166    2307    2158    2085    1789    1692    1424    1130     910     802
     607     542     486     465     438     447     353     437     461     475
     497     660     727     953    1237    1749    2000    2681    3114    3803
    4199    4562    4457    4765    4548    4301    3590    3234    2564    2187
    1646    1379    1003     881     689     668     607     697     702     737
     712     805     742     756     679     733     578     590     522     478
     431     400     407     389     347     386     319     379     390     384
     376     401     414     436     377     420     430     469     448     475
     475     521     523     647     604     629     804     939    1147    1642
    2027    3055    3801    5604    6871    9423   10939   13830   15471   18057
   18363   20253   19851   20090   17805   17302   14035   12636    9641    7982
    5970    4559    3216    2367    1667    1366    1110    1013    1019    1118
    1235    1545    1832    2233    2744    3489    4264    5812    7175    9710
   12072   15824   18466   23606   27462   32509   35756   41135   41416   44057
   41743   41739   37728   35346   29254   25607   20533   16354   12019    9200
    6601    4610    3016    2174    1428    1106     849     771     818     927
    1005    1393    1643    2122    2388    3180    3577    4376    4573    5441
    5508    5672    5483    5621    5233    4832    4178    3847    3100    2564
    2016    1615    1243    1038     746     608     461     409     323     340
     311     290     286     275     307     325     309     324     274     341
     334     364     362     389     464     576     679     930    1235    1672
    2227    2832    3573    4810    5760    7128    8030    9440   10432   11206
   11018   11934   11305   11373   10024    9837    8311    7480    5912    5160
    4195    3484    2689    2289    1792    1719    1322    1260    1106    1051
     841     855     766     745     712     694     739     740     749     806
     909    1016    1020    1148    1290    1425    1521    1705    1832    1990
    2033    2224    2244    2297    2155    2240    2135    2067    1826    1712
    1467    1399    1243    1023     998     850     759     694     644     661
     580     683     592     596     652     667     580     689     678     685
     675     802     704     712     687     816     742     832     738     798
     774     819     825     898     843     944     850     951     941    1050
     993    1035    1008     979     936     934     857     968     830     849
     784     793     799     792     672     757     718     739     712     737
     722     766     696     688     773     745     705     782     742     690
     722     822     843     861     922    1023    1059    1169    1235    1473
    1652    1924    2157    2550    2730    3064    3106    3568    3609    3805
    3637    3731    3281    3523    3042    3128    2727    2492    2234    1986
    1803    1728    1469    1339    1367    1322    1171    1243    1150    1299
    1204    1288    1311    1342    1405    1526    1664    1848    2075    2577
    3175    4212    5268    7529    9892   14095   17970   24816   32165   42667
   51281   65067   79368   95611  104541  121803  133795  148753  150086  170171
  159199  164802  150433  149127  134381  127019  105749   96492   79535   68104
   52685   43061   33317   25954   18652   14731    9986    7670    5212    4002
    2969    2258    1734    1585    1368    1222    1046    1113     990    1047
    1031    1100    1107    1134    1012    1102    1127    1099    1072    1222
    1153    1294    1188    1402    1512    1626    1744    2067    2243    2706
    3178    3853    4607    5634    6422    7974    9443   11342   12518   14833
   16026   18245   18606   20284   21242   22244   20796   21056   20112   19566
   17209   16236   14417   13090   10660    9333    7600    6551    5045    4344
    3326    2806    2323    1791    1495    1277    1092    1014     944     835
     890     834     851     885     737     886     920     934     861     904
     883     919     867     998     951     989     955     958     954     977
     971     921     958    1001     948     895     857     831     870     909
     826     824     874     842     861     872     826     832     908     891
     842     861     807     822     842     859     848     956     877     881
     832     890     877     874     915     857     850     928    1024     994
     969     952    1056    1031    1024    1082    1115    1142    1115    1178
    1193    1256    1252    1298    1274    1290    1208    1280    1248    1265
    1162    1071    1159    1101     998    1025     994     977     942     950
     867     873     817     896     866     849     809     883     872     824
     806     836     793     855     755     807     839     758     741     756
     836     813     855     809     852     892     879    1047    1006    1016
    1013    1260    1268    1459    1433    1657    1720    1829    1890    2096
    2172    2263    2102    2263    2171    2281    2076    2126    2059    1941
    1749    1634    1543    1497    1330    1208    1242    1213    1014     961
     943     942     839     898     902     945     832     840     913     876
     819     867     893     883     784     834     822     841     758     831
     827     796     801     835     813     816     784     783     808     851
     769     823     825     769     773     810     774     827     780     797
     881     839     861     873     848     874     832     858     905     859
     821     886     807     869     778     796     838     843     781     795
     799     851     799     862     781     868     771     913     821     916
     910     927     959     997     851     938    1036     942     927     989
    1002     960     856     979     913     909     851     909     839     855
     835     893     896     890     747     830     869     862     831     785
     733     847     750     791     781     799     762     797     780     783
     703     765     767     789     782     790     775     783     761     827
     802     858     833     809     780     833     810     827     864     862
     816     795     835     829     804     821     812     865     882     831
     722     754     766     765     808     779     793     764     814     769
     776     841     832     753     731     800     740     840     769     791
     759     873     766     827     858     878     805     861     831     948
     852     843     853     968     916     852     824     884     841     903
     830     888     849     892     799     823     722     845     798     797
     792     791     784     779     744     790     755     763     701     761
     745     772     775     739     805     797     738     833     767     864
     756     788     745     763     757     767     733     750     739     755
     731     737     748     754     739     798     694     784     780     732
     737     693     731     790     698     757     677     737     688     660
     689     713     726     701     646     737     702     688     705     750
     689     724     705     782     675     718     673     732     652     712
     707     689     696     712     652     739     698     764     721     673
     632     766     690     693     673     716     705     689     692     742
     667     666     626     702     662     678     645     727     679     639
     663     729     695     730     663     679     740     737     681     771
     763     744     718     822     745     736     791     821     831     807
     745     799     782     746     755     741     769     756     750     712
     729     758     705     735     694     721     646     659     696     690
     641     684     637     630     627     653     644     679     584     652
     658     650     639     656     642     673     607     661     701     654
     667     627     628     656     624     637     634     666     645     611
     608     654     574     675     586     633     606     662     660     667
     630     689     683     650     649     718     659     730     646     732
     658     724     639     724     710     744     728     779     728     806
     755     701     791     772     782     834     825     850     785     840
     887     864     779     824     797     875     781     771     783     759
     726     740     716     716     686     696     662     699     635     617
     646     636     595     644     577     550     593     604     627     619
     607     556     611     567     619     641     580     625     589     624
     639     626     619     675     686     736     675     673     729     814
     729     750     764     824     759     769     869     860     784     808
     771     804     748     772     790     816     710     773     719     755
     710     729     705     644     616     664     664     589     625     656
     635     589     575     585     612     593     557     506     569     612
     520     565     556     529     549     565     601     525     592     533
     523     527     497     550     587     601     536     587     544     563
     586     621     616     590     643     611     698     719     679     714
     742     833     810     806     841     945     813     947    1094     981
     987    1016    1030    1057     998    1024    1085    1117    1055     999
     962     961     926     938     798     793     776     791     720     695
     655     630     659     667     580     609     574     591     513     542
     507     536     497     514     505     587     501     482     546     539
     484     533     536     567     509     531     520     529     474     558
     496     505     538     582     510     484     471     498     524     546
     515     526     558     557     523     525     512     543     549     564
     523     568     542     567     577     569     526     578     587     590
     609     563     572     603     544     559     606     586     577     599
     582     618     527     547     576     561     530     578     529     505
     551     504     470     514     490     509     569     527     517     489
     532     483     492     482     482     486     490     483     517     518
     462     473     481     420     433     465     470     487     443     499
     481     480     445     496     486     491     477     488     481     491
     486     505     516     493     522     555     582     578     638     645
     660     638     649     730     695     746     724     729     789     808
     792     874     808     867     790     833     822     895     781     796
     876     821     770     852     784     745     721     782     637     644
     629     635     560     607     548     572     580     540     497     486
     506     482     428     505     480     515     450     450     446     500
     447     471     455     477     419     484     460     497     428     492
     429     471     457     471     481     444     402     460     445     486
     460     411     448     481     443     460     491     474     467     436
     417     466     383     418     424     474     444     490     462     510
     435     475     506     484     486     447     497     449     480     441
     493     426     467     473     463     477     471     463     467     462
     455     475     488     469     465     438     460     420     411     465
     452     427     392     473     411     448     402     414     428     426
     415     423     405     443     386     385     424     430     446     436
     387     383     411     462     401     458     413     401     405     397
     386     411     445     429     390     418     405     446     396     394
     472     380     419     413     443     422     388     394     398     422
     443     397     418     379     413     412     422     448     377     436
     422     457     404     417     422     407     427     418     461     457
     402     438     432     475     449     421     501     488     469     423
     487     477     453     458     473     522     418     439     441     510
     464     477     515     507     438     457     438     444     474     457
     437     465     441     419     452     447     453     433     461     460
     437     411     510     450     443     420     436     440     428     475
     433     428     447     415     464     460     422     475     456     481
     430     503     496     433     475     484     489     518     479     474
     489     471     475     438     490     492     504     481     483     499
     458     530     550     516     474     552     536     496     520     525
     559     524     516     580     549     593     540     565     599     617
     628     602     633     620     617     606     664     651     647     660
     655     745     684     779     719     714     769     780     807     843
     818     888     894     955     893     960    1021    1006    1033    1062
    1201    1139    1185    1317    1228    1349    1246    1356    1487    1436
    1513    1563    1589    1737    1700    1726    1810    1826    1837    1905
    1947    2062    1985    2020    2104    2206    2196    2182    2203    2311
    2258    2313    2410    2478    2340    2426    2471    2465    2369    2501
    2637    2410    2441    2499    2379    2512    2385    2320    2400    2367
    2335    2274    2249    2153    2011    2129    2169    1983    1961    1949
    1858    1895    1786    1695    1765    1708    1534    1556    1503    1494
    1333    1362    1392    1321    1217    1174    1135    1159    1047     976
    1001    1020     872     933     902     843     838     776     813     750
     761     723     729     684     653     653     703     662     570     620
     698     678     713     695     798     740     802     806     801     964
     905     934    1087    1042    1038    1157    1276    1209    1272    1411
    1449    1485    1501    1537    1577    1603    1663    1639    1660    1703
    1599    1625    1654    1691    1528    1522    1595    1531    1428    1307
    1321    1310    1145    1148    1048     977     915     876     815     758
     719     644     642     582     552     530     446     483     447     414
     435     418     371     380     379     392     358  195795
