$Informacoes da Fluorescencia de Raios-X:
"Sample    : GHA-536",                                                                    
"Operator  : luisf",                                                                      
"Comment  : ",                                                                            
"Group     : thiago_acra2010ma",                                                          
"Date       : 2010-06-17 10:03:56",                                                       
"",                                                                                       
"Mesurement Condition",                                                                   
"------------------------------------------------------------------------------------",   
"Instrument : 700HS2   Atmosphere : Vac.   Collimator : 10(mm)   Spin : No",              
"------------------------------------------------------------------------------------",   
"Analyte               TG kV   uA      FI Acq.(keV)  Anal.(keV)  Time(sec)     DT(%)",    
"------------------------------------------------------------------------------------",   
"Na                    Rh 50 1000-Auto Al  0 - 20    0.8 - 1.2   Live -  959   16",       
"Channel_info_start",                                                                     
"Channel : Na",                                                                           
"Points : 2048
"Range : 0.000000 - 20.480000",                                                           
"Step : 0.010000",                                                                        
"Channel_info_end",                                                                       
$DATA:
       0    2047
       0       0       0       0       0       0       0       0       0    2048
       0       0       0       0       0       0       0       0       0       0
       0       0       0       0       0       0       0       0       0       0
       0       0       0       0       0       0       0       1       1       6
      73     202     191     190     193     195     169     204     195     180
     163     202     189     202     197     218     209     217     268     251
     237     296     308     342     340     339     351     354     330     326
     358     322     300     320     297     283     268     260     287     274
     232     252     267     259     252     249     260     249     232     316
     297     317     367     417     388     498     454     505     517     493
     480     479     419     429     374     351     328     315     303     349
     378     358     332     448     411     429     371     425     388     330
     310     281     311     282     248     239     240     282     275     329
     293     318     289     348     365     411     383     389     300     394
     349     352     336     299     320     328     323     355     393     551
     691     902    1053    1450    1559    2016    2066    2352    2402    2440
    2471    2495    2298    2180    1775    1750    1542    1307    1097    1063
     923     926    1049    1264    1750    2393    3114    4336    5424    6800
    7596    9009    9649   10504   10155   10925    9493    9536    7822    7035
    5848    4831    3486    2839    2136    1592    1157    1069     901     802
     692     740     672     677     705     679     641     737     656     747
     734     728     645     669     633     606     622     661     593     644
     582     645     586     644     627     670     749     840     974    1156
    1425    1911    2372    3161    3988    5143    5574    6706    7456    8371
    8292    9129    8393    8593    7477    7161    6136    5375    4275    3802
    2967    2537    1926    1816    1504    1525    1437    1566    1616    1990
    2171    2839    3519    4849    6024    8878    9583   12497   13613   16503
   17083   19092   18670   19786   18484   18299   15644   14526   12223   10295
    7839    6711    4574    3847    3034    2543    2120    2107    1975    2091
    2048    2212    2112    2159    2079    1955    1838    1788    1459    1319
    1066     967     805     683     591     584     546     501     482     473
     497     476     448     535     515     560     483     561     592     582
     571     652     663     756     855    1012    1202    1681    2061    3201
    4037    6041    7484   10401   12772   16804   19077   23252   25875   29273
   29898   32162   31903   32100   29180   28785   24110   22355   18057   15337
   11691    9383    6507    5055    3587    2800    2004    1683    1508    1579
    1642    2021    2382    3034    3297    3963    4649    5639    6535    7806
    8900   10586   11528   13746   14884   16838   17430   19381   19149   19967
   18726   18825   17399   16422   14004   12736   10430    8798    6833    5455
    3934    3126    2041    1610    1099     884     721     683     677     715
     817     926    1013    1265    1356    1682    1891    2136    2165    2569
    2494    2683    2514    2611    2484    2280    2021    1904    1646    1420
    1168    1026     820     695     571     524     490     399     382     400
     334     364     340     385     332     395     363     323     383     361
     331     407     397     424     393     463     501     644     701     847
    1058    1322    1536    1907    2257    2575    2844    3210    3494    3706
    3773    4001    3757    3926    3511    3364    3045    2874    2366    2300
    1805    1577    1236    1145     930     928     778     745     682     648
     602     604     576     639     584     607     582     600     584     541
     619     652     667     739     810     859     831     988     963    1011
    1013    1109    1076    1144    1042    1153    1057    1088    1008     938
     824     817     766     755     699     757     568     619     596     536
     572     559     551     565     572     569     596     569     597     624
     614     616     584     624     617     661     587     686     683     658
     633     686     736     735     660     727     722     822     794     843
     747     825     760     865     754     798     740     792     754     840
     745     768     773     793     710     745     737     708     749     741
     733     754     798     730     757     799     757     811     785     831
     778     780     873     840     804     917     941    1022     981    1150
    1123    1322    1285    1507    1536    1682    1576    1735    1835    1769
    1770    1854    1763    1815    1774    1684    1554    1515    1412    1308
    1291    1272    1165    1134    1163    1103    1044    1093    1076    1165
    1085    1128    1095    1185    1136    1232    1263    1421    1552    1731
    1939    2448    2801    3862    4808    6444    7825   10432   12762   16270
   19395   23761   28285   32991   36163   41562   45067   49276   49881   56662
   53009   54845   50634   50271   45515   43430   37242   34863   29138   25793
   20404   17632   13873   11472    8425    6860    5304    4298    3128    2573
    2068    1907    1557    1441    1278    1372    1201    1252    1175    1363
    1158    1280    1172    1315    1157    1301    1294    1318    1253    1359
    1341    1427    1264    1404    1420    1475    1467    1597    1698    1975
    1959    2310    2607    3014    3209    3718    4173    4914    5051    5717
    6318    6842    7005    7566    7896    8064    7769    7845    7421    7621
    6606    6485    5829    5469    4689    4356    3768    3347    2770    2628
    2160    2031    1674    1673    1452    1450    1302    1282    1241    1227
    1195    1185    1203    1251    1278    1218    1251    1286    1210    1244
    1324    1206    1224    1315    1232    1299    1175    1265    1300    1285
    1247    1284    1268    1196    1185    1294    1245    1232    1142    1309
    1223    1223    1208    1225    1186    1253    1142    1156    1309    1337
    1166    1271    1230    1268    1208    1255    1231    1239    1207    1192
    1211    1222    1240    1356    1218    1230    1278    1321    1322    1371
    1351    1319    1426    1483    1376    1540    1555    1652    1549    1712
    1725    1761    1700    1713    1764    1790    1715    1761    1668    1696
    1554    1570    1451    1497    1319    1384    1277    1255    1252    1297
    1262    1295    1194    1168    1128    1219    1146    1143    1169    1134
    1106    1192    1064    1187    1111    1141    1117    1218    1165    1158
    1188    1223    1306    1278    1295    1465    1461    1708    1777    2164
    2244    2563    2771    3099    3502    3949    4212    4608    4638    5102
    5388    5583    5492    5544    5699    5645    5151    5281    4862    4634
    4126    3974    3540    3325    2825    2646    2397    2237    1901    1773
    1726    1485    1357    1426    1323    1263    1233    1184    1179    1163
    1186    1144    1202    1132    1114    1183    1133    1194    1087    1147
    1076    1093    1141    1095    1100    1097    1014    1106    1074    1166
    1034    1176    1048    1133    1066    1146    1059    1133    1021    1135
    1088    1152    1059    1139    1092    1062    1080    1091    1092    1103
    1021    1080    1098    1120    1025    1030    1114    1143    1079    1088
    1092    1207    1126    1144    1217    1220    1287    1351    1373    1498
    1399    1480    1541    1617    1560    1615    1675    1712    1541    1626
    1628    1612    1448    1481    1449    1476    1351    1386    1307    1330
    1191    1188    1134    1176    1119    1189    1074    1192    1049    1123
    1064    1052    1025    1008    1031    1051    1051    1024     993    1087
    1049     990    1068    1037     999    1025    1005    1019    1014    1047
    1075    1056     989    1026    1030    1107    1037    1085     991    1075
     965    1040    1064    1001    1009     991    1057    1031    1021    1057
    1051    1100     959    1079    1004    1045    1010     988    1074    1102
    1035    1108    1065    1065    1012    1104    1153    1117    1176    1213
    1196    1230    1178    1299    1313    1346    1319    1406    1521    1486
    1482    1566    1586    1616    1514    1579    1679    1560    1572    1551
    1425    1458    1332    1354    1330    1387    1306    1274    1224    1232
    1102    1178    1107    1115    1025    1044    1059    1086    1005    1080
    1008    1036     998    1037    1062    1057    1047    1056     934    1041
     943    1026    1004    1004    1001    1042    1046    1011     977    1018
    1034    1002     979    1088     933    1025     983     969    1018    1033
    1034    1045    1040    1014    1013    1037    1059    1088    1036    1046
    1034    1113    1016    1078    1031    1108    1037    1040    1035     982
    1030     998     961    1071     980    1019     968    1011     938     964
    1037     993     919    1027     986    1007     992     968     967    1048
     988    1104     956    1015     949    1032     949     981    1025     998
     919     996     961     982    1018    1089     942    1084     989    1082
     944    1036    1064    1161    1076    1179    1144    1234    1203    1324
    1306    1395    1341    1462    1430    1559    1375    1610    1518    1606
    1516    1554    1520    1476    1389    1519    1529    1511    1363    1414
    1264    1302    1231    1194    1194    1133    1036    1085    1068    1107
    1005    1060     979    1010     948     966    1027     992     871     958
     868     957     917     939     948     917     851     906     912     964
     979     963    1025     968     921     981     974     979     954     961
     992     906     847    1011     991    1045     954     979    1162    1151
    1101    1158    1121    1126    1113    1233    1246    1284    1169    1198
    1286    1240    1214    1246    1200    1316    1163    1227    1117    1190
    1062    1139    1117    1122    1043    1033    1027    1049    1053    1053
     958     975     926     942     930     925     876     958     938     946
     948     891     949     925     920     978     889     900     898     906
     898     923     834     882     915     901     935     859     956     919
     895     859     894     894     865     914     909     892     923     916
     964     988     952    1013     964    1043     986    1046    1038    1067
    1033    1036    1038    1139    1031    1075    1060    1120    1023    1101
    1043    1075     975    1056    1022    1055     905     981     976     936
     870     872     906     914     793     906     783     897     804     860
     799     845     782     822     850     840     771     882     796     878
     846     784     839     780     750     838     814     766     793     828
     826     784     781     782     860     853     835     787     827     881
     787     854     829     853     840     867     826     861     873     857
     886     892     914     905     934     920     950     893     961     957
     950     980     972     975     904     946     960    1024     933     895
     932     997     971     914     843     898     871     901     872     861
     850     790     838     845     754     754     750     798     756     772
     822     815     739     802     804     770     695     684     784     813
     744     734     741     766     790     813     755     791     710     802
     735     766     732     776     747     785     770     759     738     809
     785     785     824     802     765     782     809     765     766     790
     719     777     751     794     776     813     791     844     812     790
     784     811     793     788     802     814     739     794     756     762
     771     772     756     762     739     736     680     765     699     776
     712     739     798     737     729     701     738     722     678     756
     755     736     759     701     694     719     680     715     712     739
     677     711     737     681     644     630     729     703     622     719
     675     699     668     675     719     675     638     704     683     690
     634     716     714     701     659     695     750     746     664     754
     733     751     680     739     790     788     757     798     791     850
     759     715     814     727     752     746     755     802     751     766
     809     745     730     757     740     737     671     721     699     777
     728     696     686     688     663     700     722     723     660     751
     744     705     702     691     689     707     652     652     647     670
     672     646     644     669     661     667     681     669     609     647
     682     605     646     600     701     697     641     625     702     681
     596     623     647     674     638     624     623     669     625     678
     668     656     675     649     604     727     670     638     691     664
     600     644     637     679     623     627     667     678     637     675
     615     678     631     647     697     631     629     633     630     662
     594     641     648     645     622     630     629     660     638     668
     598     661     627     670     666     638     647     602     631     609
     615     589     622     635     605     645     644     664     619     592
     647     661     602     619     592     627     583     613     628     597
     589     617     575     635     603     620     629     615     543     635
     624     667     531     615     573     637     651     625     649     675
     661     608     606     649     605     634     628     636     559     625
     606     646     634     655     608     655     609     581     647     692
     634     644     648     663     609     633     626     646     653     582
     628     684     622     639     673     668     615     598     712     631
     672     641     630     672     633     629     667     647     638     682
     635     662     647     648     633     658     673     633     716     672
     635     598     746     651     630     701     680     713     642     658
     684     707     697     637     684     718     639     711     672     717
     661     723     681     704     713     679     691     734     673     719
     748     714     690     725     743     714     694     725     758     757
     773     754     726     762     754     799     794     802     840     837
     800     804     795     843     848     846     789     862     925     982
     884     883     923     964     877     957     997    1068     955    1026
    1012    1058    1058    1135    1201    1196    1106    1221    1227    1279
    1298    1291    1388    1456    1415    1538    1582    1640    1650    1745
    1772    1819    1764    1816    1993    2081    2005    2059    2396    2450
    2290    2575    2650    2664    2649    2828    2833    2954    2905    3157
    3134    3345    3212    3313    3291    3489    3397    3559    3666    3683
    3693    3732    3964    4004    3788    3959    4125    4162    3838    3894
    4283    3999    3858    3974    3835    3889    3808    3746    3882    3750
    3507    3665    3656    3719    3409    3489    3308    3388    3178    3130
    2934    3013    2750    2769    2806    2732    2547    2451    2404    2353
    2229    2097    2162    2015    1848    1808    1781    1808    1576    1594
    1612    1508    1442    1442    1419    1332    1301    1278    1229    1208
    1155    1108    1084    1068    1020    1025    1036    1062     987     987
    1035     943    1042    1015    1147    1080    1071    1135    1234    1254
    1227    1341    1398    1467    1483    1588    1632    1782    1737    1799
    1835    1984    1892    1968    2118    2170    2091    2168    2175    2189
    2019    2158    2087    2143    1933    1861    2085    1922    1803    1733
    1619    1626    1507    1433    1373    1313    1243    1152    1133    1101
    1014     979     901     843     734     761     717     701     630     615
     618     574     596     538     604     578     525  298444
