$Informacoes da Fluorescencia de Raios-X:
"Sample    : GHA-567",                                                                    
"Operator  : luisf",                                                                      
"Comment  : ",                                                                            
"Group     : thiago_acra2010ma",                                                          
"Date       : 2010-06-17 16:49:49",                                                       
"",                                                                                       
"Mesurement Condition",                                                                   
"------------------------------------------------------------------------------------",   
"Instrument : 700HS2   Atmosphere : Vac.   Collimator : 10(mm)   Spin : No",              
"------------------------------------------------------------------------------------",   
"Analyte               TG kV   uA      FI Acq.(keV)  Anal.(keV)  Time(sec)     DT(%)",    
"------------------------------------------------------------------------------------",   
"Na                    Rh 50  215-Auto Al  0 - 20    0.8 - 1.2   Live -  959   21",       
"Channel_info_start",                                                                     
"Channel : Na",                                                                           
"Points : 2048
"Range : 0.000000 - 20.480000",                                                           
"Step : 0.010000",                                                                        
"Channel_info_end",                                                                       
$DATA:
       0    2047
       0       0       0       0       0       0       0       0       0    2048
       0       0       0       0       0       0       0       0       0       0
       0       0       0       0       0       0       0       0       0       0
       0       0       0       0       0       0       0       0       1       6
      70     139     163     172     129     164     136     165     146     133
     155     169     157     165     158     141     145     148     148     154
     149     191     155     179     179     182     163     202     172     162
     158     183     168     171     141     154     132     136     138     145
     131     176     151     155     175     151     148     140     148     147
     134     159     146     167     182     184     214     228     197     226
     188     180     175     182     168     155     131     148     146     163
     151     151     159     174     163     165     179     143     167     141
     141     154     118     156     154     156     179     157     176     228
     214     238     258     316     310     329     353     386     316     324
     282     298     264     258     270     276     269     405     444     599
     832    1200    1613    2386    2890    3742    4222    4861    4958    5138
    4627    4620    3907    3403    2639    2242    1807    1498    1186     997
     910     962    1142    1552    2307    3513    4952    7576   10265   13926
   16635   20492   22640   24870   24602   25292   21928   20024   16030   13160
   10104    7696    5280    4074    2864    2116    1623    1250    1072     887
     845     808     753     754     721     806     765     790     715     728
     689     651     541     581     501     424     402     355     327     333
     288     286     261     236     269     282     310     321     310     359
     414     458     540     719     855    1115    1081    1401    1559    1808
    1733    1849    1824    1752    1491    1383    1141     994     785     715
     471     489     380     406     412     432     392     401     428     481
     495     625     751    1012    1281    1813    2115    2763    3147    3863
    4163    4676    4591    4887    4477    4295    3589    3172    2484    2115
    1589    1338     934     756     738     620     658     750     690     737
     748     791     769     794     686     708     592     655     505     501
     470     454     436     379     379     403     341     408     393     407
     400     424     394     400     462     442     494     505     464     470
     506     588     569     640     626     721     908    1079    1319    2044
    2578    3624    4755    6426    8593   11432   13160   16626   18766   21478
   22310   23635   23474   23222   20596   20020   16026   14051   10941    8932
    6387    5051    3534    2524    1871    1437    1164    1082    1096    1191
    1338    1595    1963    2550    2872    3856    4720    6018    7317    9853
   12062   15559   18059   22606   26677   31474   33486   38385   38899   41387
   38661   37954   34993   31611   26375   22753   18157   14256   10252    7733
    5518    3974    2434    1844    1271     879     797     672     767     872
    1019    1287    1617    1985    2394    2946    3471    4052    4179    4880
    4975    5246    5172    5181    4793    4425    3725    3329    2714    2245
    1780    1429    1076     876     595     520     416     353     311     277
     242     285     247     271     263     264     247     246     271     290
     304     339     356     417     467     577     705    1050    1236    1780
    2290    3126    3853    5087    6153    7411    8223    9576   10759   11500
   11355   12035   11445   11089    9882    9250    8236    7168    5592    4898
    3978    3230    2488    2274    1806    1557    1319    1211    1004     920
     871     803     756     721     644     678     678     722     646     842
     904     956    1032    1166    1383    1470    1501    1757    1878    2099
    2041    2216    2248    2236    2171    2199    2010    2008    1671    1593
    1438    1255    1070     954     845     800     661     635     649     577
     550     644     563     551     574     623     640     690     599     670
     643     656     671     719     663     740     727     749     702     723
     764     768     747     812     777     924     895     962     934     876
    1026    1017     945    1065     924     955     880     818     862     794
     765     724     724     733     685     710     695     688     644     705
     658     699     663     730     655     706     619     650     680     729
     711     785     768     867     915     957     992    1168    1293    1444
    1643    1986    2099    2507    2695    2902    3039    3347    3381    3665
    3437    3570    3330    3168    2932    2765    2441    2220    1826    1884
    1670    1517    1366    1272    1288    1224    1138    1148    1247    1241
    1181    1229    1198    1334    1359    1512    1641    1839    2139    2629
    3400    4638    5938    8449   11397   15839   20212   27611   36211   46998
   57219   71943   86364  103048  113570  129889  144822  157171  159146  175358
  166152  167661  153369  149256  135511  124878  104599   93754   76912   65280
   50077   41136   31515   24207   17040   13309    9184    6957    4698    3495
    2667    2166    1629    1356    1207    1180    1095    1015    1019    1073
     992     989    1010     993    1026    1026    1006    1097    1053    1130
    1174    1304    1281    1348    1488    1604    1784    2061    2458    2690
    3230    4122    4943    6278    7220    8707   10204   12271   13742   15830
   17612   19012   19722   21597   22356   22513   21152   21381   20476   19415
   17156   16032   14055   12761   10152    8857    7211    6136    4747    3841
    3010    2445    1950    1583    1249    1215    1043     858     814     803
     696     737     724     755     729     717     876     798     754     753
     803     828     783     904     851     899     847     891     893     873
     898     855     806     879     840     817     814     771     751     727
     785     775     751     733     775     748     753     714     778     769
     728     786     748     782     724     777     728     771     771     791
     734     790     784     784     801     806     812     809     882     861
     890     828     863     965     946     978    1026    1081     992    1087
    1113    1117    1177    1125    1181    1178    1202    1178    1110    1122
    1035    1012    1033     984     927     881     856     911     818     781
     793     830     767     785     712     687     729     708     750     730
     662     747     666     777     699     724     801     750     713     710
     722     762     742     743     769     844     811     929     969    1064
    1164    1229    1352    1489    1549    1790    1850    2142    2177    2369
    2474    2450    2367    2521    2548    2467    2242    2294    2108    2081
    1832    1764    1585    1460    1254    1216    1130    1044     958     911
     913     786     772     785     792     784     765     754     766     793
     682     719     756     751     721     723     691     762     702     734
     715     785     721     694     667     716     659     703     734     743
     724     704     729     746     721     762     745     755     730     751
     749     750     785     784     797     838     757     771     819     786
     737     782     786     737     647     699     760     734     763     713
     733     804     719     724     737     790     755     872     821     840
     819     869     870     894     885     869     958     942     936     927
     893     939     852     894     872     866     866     827     811     772
     784     769     803     797     765     767     731     751     694     715
     689     763     679     712     680     655     699     656     694     693
     664     658     682     702     679     652     706     682     653     666
     710     723     693     751     695     783     711     756     781     771
     723     698     739     738     717     680     765     699     705     699
     762     715     652     685     690     722     658     698     777     705
     712     662     701     723     654     659     743     790     751     757
     766     767     699     737     723     780     760     791     841     794
     823     815     812     886     819     877     859     814     765     828
     834     861     782     789     773     825     708     703     706     685
     731     738     694     698     663     717     696     710     664     661
     661     732     690     663     652     678     632     681     668     685
     668     677     712     788     652     670     655     673     714     670
     600     664     689     675     655     641     645     646     663     633
     662     634     642     629     607     608     687     655     649     586
     684     666     585     623     644     592     580     655     646     635
     590     633     624     621     597     637     647     612     606     635
     630     602     651     583     627     607     588     602     603     656
     548     584     589     635     573     615     672     595     604     642
     592     651     609     615     589     584     591     590     592     621
     591     637     616     644     642     609     680     691     666     688
     701     763     734     746     841     811     768     808     794     873
     762     780     777     799     765     790     747     815     740     701
     660     727     637     658     616     659     601     621     621     572
     585     562     614     590     551     583     502     606     511     551
     540     554     592     591     600     597     541     562     591     595
     550     579     576     580     606     547     595     606     577     547
     564     573     592     575     595     560     577     580     625     642
     574     585     585     677     598     600     672     664     670     682
     687     750     637     687     701     682     734     703     717     682
     694     717     766     739     745     807     759     734     776     798
     759     756     720     746     748     722     684     708     647     677
     624     671     641     628     624     611     611     614     569     567
     581     534     560     545     512     568     488     515     517     567
     513     515     519     554     577     527     551     616     569     598
     586     601     628     624     693     698     637     669     703     719
     702     749     749     795     716     794     802     772     749     760
     815     738     743     750     720     728     707     688     671     659
     624     595     642     601     608     582     571     577     525     511
     534     539     486     506     527     556     471     501     481     515
     469     485     492     484     480     464     508     477     477     466
     525     530     450     482     536     485     490     522     496     494
     468     516     545     499     566     574     586     614     590     635
     706     684     746     720     801     812     799     816     905     855
     841     910     896     951     870     835     911     853     840     844
     793     769     719     739     720     641     649     599     633     584
     585     547     554     514     484     541     453     493     484     489
     446     473     416     451     472     433     453     510     435     436
     463     460     449     442     421     479     453     452     445     428
     438     471     436     425     514     424     438     450     461     497
     436     450     497     434     468     481     454     470     459     478
     482     472     450     508     513     569     514     519     508     538
     557     533     539     529     499     575     506     539     496     479
     489     540     502     473     531     477     451     479     435     489
     508     497     468     505     447     450     427     421     405     420
     450     440     444     426     423     433     452     426     478     395
     432     411     424     425     399     427     476     412     400     449
     437     455     371     445     435     402     418     441     428     463
     456     488     423     451     485     495     521     549     525     532
     566     577     628     643     673     687     688     695     750     749
     757     669     756     806     773     795     793     729     704     704
     736     734     698     711     699     696     642     651     594     608
     548     582     551     556     487     426     468     470     434     462
     435     411     415     426     416     433     391     403     414     419
     398     410     443     410     412     419     433     401     397     397
     417     405     428     330     420     372     391     385     366     391
     412     379     416     433     373     399     390     433     353     419
     425     359     364     423     390     411     409     436     414     395
     446     427     420     435     424     450     425     402     430     415
     433     407     419     408     397     393     398     393     402     434
     428     442     410     406     377     368     391     376     364     405
     391     421     381     403     355     399     364     366     348     405
     368     412     372     376     357     392     391     360     351     380
     372     377     359     397     380     375     343     372     347     357
     353     393     345     356     360     377     385     371     351     375
     364     351     347     324     369     353     380     333     389     400
     360     392     337     388     345     384     349     390     372     337
     369     430     349     372     389     375     408     341     407     384
     377     389     410     375     391     429     399     410     368     397
     443     419     400     384     447     395     411     409     450     426
     436     405     397     437     407     402     386     401     385     410
     389     379     385     373     394     434     359     374     388     425
     365     388     434     389     391     388     388     392     349     377
     416     395     390     383     358     417     433     363     397     407
     426     424     433     390     403     380     401     421     398     406
     406     402     419     414     454     409     401     409     428     436
     432     429     443     479     458     449     502     452     451     441
     452     462     459     495     528     486     496     454     523     548
     507     480     542     554     540     569     593     607     554     548
     571     650     580     638     682     664     661     620     775     669
     724     795     888     840     781     906     840     912     884     956
     948    1044    1030    1049    1172    1178    1163    1178    1342    1287
    1319    1341    1473    1491    1464    1462    1613    1673    1552    1685
    1767    1767    1716    1860    1882    1971    1975    1977    2038    2000
    2021    2027    2192    2178    2129    2128    2193    2216    2061    2081
    2288    2210    2169    2114    2138    2133    1960    2121    2059    2049
    1888    1916    2025    1873    1852    1891    1813    1812    1608    1613
    1607    1675    1489    1453    1468    1403    1319    1330    1290    1220
    1158    1108    1134    1128    1021    1014     992     905     861     838
     847     836     750     773     773     746     673     685     702     706
     625     617     590     553     594     588     601     554     568     606
     601     626     614     607     729     717     652     689     789     842
     818     901    1009     951     994    1043    1142    1159    1194    1195
    1297    1302    1271    1338    1514    1425    1446    1417    1429    1499
    1384    1404    1443    1471    1355    1178    1332    1262    1136    1172
    1116    1024     959     941     867     819     739     705     658     630
     555     549     503     458     412     419     403     415     359     338
     376     343     307     320     355     313     319  168960
