$Informacoes da Fluorescencia de Raios-X:
"Sample    : GHA-563",                                                                    
"Operator  : luisf",                                                                      
"Comment  : ",                                                                            
"Group     : thiago_acra2010ma",                                                          
"Date       : 2010-06-17 15:26:40",                                                       
"",                                                                                       
"Mesurement Condition",                                                                   
"------------------------------------------------------------------------------------",   
"Instrument : 700HS2   Atmosphere : Vac.   Collimator : 10(mm)   Spin : No",              
"------------------------------------------------------------------------------------",   
"Analyte               TG kV   uA      FI Acq.(keV)  Anal.(keV)  Time(sec)     DT(%)",    
"------------------------------------------------------------------------------------",   
"Na                    Rh 50  334-Auto Al  0 - 20    0.8 - 1.2   Live -  959   20",       
"Channel_info_start",                                                                     
"Channel : Na",                                                                           
"Points : 2048
"Range : 0.000000 - 20.480000",                                                           
"Step : 0.010000",                                                                        
"Channel_info_end",                                                                       
$DATA:
       0    2047
       0       0       0       0       0       0       0       0       0    2048
       0       0       0       0       0       0       0       0       0       0
       0       0       0       0       0       0       0       0       0       0
       0       0       0       0       0       0       0       2       7       8
      70     175     165     178     148     165     161     172     169     178
     150     145     222     195     168     186     177     198     182     207
     200     213     211     246     218     252     264     247     236     250
     288     197     184     222     191     202     181     182     180     179
     204     216     186     215     191     197     205     190     154     213
     196     223     224     235     240     274     288     313     352     351
     309     265     240     217     189     170     195     165     180     188
     211     231     209     240     225     233     245     224     218     227
     199     191     166     199     188     191     208     184     233     249
     233     316     312     348     334     367     387     400     366     376
     342     299     294     289     279     352     318     423     489     587
     879    1268    1591    2288    2724    3658    3995    4579    4765    4733
    4566    4558    3779    3628    2859    2272    1970    1604    1384    1228
    1098    1083    1167    1619    2226    3400    4912    7399    9452   13165
   15526   18930   21104   23263   22503   23564   20293   18799   15148   12683
    9682    7476    5257    3827    2827    2145    1600    1295    1048    1009
     795     810     718     737     711     715     691     730     696     742
     711     647     602     591     540     534     499     493     385     376
     416     355     349     362     321     362     405     391     432     546
     600     834     946    1234    1512    1905    2286    2767    3090    3401
    3604    3759    3550    3395    3035    2701    2350    1960    1546    1336
    1063     929     862     776     703     802     763     733     745     938
     983    1233    1554    2053    2590    3931    4466    5842    6742    8149
    8952    9773    9751   10338    9417    9137    7379    6706    5494    4461
    3100    2590    1875    1528    1259    1118    1122    1174    1147    1246
    1323    1322    1313    1304    1243    1136    1061    1026     840     867
     659     593     564     559     433     507     490     494     474     477
     520     523     523     521     542     515     556     575     578     623
     684     638     708     733     796     939    1096    1404    1878    2843
    3690    5361    7262    9958   13048   17073   20523   25479   28645   32915
   33373   36194   35658   35429   31676   30412   24724   21814   17005   13444
   10143    7621    5285    3826    2709    1918    1552    1378    1369    1413
    1704    2106    2550    3150    3600    4445    5472    6642    7626    9688
   11105   13318   14908   18443   20743   23744   25437   28233   28697   29870
   28260   27550   25347   23324   19105   16836   13295   10618    7977    5836
    4103    2996    2092    1483    1045     818     665     641     641     755
     793    1063    1281    1609    1698    2118    2531    2890    3151    3662
    3509    3864    3840    3637    3415    3230    2673    2548    2067    1765
    1345    1168     898     820     538     478     427     388     308     305
     274     328     276     298     289     295     295     306     309     331
     307     361     377     423     442     583     668     864    1019    1505
    1956    2558    3026    3996    4949    5916    6384    7720    8437    9126
    8999    9360    9064    8846    8016    7593    6465    5773    4725    4041
    3352    2719    2132    1926    1542    1458    1116    1024     903     927
     727     730     672     679     638     628     665     679     673     748
     748     866     861    1041    1105    1225    1322    1504    1579    1628
    1699    1806    1837    1934    1848    1917    1785    1710    1487    1433
    1228    1134    1043     900     827     730     676     682     622     620
     597     589     565     611     575     619     618     629     686     722
     641     657     691     700     664     767     751     704     700     778
     749     783     756     809     811     859     821     919     889     854
     911     951     867     961     927     924     866     850     821     879
     741     781     787     730     718     712     730     681     694     745
     721     724     717     762     695     753     722     750     755     766
     759     764     747     873     881     990    1039    1164    1217    1442
    1520    1746    1993    2263    2325    2703    2761    2905    2952    3207
    3111    3145    2900    2970    2575    2573    2259    2208    1878    1795
    1542    1493    1308    1329    1212    1205    1117    1177    1122    1087
    1150    1254    1268    1341    1318    1387    1546    1725    1839    2356
    2883    3940    4744    6783    8995   12386   15993   21986   28355   36797
   44000   55986   67392   79279   87599  100631  110571  121871  122773  135606
  127935  130828  119088  116573  106230   97841   81954   74223   60804   51293
   40087   32771   25247   19610   14160   10957    7711    5930    4116    3259
    2514    1996    1624    1473    1316    1217    1122    1105    1119    1124
    1120    1073    1070    1124    1074    1120    1179    1204    1156    1207
    1251    1350    1284    1450    1469    1656    1687    2044    2245    2694
    2889    3520    4119    5001    5886    7055    8338    9856   10502   12384
   13628   15164   15394   16748   17498   17403   16783   17310   15667   15634
   13557   13079   11322   10217    8170    7402    6205    5248    4105    3464
    2742    2312    1803    1601    1360    1249    1064    1074     996     988
     943     898     943     922     942     980     948     954     948     970
     964    1105     973    1082    1042    1068    1007    1052    1090    1046
    1059    1108    1074    1011    1045    1034     999    1002     943     918
    1002     933     993     939     926     955     883     922     955     976
     875     965     946     948     970     976     937     927     958    1032
    1011    1008    1014    1055     974    1033     992    1036    1043    1026
    1078    1090    1149    1153    1170    1189    1305    1416    1352    1478
    1457    1455    1429    1455    1558    1543    1483    1428    1335    1365
    1263    1277    1236    1231    1134    1123    1098    1019    1025    1011
    1007     963     899     956     998     939     827     943     948     908
     906     931     906     895     821     894     944     921     890     952
     921    1011     967    1047    1185    1236    1312    1480    1578    1885
    2047    2413    2650    3099    3304    3908    4121    4511    4774    5059
    5517    5665    5527    5535    5845    5581    5039    5127    4743    4540
    3912    3558    3350    2922    2455    2276    1955    1804    1586    1430
    1277    1153    1154    1104    1015     997     957     917     987     953
     904     987     944    1035     946     957     954     893     885     953
     838     889     935     908     811     844     850     889     854     902
     881     987     919     958     855     895     946     960     970     922
     967     960     948     931     926     898     951     919     939     915
     883     930     949     999     871     897     857     934     938     973
    1003     961     975    1057    1023    1052    1107    1207    1231    1246
    1330    1340    1410    1429    1352    1392    1534    1502    1477    1394
    1545    1479    1353    1242    1280    1309    1144    1201    1172    1151
    1023    1025     991    1003     936     901     934     907     907     910
     877     912     876     897     850     939     793     854     882     895
     852     863     874     908     858     939     846     856     823     865
     832     864     803     872     901     900     859     789     866     854
     832     862     871     881     803     864     845     848     814     803
     849     862     850     889     881     856     809     817     813     925
     858     817     889     938     889     921     884     953     951    1052
    1006    1057    1001    1071    1086    1194    1207    1264    1197    1315
    1334    1336    1372    1398    1315    1353    1302    1412    1241    1318
    1222    1233    1152    1146    1099    1072    1012    1051     955    1011
     924     971     880     925     868     898     912     874     834     836
     904     882     832     804     864     846     774     890     820     850
     827     793     888     775     847     809     829     871     748     877
     835     865     801     870     787     821     759     776     816     889
     782     883     825     835     767     813     831     866     853     819
     880     823     778     866     811     828     777     853     844     900
     782     758     812     765     800     785     819     801     784     723
     813     787     727     768     804     822     741     722     727     799
     735     814     747     733     736     753     726     794     759     781
     764     766     758     757     782     828     796     803     758     854
     751     818     783     919     895     919     965    1051     996    1066
    1146    1225    1163    1248    1407    1259    1298    1387    1313    1397
    1453    1441    1367    1393    1363    1336    1345    1228    1144    1225
    1143    1136    1038     998     936     891     888     884     853     854
     804     763     766     775     730     792     834     804     723     729
     780     744     712     735     719     708     721     803     792     701
     721     775     750     763     741     731     733     786     691     753
     817     795     753     744     782     764     776     850     838     859
     867     894     883     984     930    1073    1017    1015     998    1080
    1099    1128    1018     999    1038    1056    1002     984    1021    1032
     966     982    1006    1044     877     917     948     957     917     922
     816     936     889     840     840     839     754     822     844     809
     764     835     799     757     712     747     796     811     733     727
     749     700     659     683     771     682     676     668     727     696
     724     702     737     767     684     762     727     753     727     831
     765     844     816     912     872     890     918     908     910     991
     948     872     961    1012     984     971    1061    1068     927     973
     909     924     989     935     910     901     821     821     762     816
     781     838     757     739     732     796     714     696     724     677
     658     699     659     650     683     655     578     638     677     663
     624     624     660     631     630     600     677     612     666     704
     669     659     628     634     636     630     583     615     620     682
     656     632     683     618     675     755     710     757     706     718
     719     817     768     746     774     811     829     837     937     903
     963     910     970     931     909     916     942     888     893     927
     884     891     814     820     799     841     782     719     720     679
     724     688     690     693     660     605     614     610     634     636
     652     610     604     628     542     576     593     596     631     580
     571     553     565     562     575     594     668     609     596     604
     578     604     604     560     629     633     580     588     578     575
     666     637     708     625     618     602     637     665     651     637
     654     672     613     654     636     616     605     675     685     682
     645     686     636     659     664     591     610     687     628     669
     677     681     618     576     647     658     566     556     633     600
     573     570     577     603     587     584     588     593     547     560
     596     629     551     575     616     564     573     531     587     577
     600     553     569     565     555     521     588     582     501     508
     543     588     512     566     605     540     521     537     515     533
     532     606     614     609     541     561     592     618     614     616
     700     649     596     674     668     710     625     731     739     739
     710     855     735     800     778     741     796     827     736     811
     747     741     759     798     695     684     675     686     649     663
     632     695     584     629     580     584     522     534     538     547
     567     553     513     603     508     526     486     523     549     529
     501     522     515     553     483     471     493     520     510     561
     531     528     506     490     508     510     530     474     511     516
     514     498     544     506     479     549     548     538     487     453
     481     490     507     526     510     538     501     523     556     516
     507     538     567     548     486     511     564     501     528     543
     529     569     496     521     580     497     516     531     524     534
     520     548     515     511     497     484     470     474     507     486
     475     505     447     477     452     461     458     495     472     525
     466     484     486     523     487     456     490     505     425     463
     503     495     474     467     456     474     439     490     468     488
     438     447     475     492     462     492     459     510     456     513
     508     525     459     485     496     505     458     450     530     499
     477     476     481     507     495     487     495     529     460     487
     498     522     438     476     522     506     479     465     504     496
     501     490     512     470     466     508     541     523     492     454
     558     474     471     531     530     510     474     495     532     544
     533     523     529     517     502     490     588     558     541     486
     477     472     488     511     492     505     535     498     535     497
     494     456     580     470     508     549     526     544     512     516
     542     526     539     564     531     532     522     566     531     526
     515     520     529     499     542     574     540     560     582     542
     589     551     593     511     614     573     587     570     591     558
     571     579     596     612     570     562     607     637     584     657
     643     623     615     659     643     660     630     704     681     696
     663     658     765     693     793     757     845     774     792     808
     771     813     831     874     847     945     863     901     917     973
     957    1060    1126    1167    1178    1142    1164    1225    1209    1284
    1352    1442    1456    1547    1564    1640    1642    1605    1869    1794
    1766    1857    2017    2052    2092    2054    2214    2347    2220    2299
    2454    2510    2418    2555    2731    2748    2671    2851    2756    3003
    2848    2872    2962    2952    2926    2863    3005    3089    2989    2963
    3265    3005    2931    2943    2970    3027    2909    2875    2936    2869
    2620    2772    2775    2652    2468    2539    2421    2449    2252    2204
    2245    2206    1950    2113    2026    1981    1856    1785    1797    1721
    1521    1488    1587    1440    1352    1352    1361    1267    1171    1195
    1188    1064    1019    1025    1015     991     946     876     924     910
     885     804     832     834     750     781     744     800     739     753
     871     818     780     783     933     858     853     877     971     985
    1036    1122    1168    1192    1198    1235    1358    1428    1387    1586
    1576    1658    1543    1717    1676    1731    1680    1840    1719    1851
    1753    1779    1683    1713    1664    1497    1783    1546    1457    1404
    1404    1233    1259    1110    1111    1024     947     857     897     762
     794     756     708     648     586     519     528     502     534     463
     495     471     501     447     425     461     431  227360
