$Informacoes da Fluorescencia de Raios-X:
"Sample    : GHA-518",                                                                    
"Operator  : luisf",                                                                      
"Comment  : ",                                                                            
"Group     : thiago_acra2010ma",                                                          
"Date       : 2010-06-17 02:09:26",                                                       
"",                                                                                       
"Mesurement Condition",                                                                   
"------------------------------------------------------------------------------------",   
"Instrument : 700HS2   Atmosphere : Vac.   Collimator : 10(mm)   Spin : No",              
"------------------------------------------------------------------------------------",   
"Analyte               TG kV   uA      FI Acq.(keV)  Anal.(keV)  Time(sec)     DT(%)",    
"------------------------------------------------------------------------------------",   
"Na                    Rh 50 1000-Auto Al  0 - 20    0.8 - 1.2   Live -  959   19",       
"Channel_info_start",                                                                     
"Channel : Na",                                                                           
"Points : 2048
"Range : 0.000000 - 20.480000",                                                           
"Step : 0.010000",                                                                        
"Channel_info_end",                                                                       
$DATA:
       0    2047
       0       0       0       0       0       0       0       0       0    2048
       0       0       0       0       0       0       0       0       0       0
       0       0       0       0       0       0       0       0       0       0
       0       0       0       0       0       0       0       0       2       8
     111     242     284     230     253     223     237     258     237     280
     249     279     299     239     239     267     279     314     272     322
     324     405     329     394     373     446     419     423     404     401
     413     366     383     430     345     352     319     371     317     350
     336     332     326     308     272     308     346     304     289     363
     341     342     406     498     488     574     511     597     594     588
     518     534     505     480     419     439     411     398     413     459
     427     508     494     542     499     539     494     506     470     438
     414     385     364     355     293     324     304     305     306     344
     373     410     410     435     427     487     475     501     417     391
     377     404     375     403     360     379     383     444     449     643
     890     993    1318    1754    1857    2271    2424    2854    2847    2974
    2825    2947    2619    2566    2131    1982    1701    1483    1194    1178
    1026    1135    1138    1592    1992    2777    3572    5128    6494    8239
    9079   10984   11652   12867   12381   13211   11602   11355    9579    8631
    6880    5696    4199    3259    2416    1851    1366    1133     982     906
     793     774     672     692     615     680     762     702     703     774
     706     764     686     735     698     708     733     740     691     681
     659     671     721     768     773     840     823     954    1194    1347
    1761    2353    2902    3962    4914    6020    6779    8262    9083   10288
   10319   10855   10311   10485    8932    8473    7368    6435    5034    4382
    3296    2785    2238    2027    1811    1695    1609    1742    1840    2186
    2497    3180    3971    5477    6745    9760   10629   13918   15219   18339
   19188   21417   20301   22157   20218   19880   17380   15871   13029   11534
    8623    7399    5217    4203    3114    2760    2282    2456    2255    2423
    2351    2563    2367    2458    2228    2231    1913    1765    1495    1368
    1119    1032     886     776     611     588     526     564     501     519
     480     471     524     563     486     566     548     596     559     601
     568     644     702     767     859     955    1253    1587    2105    3169
    4046    5774    7380   10447   12702   16621   18993   23356   25351   29520
   29651   31885   31599   32005   28718   28805   23802   21861   17317   14985
   11374    9122    6578    5023    3458    2520    1899    1600    1448    1557
    1619    1970    2266    2775    3069    3889    4259    5207    5622    6708
    7616    8672    9186   10756   11484   12694   12912   14352   14022   14442
   13393   13592   12425   11635    9965    8949    7479    6312    4701    3753
    2818    2167    1550    1311     874     739     660     636     583     647
     668     840     906    1132    1143    1376    1507    1701    1715    1952
    1907    2102    2003    1994    1818    1799    1534    1478    1312    1187
    1044     855     752     674     588     558     451     484     437     466
     463     457     450     440     480     501     467     472     462     515
     448     501     504     513     520     562     625     782     858    1090
    1213    1665    1768    2200    2558    3025    3247    3710    4003    4461
    4240    4487    4340    4402    4079    4088    3555    3229    2792    2413
    2161    1810    1523    1438    1151    1097     954     949     882     817
     768     784     731     768     730     788     722     759     720     816
     841     898     878     947     902    1040    1051    1066    1203    1261
    1299    1252    1331    1325    1299    1423    1322    1303    1212    1195
    1057    1011     967     975     844     877     807     787     734     699
     738     804     702     776     716     731     691     792     792     811
     715     789     758     829     764     822     820     874     887     882
     843     850     883     955     835    1060     975     934     944    1033
    1031    1059     978    1052    1012    1112    1006    1064     977    1057
     915    1025     941     965     948     966     950     968     869    1036
     964    1044     938     995     985    1032    1030    1037     984    1044
     987    1011    1078    1142    1042    1197    1171    1274    1274    1446
    1438    1634    1611    1829    1898    1981    2040    2139    2200    2297
    2200    2387    2113    2221    2035    2024    1859    1864    1800    1696
    1701    1636    1509    1484    1483    1501    1373    1444    1446    1471
    1400    1472    1439    1530    1366    1631    1657    1733    1845    2004
    2358    2793    3261    4316    5225    6911    8568   11227   13850   17765
   20702   25320   30311   35586   38394   44425   48039   53194   52986   59931
   56071   57973   53253   53129   48867   46606   39715   37004   31013   27137
   21475   18504   15060   12112    9114    7732    5607    4709    3638    2969
    2584    2234    1906    1964    1851    1725    1627    1641    1706    1588
    1627    1609    1633    1720    1636    1688    1644    1722    1650    1713
    1627    1800    1748    1845    1821    1946    1820    2114    2129    2437
    2486    2782    2956    3421    3852    4259    4745    5464    5756    6510
    7116    7535    7735    8564    8610    8753    8408    8883    8227    8167
    7365    7360    6394    6146    5262    4778    4323    3847    3316    3012
    2706    2493    2188    2105    1912    1750    1673    1722    1641    1738
    1590    1665    1597    1676    1587    1585    1703    1734    1597    1736
    1597    1773    1650    1700    1684    1778    1646    1678    1716    1723
    1756    1752    1656    1727    1663    1633    1708    1667    1522    1679
    1696    1698    1639    1696    1652    1599    1610    1599    1693    1761
    1566    1658    1620    1659    1665    1758    1727    1678    1602    1672
    1656    1687    1679    1750    1583    1789    1627    1711    1755    1777
    1769    1829    1836    1998    1857    2097    2030    2042    2056    2240
    2211    2240    2150    2202    2166    2365    2270    2206    2203    2146
    2024    2114    1995    1931    1817    1864    1756    1736    1606    1658
    1564    1648    1548    1544    1562    1551    1448    1492    1580    1592
    1523    1552    1497    1509    1427    1511    1552    1516    1512    1601
    1628    1675    1611    1727    1743    2041    2037    2377    2466    2994
    2957    3648    3911    4536    4748    5262    6042    6393    6548    7379
    7555    7838    7871    8068    8239    8051    7289    7410    6928    6628
    5851    5674    5190    4761    4072    3725    3392    3021    2607    2489
    2144    2070    1885    1835    1693    1732    1606    1618    1525    1604
    1500    1524    1488    1535    1487    1572    1610    1481    1432    1560
    1494    1599    1437    1503    1528    1438    1423    1457    1528    1525
    1389    1496    1449    1447    1407    1497    1475    1509    1410    1434
    1448    1474    1411    1558    1528    1496    1377    1526    1432    1490
    1388    1463    1486    1468    1403    1434    1542    1448    1438    1590
    1474    1572    1497    1635    1659    1809    1786    1758    1838    1952
    1880    2045    2153    2139    2133    2262    2184    2225    2234    2210
    2373    2114    2036    2145    2022    2069    1832    1894    1777    1721
    1596    1648    1572    1514    1439    1449    1499    1499    1363    1406
    1436    1385    1381    1445    1440    1382    1331    1371    1315    1368
    1318    1308    1438    1456    1323    1425    1347    1375    1353    1359
    1386    1435    1391    1353    1375    1416    1372    1459    1390    1419
    1366    1344    1363    1424    1273    1346    1370    1357    1371    1354
    1351    1394    1350    1417    1379    1425    1294    1433    1325    1377
    1407    1388    1456    1347    1390    1465    1438    1407    1497    1525
    1497    1516    1506    1550    1491    1652    1541    1647    1638    1694
    1631    1660    1638    1758    1713    1711    1712    1703    1622    1664
    1644    1607    1617    1669    1554    1700    1456    1492    1525    1608
    1394    1378    1387    1464    1327    1416    1400    1472    1330    1454
    1436    1494    1388    1429    1367    1405    1387    1400    1415    1403
    1415    1406    1396    1398    1390    1314    1427    1429    1339    1392
    1339    1482    1328    1418    1357    1363    1293    1427    1330    1437
    1308    1435    1354    1471    1329    1406    1418    1440    1287    1398
    1427    1467    1399    1390    1405    1376    1298    1442    1395    1442
    1353    1391    1399    1407    1351    1445    1361    1367    1315    1366
    1287    1353    1305    1280    1380    1327    1238    1325    1357    1322
    1289    1380    1400    1377    1302    1304    1349    1385    1337    1331
    1375    1440    1302    1344    1339    1365    1418    1373    1366    1396
    1318    1471    1497    1447    1485    1502    1539    1673    1591    1662
    1841    1821    1842    1927    2029    2033    1940    1994    2094    2161
    1992    2065    2175    2138    1953    2069    1941    2007    1806    1887
    1830    1767    1687    1578    1583    1550    1424    1478    1424    1439
    1318    1429    1398    1353    1225    1220    1328    1315    1210    1308
    1248    1236    1202    1229    1227    1245    1188    1322    1291    1176
    1289    1238    1181    1197    1205    1239    1234    1262    1208    1194
    1305    1284    1232    1250    1287    1246    1289    1267    1277    1320
    1269    1318    1329    1347    1361    1327    1386    1386    1378    1413
    1407    1473    1380    1456    1485    1458    1370    1408    1390    1406
    1341    1274    1442    1373    1343    1306    1252    1256    1275    1260
    1321    1225    1205    1270    1267    1250    1196    1286    1183    1257
    1165    1191    1202    1239    1213    1242    1213    1168    1194    1127
    1124    1204    1119    1138    1223    1183    1107    1247    1158    1185
    1212    1155    1203    1214    1205    1208    1229    1303    1172    1265
    1296    1232    1255    1305    1319    1274    1322    1408    1386    1385
    1263    1363    1325    1484    1413    1351    1455    1401    1401    1377
    1432    1337    1289    1348    1366    1296    1243    1218    1275    1265
    1187    1151    1215    1189    1068    1155    1172    1148    1138    1197
    1149    1086    1107    1160    1110    1124    1098    1071    1130    1114
    1088    1107    1061    1130    1070    1094    1140    1120    1070    1169
    1107    1159    1123    1123    1110    1119    1047    1066    1095    1118
    1055    1123    1095    1156    1051    1145    1130    1120    1028    1146
    1095    1209    1127    1183    1162    1228    1174    1275    1281    1290
    1170    1241    1202    1267    1150    1225    1289    1321    1142    1255
    1181    1280    1126    1166    1168    1222    1105    1112    1143    1073
    1036    1041    1088    1137    1057    1053    1124    1094     964    1050
    1082    1032     984    1038    1018    1057     959    1080    1012    1121
    1035    1038    1055    1011     961    1032    1049    1062     957     985
    1035    1043     985     958    1022    1001    1014    1008     976    1028
    1053     953    1097    1088    1011    1040    1035    1090     970     961
    1025    1005     973    1053    1007    1042     997    1056    1051    1040
    1008    1027    1052    1003     988    1043    1098    1053    1045     976
    1045    1007    1023     922    1047    1042     973    1004     999    1017
     956     955     913    1006     917     959    1004     984    1027    1028
     948    1028     906     948     988     961     949     915    1018     965
     898     950     959     955     921     920    1007     930     903     903
     904     942     899     959     920    1004     918     976     910     950
     911     938     917    1007     898     977    1014     928     980    1013
     974    1038     990    1073    1002    1045    1025    1057    1081    1083
     979    1098    1083    1076    1017    1095    1021    1118    1037    1032
    1059    1043     997    1079    1049    1043     980     983     988     966
     959     966     932     983     904     983    1025     906     906     994
     925     948     896     926     941     922     891     932     865     906
     896     898     939     900     894     881     816     881     821     936
     891     877     859     865     864     856     950     899     837     878
     874     912     918     920     826     808     911     927     841     916
     862     928     868     855     825     853     843     899     899     921
     797     887     878     899     882     836     913     849     863     893
     867     897     820     916     870     887     826     861     852     900
     812     871     875     873     841     865     770     843     819     868
     836     916     792     840     868     837     853     853     903     882
     797     868     833     882     820     833     870     878     834     824
     859     886     881     801     937     879     853     882     870     833
     842     820     874     882     798     822     835     880     796     825
     858     840     865     808     845     831     879     812     862     860
     773     841     819     801     806     923     814     939     845     804
     839     850     822     908     883     904     835     834     830     872
     805     791     869     844     832     868     922     849     854     851
     930     887     819     882     878     930     922     870     925     912
     827     926     867     932     844     886     917     917     810     864
     907     902     873     901     874     925     854     806     910     902
     897     881    1040     936     918     899     858     923     845     925
     957     964     831     919     901     965     936     956     961    1018
     900     941     934     911     953     957     954     982     884    1005
     931    1023     939     979    1055    1043     994    1012     997    1114
     961     990    1068    1060     979    1091    1120    1080    1003    1078
    1057    1214    1105    1143    1146    1161    1101    1139    1169    1235
    1209    1184    1265    1314    1279    1295    1366    1381    1366    1451
    1416    1475    1481    1511    1568    1608    1540    1668    1806    1794
    1751    1926    1932    2019    1954    2103    2100    2280    2252    2316
    2468    2594    2529    2603    2782    2847    2805    2849    3366    3351
    3123    3348    3449    3772    3636    3791    3940    4193    4033    4218
    4386    4495    4520    4577    4862    4688    4645    4903    5045    5114
    5042    5067    5436    5469    5113    5196    5369    5397    5388    5188
    5871    5551    5237    5400    5387    5361    5229    5067    5195    5228
    4841    4914    4861    4893    4445    4804    4633    4474    4227    4290
    4040    3970    3762    3799    3782    3512    3372    3274    3334    3180
    2914    2872    3024    2758    2524    2528    2496    2466    2232    2176
    2181    2126    1877    1923    1822    1805    1711    1634    1645    1615
    1524    1439    1500    1432    1472    1371    1357    1472    1318    1380
    1295    1387    1347    1321    1528    1407    1363    1495    1644    1663
    1582    1748    1816    1883    1924    2008    2108    2295    2190    2373
    2413    2543    2524    2614    2824    2708    2669    2793    3029    2977
    2749    2748    2872    2881    2629    2623    2832    2650    2512    2421
    2426    2319    2049    1950    1969    1907    1710    1610    1557    1488
    1301    1311    1209    1204    1044     984    1009    1026     817     863
     884     819     731     748     815     783     767  408150
