$Informacoes da Fluorescencia de Raios-X:
"Sample    : GHA-562",                                                                    
"Operator  : luisf",                                                                      
"Comment  : ",                                                                            
"Group     : thiago_acra2010ma",                                                          
"Date       : 2010-06-17 15:04:18",                                                       
"",                                                                                       
"Mesurement Condition",                                                                   
"------------------------------------------------------------------------------------",   
"Instrument : 700HS2   Atmosphere : Vac.   Collimator : 10(mm)   Spin : No",              
"------------------------------------------------------------------------------------",   
"Analyte               TG kV   uA      FI Acq.(keV)  Anal.(keV)  Time(sec)     DT(%)",    
"------------------------------------------------------------------------------------",   
"Na                    Rh 50  296-Auto Al  0 - 20    0.8 - 1.2   Live -  959   19",       
"Channel_info_start",                                                                     
"Channel : Na",                                                                           
"Points : 2048
"Range : 0.000000 - 20.480000",                                                           
"Step : 0.010000",                                                                        
"Channel_info_end",                                                                       
$DATA:
       0    2047
       0       0       0       0       0       0       0       0       0    2048
       0       0       0       0       0       0       0       0       0       0
       0       0       0       0       0       0       0       0       0       0
       0       0       0       0       0       0       0       3       3       1
      77     164     174     178     168     157     162     159     168     172
     139     168     171     168     140     160     148     178     172     181
     166     195     228     187     219     234     218     215     182     206
     165     187     171     197     163     171     165     160     166     175
     191     172     174     166     194     186     159     167     164     177
     169     199     176     221     228     247     256     282     266     265
     237     240     196     210     163     185     182     162     158     172
     195     187     175     220     195     196     191     201     213     197
     190     191     147     187     167     186     164     215     209     249
     250     286     285     343     368     347     361     404     341     352
     313     334     264     296     243     335     323     393     440     630
     867    1242    1632    2406    2700    3735    3989    4562    4763    4959
    4698    4599    4102    3482    2859    2388    1835    1546    1298    1205
    1016    1086    1146    1590    2291    3657    4836    7492    9906   13532
   16355   19742   22149   23889   23365   24360   21713   19692   15594   13232
    9919    7793    5419    4071    2762    2145    1540    1232    1063     856
     805     762     635     663     690     666     678     691     689     700
     618     554     552     611     506     446     429     450     365     347
     335     354     313     356     308     313     313     390     404     446
     553     630     747     938    1234    1632    1788    2327    2590    2896
    2863    3000    2816    2771    2500    2259    1961    1570    1273    1094
     844     745     601     578     611     608     569     606     647     728
     802     996    1241    1638    1992    3050    3397    4578    5209    6272
    6823    7444    7362    7906    7285    6863    5802    5217    4082    3311
    2543    2032    1504    1208    1033     872     920     956     989    1079
     974    1107    1002    1035    1061     985     895     857     704     664
     586     561     464     472     450     469     454     459     429     520
     440     462     459     553     473     498     529     555     544     575
     565     665     666     681     743     900    1067    1319    1632    2571
    3443    4704    6514    8913   11819   15314   18169   23196   25224   29492
   30287   32308   32289   31907   28309   27093   21917   19268   14922   12115
    9029    6860    4855    3479    2369    1793    1362    1256    1238    1357
    1548    1951    2256    2838    3458    4165    4893    6078    7151    8884
   10458   13048   14541   17946   20689   23755   24934   28463   28257   29691
   28192   27362   25250   22828   19254   16661   13264   10752    7648    5874
    4159    2902    1919    1470    1014     811     646     624     646     767
     774    1032    1271    1574    1778    2158    2526    2949    3021    3569
    3484    3784    3652    3578    3378    3254    2838    2443    2111    1665
    1301    1106     897     672     543     442     368     301     279     257
     282     256     267     294     276     273     267     289     321     312
     308     329     347     444     430     570     700     929    1145    1555
    1993    2671    3281    4222    5149    6216    6955    8253    9062    9588
    9534    9974    9969    9468    8455    7877    6679    6080    4918    4258
    3516    2864    2270    1925    1629    1346    1191    1081    1025     899
     817     727     724     675     654     565     672     638     674     740
     828     910     941    1102    1135    1263    1348    1475    1612    1729
    1906    1922    1962    1990    1940    1969    1782    1859    1528    1453
    1303    1224     992     887     821     744     702     634     671     619
     596     614     547     591     624     610     601     629     633     630
     647     718     664     702     724     710     652     727     734     762
     706     756     713     790     737     868     818     902     891     863
     878     922     894     951     866     922     753     829     776     768
     773     774     704     758     695     648     718     702     645     728
     689     664     683     718     709     715     653     728     694     777
     746     801     792     800     836     942    1021    1194    1299    1484
    1572    1900    1936    2351    2467    2729    2869    3168    3136    3210
    3167    3268    2945    2828    2618    2537    2346    2162    1845    1739
    1618    1489    1340    1287    1120    1144    1123    1144    1104    1256
    1135    1186    1207    1327    1282    1437    1499    1743    1860    2366
    2882    3823    4910    6913    9269   13012   16555   22569   29244   38205
   45751   57387   69222   82833   90449  103804  115302  125439  126878  140819
  132921  133801  123371  119393  108531  100035   85053   75869   62340   53148
   40449   33279   26203   19682   14422   11397    7888    5882    4153    3330
    2362    1960    1560    1366    1183    1146    1085    1075    1042    1043
    1019    1042    1095    1025    1070    1067    1133    1106    1177    1199
    1128    1237    1256    1334    1502    1501    1676    1900    2126    2613
    2912    3525    4223    5176    5834    7140    8452    9965   10993   12602
   13971   15290   16006   17347   17931   18070   17431   17462   16635   15743
   14069   13271   11639   10109    8501    7079    6134    5124    4055    3510
    2703    2328    1879    1581    1444    1210    1054    1013     952     950
     816     873     855     904     822     816     877     915     859     962
     919     958     974     945    1004    1004     939    1052    1044     987
     984    1035     970    1011     918     896     956     900     850     883
     875     830     874     827     850     873     875     833     932     920
     830     876     904     906     859     945     895     936     882     910
     893     979     896     975     974     973     932     952     964     994
    1011     994    1067    1115    1082    1159    1160    1207    1216    1257
    1329    1335    1245    1320    1290    1386    1255    1338    1237    1217
    1166    1140    1172    1111    1049    1015     961     916     914     863
     965     886     934     910     865     919     840     808     870     847
     819     875     876     879     782     866     858     876     798     830
     850     911     822     913     971    1067    1091    1303    1329    1481
    1723    1794    2129    2360    2481    2887    3134    3454    3537    3735
    4090    4082    4115    3991    4291    3843    3757    3549    3360    3244
    2869    2624    2599    2257    1922    1725    1577    1429    1278    1183
    1089    1090     974     958     906     906     893     866     950     886
     824     835     884     860     837     876     883     864     856     846
     842     827     856     804     853     859     802     863     886     891
     874     863     896     869     826     884     894     876     855     906
     914    1015     878     873     868     885     900     832     949     900
     819     868     789     849     830     881     887     859     822     865
     906     943     895     980     961     986     966    1011    1072    1086
    1123    1106    1314    1205    1160    1297    1291    1261    1208    1183
    1241    1277    1167    1124    1125    1060    1059    1004    1060     974
     908     908     943     925     830     850     875     872     817     827
     839     831     789     829     819     789     812     783     833     791
     780     756     820     784     787     764     803     765     787     738
     867     780     772     832     776     774     748     835     840     824
     800     780     790     836     804     777     860     781     793     811
     848     793     787     761     872     817     819     786     824     816
     802     763     804     794     794     811     885     885     811     909
     903     939     942     941     968     951     928     976    1028    1140
    1011    1080    1114    1134    1048    1142    1063    1082    1023    1090
    1053    1049     987     999     916     891     888     869     851     937
     829     845     854     846     759     745     785     849     849     836
     798     894     726     800     793     829     752     839     804     776
     768     774     799     799     782     785     828     735     765     734
     741     762     767     786     765     741     748     795     766     812
     743     770     720     817     736     759     794     798     803     737
     795     743     757     753     784     777     737     780     745     789
     720     698     747     795     763     763     738     762     670     730
     675     766     719     675     796     683     693     709     701     715
     712     753     768     773     729     745     721     786     720     737
     731     789     712     720     733     710     725     680     727     781
     733     781     809     878     758     851     904     925     919    1035
    1048    1114    1060    1176    1229    1265    1197    1263    1317    1353
    1305    1299    1349    1428    1269    1228    1234    1190    1112    1100
    1091    1020     974     937     909     798     804     783     882     758
     683     720     720     748     682     691     719     721     694     693
     684     643     667     707     718     691     670     674     666     684
     679     729     676     698     671     740     716     709     661     684
     665     685     693     692     691     712     717     720     729     791
     762     787     781     832     809     877     796     802     857     841
     891     808     830     839     900     839     819     863     882     875
     808     842     847     819     831     848     799     835     854     868
     885     772     811     767     808     778     735     836     702     730
     731     743     752     675     667     688     656     658     628     662
     643     718     611     691     679     745     581     685     674     646
     692     687     690     652     636     728     693     774     729     697
     724     771     757     848     827     785     828     869     855     891
     888     936     911     908     920     938     948     930     848     858
     895     964     826     895     888     881     787     802     809     763
     663     752     655     693     689     657     633     687     625     665
     610     654     651     564     582     633     536     597     580     591
     562     559     577     601     611     533     588     596     599     595
     553     571     597     553     571     584     600     582     615     589
     643     554     646     661     597     604     623     682     719     710
     715     783     712     804     840     808     845     772     855     884
     846     874     891     853     867     869     886     866     837     830
     893     786     787     882     726     777     715     687     684     708
     690     689     649     619     590     577     592     580     532     559
     572     546     542     526     523     552     508     555     629     550
     575     513     562     560     544     504     540     537     553     550
     580     528     572     534     609     621     526     525     573     547
     529     542     610     580     599     578     579     560     589     632
     606     574     570     556     626     662     589     614     586     630
     627     589     583     628     592     624     630     630     591     564
     618     600     587     575     604     634     543     581     597     578
     571     568     538     500     524     560     564     546     531     501
     478     533     559     492     542     520     545     490     544     517
     517     545     514     528     495     495     588     513     469     470
     517     471     459     503     513     561     516     500     549     520
     495     509     496     535     505     592     538     624     565     581
     621     623     645     639     688     733     643     711     744     712
     719     757     764     767     719     737     768     803     719     707
     774     746     651     678     649     678     633     626     616     617
     606     545     597     556     497     518     584     544     489     499
     505     491     508     477     526     515     473     445     552     517
     463     524     479     508     494     526     471     492     471     495
     448     449     482     459     450     479     444     485     471     479
     472     496     483     491     460     494     498     478     470     501
     509     458     483     453     429     469     504     545     485     501
     458     466     471     494     490     434     500     513     525     497
     534     529     482     504     519     499     470     481     470     469
     469     488     513     459     425     478     460     436     458     461
     423     524     451     457     461     461     446     482     478     471
     445     436     467     463     434     430     417     463     444     461
     426     437     432     453     469     448     427     455     460     443
     430     432     469     425     432     444     445     482     432     426
     444     455     406     407     471     412     443     452     458     477
     444     481     466     472     450     451     460     457     455     478
     424     441     444     463     470     462     485     453     482     451
     475     468     446     505     444     451     467     525     440     446
     527     431     538     522     453     490     476     479     454     498
     503     437     526     473     463     481     509     499     498     478
     481     464     431     448     503     475     461     441     499     529
     475     463     482     480     448     478     448     483     422     473
     486     488     445     455     453     469     470     496     514     490
     506     503     497     519     490     555     536     528     477     550
     515     499     532     514     553     581     553     562     540     578
     542     553     550     554     509     534     598     544     561     559
     634     570     540     566     609     573     616     605     627     663
     600     645     689     647     692     694     762     753     683     722
     756     756     721     783     827     881     851     865     887     999
     902     930    1062    1043    1008    1043    1127    1148    1137    1246
    1320    1284    1306    1367    1499    1462    1445    1492    1676    1684
    1695    1791    1849    1937    1886    1952    2062    2185    2139    2206
    2309    2397    2300    2333    2522    2518    2389    2592    2601    2609
    2537    2563    2749    2763    2694    2648    2724    2794    2653    2634
    3068    2873    2731    2693    2677    2731    2531    2590    2616    2496
    2353    2394    2540    2502    2309    2315    2252    2209    1975    2097
    2010    1974    1795    1839    1880    1836    1614    1583    1596    1565
    1446    1360    1467    1340    1326    1250    1208    1158    1096     962
    1054    1015     950     900     961     853     893     817     813     831
     744     710     741     743     672     687     687     687     746     725
     720     745     752     735     846     851     795     846     938     931
     998    1003    1116    1114    1117    1216    1264    1318    1298    1401
    1485    1535    1440    1614    1611    1637    1602    1603    1754    1702
    1548    1601    1701    1621    1549    1411    1529    1371    1271    1311
    1301    1312    1145    1051     998     895     878     799     761     739
     671     607     639     591     495     500     513     499     436     409
     459     404     414     375     420     420     412  208594
