$Informacoes da Fluorescencia de Raios-X:
"Sample    : GHA-507",                                                                    
"Operator  : luisf",                                                                      
"Comment  : ",                                                                            
"Group     : thiago_acra2010ma",                                                          
"Date       : 2010-06-16 20:11:21",                                                       
"",                                                                                       
"Mesurement Condition",                                                                   
"------------------------------------------------------------------------------------",   
"Instrument : 700HS2   Atmosphere : Vac.   Collimator : 10(mm)   Spin : No",              
"------------------------------------------------------------------------------------",   
"Analyte               TG kV   uA      FI Acq.(keV)  Anal.(keV)  Time(sec)     DT(%)",    
"------------------------------------------------------------------------------------",   
"Na                    Rh 50  334-Auto Al  0 - 20    0.8 - 1.2   Live -  959   18",       
"Channel_info_start",                                                                     
"Channel : Na",                                                                           
"Points : 2048
"Range : 0.000000 - 20.480000",                                                           
"Step : 0.010000",                                                                        
"Channel_info_end",                                                                       
$DATA:
       0    2047
       0       0       0       0       0       0       0       0       0    2048
       0       0       0       0       0       0       0       0       0       0
       0       0       0       0       0       0       0       0       0       0
       0       0       0       0       0       0       0       1       0       4
      55     144     153     149     135     153     134     140     138     146
     130     153     130     161     156     144     151     145     162     142
     168     148     157     172     165     176     185     167     174     171
     151     171     147     161     161     202     145     184     156     203
     125     144     133     192     157     149     143     155     140     153
     139     137     137     123     164     191     166     180     192     176
     148     166     166     148     166     155     132     153     124     155
     155     164     180     159     163     164     162     168     174     161
     155     164     125     152     195     142     167     200     198     205
     235     287     291     346     376     440     406     457     329     343
     307     297     265     282     299     283     284     379     439     569
     797    1121    1526    2240    2611    3389    3653    4326    4481    4710
    4254    4170    3617    3141    2495    2039    1690    1376    1056     999
     899    1018    1093    1620    2259    3516    4995    7636   10316   14108
   16797   20239   23224   25259   24622   25478   22477   21013   16645   13879
   10696    8326    5717    4344    3015    2289    1639    1345    1115     957
     813     828     721     783     745     723     726     824     685     708
     575     579     514     476     420     403     323     332     292     280
     233     263     204     230     251     234     214     253     266     274
     342     368     437     558     684     801     927    1094    1175    1390
    1441    1455    1406    1386    1175    1073     885     833     626     549
     458     440     333     350     335     336     321     331     369     372
     434     551     669     811    1031    1435    1696    2233    2500    2927
    3263    3617    3613    3855    3532    3309    2872    2475    2083    1697
    1305    1114     806     698     547     561     561     629     591     553
     604     686     639     591     647     559     510     511     437     456
     381     394     356     366     351     357     339     338     320     359
     390     381     353     384     399     389     394     419     440     472
     457     471     486     535     575     670     776     918    1122    1634
    1993    2892    3579    5178    6486    8688    9981   12833   14196   16548
   17092   18172   17988   17789   16072   15511   12615   11272    8650    6903
    5420    4095    2712    2044    1609    1288    1010     960     939    1044
    1125    1421    1725    2164    2600    3275    4223    5566    7179    9559
   11910   15635   18437   23207   27813   33086   35073   40432   40906   43322
   41264   40566   37451   34424   28642   24348   20130   15841   11722    8866
    6288    4344    2868    2160    1392    1020     831     758     734     950
    1048    1387    1616    2129    2465    2896    3522    4209    4480    5207
    5205    5580    5440    5240    4976    4487    4017    3520    2970    2473
    1936    1541    1181     910     667     588     430     345     268     300
     280     260     260     252     249     238     246     268     265     246
     270     294     320     397     401     500     672     860    1005    1465
    1952    2481    3082    3968    4854    5891    6719    7938    8518    9160
    9057    9598    9218    9031    8248    7679    6675    5913    4725    4001
    3326    2852    2213    1916    1537    1315    1109    1043     934     899
     786     788     690     624     626     659     649     632     619     691
     723     898     883    1039    1146    1233    1266    1456    1532    1594
    1688    1781    1886    1912    1821    1893    1741    1735    1474    1380
    1244    1147     964     870     774     748     665     642     593     565
     496     634     520     617     526     562     583     639     613     638
     634     672     628     671     672     651     634     691     668     662
     694     730     706     744     741     772     803     775     821     847
     816     873     737     843     847     833     767     776     744     700
     676     686     662     667     627     669     714     662     647     697
     647     696     571     661     642     649     681     668     658     721
     739     769     744     783     799     891     948    1169    1193    1396
    1674    1894    1981    2413    2579    2792    2858    3114    3358    3355
    3196    3395    3076    3124    2892    2740    2429    2313    1901    1802
    1673    1423    1386    1182    1160    1208    1011    1080    1126    1199
    1050    1123    1242    1216    1272    1339    1439    1602    1874    2266
    2869    3810    4782    6774    9003   12650   16094   22052   28610   37030
   44379   55786   67751   80383   89238  102705  113814  124407  125928  138690
  132079  133828  123260  120012  109429  100272   85081   76700   62886   53857
   41889   34094   26424   20549   15115   11496    7975    6003    4171    3336
    2430    1956    1450    1370    1189    1115    1014     983    1006     934
    1007    1036    1025    1046     998    1036    1045    1047     978    1068
    1087    1185    1192    1296    1418    1463    1557    1860    2071    2460
    2668    3321    4094    5032    5659    6894    8081    9657   10809   12278
   13601   15191   15722   16917   17691   18170   17116   17081   16474   15888
   13965   13113   11658   10177    8465    7331    6237    5119    3971    3494
    2718    2397    1725    1518    1345    1185     992     904     905     836
     811     768     784     766     760     828     804     806     838     866
     841     947     894     892     889     939     849     905     919     902
     927     875     889     951     866     815     820     925     840     817
     827     804     785     808     785     786     772     769     850     785
     760     846     893     859     789     865     806     799     820     812
     836     881     820     842     824     854     828     907     836     908
     878     949     914     949     944    1034     995    1044    1039    1121
    1108    1195    1101    1145    1259    1152    1142    1150    1048    1098
    1017    1043    1010    1005     915     882     896     894     852     852
     823     849     737     820     803     784     784     737     805     737
     738     720     694     785     717     768     688     744     750     778
     743     796     700     756     811     792     802     882     838     952
     923    1019    1033    1151    1166    1274    1374    1367    1513    1497
    1622    1576    1531    1600    1706    1591    1525    1439    1448    1416
    1264    1256    1179    1107    1079    1008     841     948     881     880
     810     850     783     788     769     797     731     760     776     767
     758     701     812     786     786     770     767     757     781     748
     739     765     710     733     718     735     736     717     747     731
     787     798     711     744     745     796     763     811     764     778
     805     815     755     766     774     794     772     740     796     782
     747     762     743     760     734     778     724     794     662     739
     799     775     708     756     762     776     711     863     772     773
     754     808     813     804     837     863     805     804     792     837
     838     788     773     788     836     861     750     797     798     810
     765     720     775     709     768     718     747     773     704     675
     735     745     763     687     763     696     685     738     696     708
     746     724     772     776     717     730     675     694     713     737
     691     769     744     810     758     759     729     775     726     759
     758     774     760     799     738     767     793     772     725     733
     725     757     753     756     772     709     718     701     726     708
     680     749     675     713     710     731     711     723     733     821
     744     670     715     796     709     748     758     743     781     828
     816     804     769     760     740     789     782     814     785     796
     738     760     750     791     762     802     739     743     753     745
     718     730     728     741     686     767     717     734     763     734
     733     758     691     675     698     705     679     777     737     694
     673     737     682     758     721     696     704     708     684     697
     666     673     717     723     640     737     687     714     692     681
     588     655     721     643     675     612     633     677     655     633
     692     659     675     668     704     663     615     665     624     650
     671     666     655     613     652     678     651     657     600     651
     630     652     608     647     628     637     640     626     629     623
     571     659     630     679     594     647     573     617     615     638
     597     658     659     641     628     658     620     595     585     646
     641     634     670     646     612     637     765     686     688     658
     750     714     680     726     697     688     672     704     745     743
     744     807     764     727     747     770     720     699     607     697
     740     646     648     697     677     607     677     628     614     633
     583     607     570     617     585     591     690     576     575     555
     637     564     533     593     593     641     571     573     620     591
     637     611     600     631     603     603     605     590     547     627
     595     628     556     617     601     593     592     584     631     620
     602     610     559     648     644     627     675     633     612     621
     665     624     673     644     666     624     649     643     671     680
     630     689     740     706     670     680     719     709     657     737
     748     723     658     663     658     691     663     656     651     719
     656     615     618     630     643     623     641     549     579     597
     564     579     584     513     568     549     543     573     568     568
     503     555     604     593     552     550     573     613     641     637
     627     569     605     629     663     642     647     665     680     686
     660     710     789     733     707     808     781     723     721     725
     762     737     734     670     706     729     656     655     675     707
     661     594     628     643     592     536     555     565     547     592
     555     562     517     543     506     555     546     531     529     476
     512     502     532     523     522     530     514     549     522     535
     524     504     484     544     476     534     537     483     569     566
     531     522     569     632     542     617     619     661     644     699
     691     763     718     791     818     825     828     885     999     964
     924     924     936     950     943     947     923     956     891     864
     912     884     795     808     770     741     701     667     702     671
     607     626     594     607     534     533     531     516     515     498
     513     565     497     474     513     552     503     535     506     465
     478     473     476     523     435     456     473     502     510     472
     471     486     462     507     482     468     427     506     506     462
     454     474     523     462     447     496     482     507     484     524
     485     529     485     503     565     507     484     524     546     550
     539     531     585     533     537     502     547     521     494     515
     505     506     500     476     572     497     501     472     511     477
     478     416     475     445     477     444     474     458     439     463
     459     479     444     437     438     458     423     506     475     440
     435     464     471     419     440     401     476     467     395     456
     428     462     457     484     426     449     427     440     464     511
     482     458     518     466     531     511     477     514     554     593
     565     647     587     658     595     652     698     656     726     767
     738     679     743     733     773     766     764     759     715     718
     772     727     735     649     705     649     619     610     624     629
     568     555     562     578     481     517     496     535     468     476
     445     440     449     438     424     487     501     426     424     425
     434     427     413     449     436     436     414     452     420     372
     439     417     415     394     420     416     407     444     426     403
     399     416     452     411     374     443     423     433     410     391
     421     455     420     410     410     464     423     462     432     462
     410     415     459     457     427     438     476     432     405     475
     514     407     424     443     493     477     428     423     496     485
     420     443     418     421     400     404     399     390     370     381
     356     436     398     395     409     419     415     408     386     378
     396     400     406     401     387     375     398     379     370     386
     420     377     366     405     381     413     343     357     377     381
     418     335     428     404     382     406     404     382     353     406
     408     405     361     366     394     384     369     379     400     403
     410     384     407     386     397     396     438     432     359     405
     403     414     374     389     385     367     391     406     388     424
     388     347     432     463     432     434     429     424     401     392
     437     430     437     428     429     466     423     421     427     436
     453     429     438     408     415     399     469     437     407     434
     401     427     408     409     418     413     397     439     400     478
     435     382     467     388     384     432     405     414     409     466
     436     394     375     404     419     477     406     455     425     452
     416     445     414     458     401     486     476     472     433     421
     469     445     426     472     454     436     473     449     492     504
     495     482     469     484     477     500     521     512     473     508
     516     540     491     508     522     549     559     521     560     559
     497     537     615     573     546     618     659     652     629     589
     676     650     694     686     750     743     745     782     765     745
     820     855     871     861     902     913     958     985     928     966
    1086    1055    1154    1177    1241    1317    1308    1311    1403    1451
    1480    1544    1617    1659    1596    1726    1736    1744    1832    1867
    1867    1994    1911    2056    2143    2112    2027    2113    2294    2209
    2245    2280    2340    2368    2260    2294    2388    2336    2309    2256
    2601    2408    2384    2320    2376    2296    2179    2194    2275    2343
    2053    1999    2092    2073    2032    1965    1875    1960    1862    1816
    1705    1712    1516    1588    1561    1563    1533    1414    1413    1346
    1261    1221    1317    1205    1123    1099    1070    1015     946     992
     964     923     859     805     857     835     748     753     737     770
     695     708     670     655     611     622     617     642     598     682
     611     640     636     661     759     724     741     743     841     867
     855     871     966    1039    1046    1136    1215    1231    1194    1322
    1399    1419    1418    1399    1485    1571    1448    1482    1607    1564
    1402    1475    1499    1504    1422    1260    1438    1317    1185    1182
    1164    1053     969     914     909     892     753     770     741     641
     550     591     569     510     463     440     425     417     391     388
     429     390     379     345     358     357     356  183191
