$Informacoes da Fluorescencia de Raios-X:
"Sample    : GHA-528",                                                                    
"Operator  : luisf",                                                                      
"Comment  : ",                                                                            
"Group     : thiago_acra2010ma",                                                          
"Date       : 2010-06-17 05:41:11",                                                       
"",                                                                                       
"Mesurement Condition",                                                                   
"------------------------------------------------------------------------------------",   
"Instrument : 700HS2   Atmosphere : Vac.   Collimator : 10(mm)   Spin : No",              
"------------------------------------------------------------------------------------",   
"Analyte               TG kV   uA      FI Acq.(keV)  Anal.(keV)  Time(sec)     DT(%)",    
"------------------------------------------------------------------------------------",   
"Na                    Rh 50  575-Auto Al  0 - 20    0.8 - 1.2   Live -  959   20",       
"Channel_info_start",                                                                     
"Channel : Na",                                                                           
"Points : 2048
"Range : 0.000000 - 20.480000",                                                           
"Step : 0.010000",                                                                        
"Channel_info_end",                                                                       
$DATA:
       0    2047
       0       0       0       0       0       0       0       0       0    2048
       0       0       0       0       0       0       0       0       0       0
       0       0       0       0       0       0       0       0       0       0
       0       0       0       0       0       0       0       2       0       8
      80     206     188     218     219     204     209     198     198     192
     211     211     166     226     218     228     214     249     201     245
     256     272     291     305     312     307     309     315     286     312
     314     275     263     254     226     263     236     239     272     255
     228     261     249     233     221     227     221     230     189     236
     245     253     230     271     274     301     294     315     299     330
     295     264     240     228     202     228     246     210     231     228
     265     236     238     248     251     286     261     274     237     264
     268     226     231     237     229     227     271     255     315     299
     329     398     407     461     492     502     473     527     510     439
     380     411     320     354     325     370     396     449     566     765
     981    1499    1814    2681    2993    3786    4137    4863    4860    5288
    4956    4773    4232    3890    3072    2806    2209    1943    1464    1339
    1218    1316    1426    2002    2787    4195    5658    8294   11019   14779
   16661   20969   22956   25251   24386   25921   22767   21605   17497   15012
   11498    9213    6471    4965    3515    2579    1964    1502    1238    1075
     880     865     773     802     712     768     762     779     682     705
     685     718     633     581     537     558     492     509     476     439
     438     462     443     440     401     449     488     567     573     683
     893    1148    1345    1958    2417    2918    3714    4538    4860    5516
    5579    6105    5883    5790    4872    4483    3695    3281    2577    2169
    1636    1356    1096    1043     903     978     901     885     888     882
     920    1062    1276    1652    1899    2729    2954    3921    4282    5345
    5592    6504    6306    6660    6188    5989    5101    4783    3827    3191
    2456    2107    1448    1354    1007     977     950     972     856    1032
     987    1060    1048    1038     992     983     881     914     761     735
     609     654     558     577     517     563     524     522     493     577
     502     520     511     547     544     536     547     606     620     625
     628     665     690     775     829     933    1185    1483    1960    2752
    3579    5080    6825    9830   12117   16227   19191   24066   27130   31238
   31487   34812   34416   34590   30933   30461   24684   22452   17761   15088
   11041    8745    6022    4488    3042    2315    1685    1429    1448    1573
    1607    1994    2320    2990    3438    4382    5182    6179    7137    8806
   10368   12661   14251   17288   19632   22818   23719   26965   27113   28484
   26740   26671   24707   23211   19399   17191   13927   11402    8280    6587
    4680    3618    2311    1829    1177     908     729     703     674     762
     844    1006    1234    1501    1696    2127    2313    2788    3050    3557
    3365    3701    3576    3620    3307    3212    2706    2594    2111    1868
    1461    1218     951     821     644     585     480     412     355     403
     345     342     355     367     332     344     320     391     360     403
     395     424     432     459     518     606     637     892    1106    1401
    1750    2301    2708    3427    4150    4924    5616    6488    7076    7707
    7537    8170    7617    7695    6972    6745    5757    5215    4315    3759
    3174    2698    2179    1966    1510    1377    1203    1111     952     903
     839     880     806     820     784     754     767     802     815     932
     912    1020    1056    1180    1192    1338    1285    1518    1564    1676
    1666    1710    1726    1870    1779    1833    1685    1641    1498    1394
    1265    1233    1074     998     910     847     770     769     732     703
     713     745     687     734     677     734     730     803     751     780
     750     789     838     800     741     771     806     849     793     819
     736     879     865     964     886     918     938    1026     944     982
    1045     996    1052    1092     999    1022     929     985     926     909
     903     945     920     872     835     889     864     885     885     844
     871     953     793     965     882     879     851     919     891     977
     880     964     964    1029    1013    1179    1204    1218    1244    1553
    1546    1756    1850    2102    2411    2521    2497    2832    2833    3110
    2944    3047    2870    2906    2593    2639    2398    2256    1947    2010
    1762    1629    1510    1477    1375    1359    1378    1353    1320    1359
    1374    1382    1429    1472    1428    1548    1618    1731    2010    2309
    2585    3365    4243    5832    7376   10425   12995   17771   22555   29947
   35439   45078   53486   65070   71042   83292   90596  101137  102198  116202
  108926  113428  104229  103618   93194   89174   75531   69210   58025   50330
   39273   32965   25316   20533   15022   12201    8526    6655    4816    3848
    2977    2507    1967    1739    1520    1524    1474    1401    1289    1458
    1343    1313    1377    1405    1331    1386    1457    1464    1374    1498
    1471    1539    1465    1629    1711    1828    1880    2173    2283    2531
    2778    3332    3768    4513    5138    6149    7298    8289    8972   10350
   11457   12673   13033   14358   15146   15448   14964   15166   14417   14096
   12625   12461   10925    9944    8316    7482    6222    5453    4458    4070
    3135    2743    2253    2036    1730    1676    1407    1373    1341    1357
    1298    1291    1251    1271    1218    1264    1283    1291    1307    1343
    1212    1314    1330    1387    1305    1391    1402    1338    1352    1448
    1370    1383    1433    1391    1326    1350    1306    1369    1219    1273
    1297    1322    1216    1239    1218    1321    1280    1245    1311    1325
    1197    1277    1264    1285    1200    1366    1343    1395    1285    1313
    1292    1382    1228    1380    1304    1394    1406    1388    1348    1461
    1351    1450    1405    1620    1489    1571    1563    1812    1801    1829
    1873    1916    1848    2059    1987    1991    1901    2011    1838    1891
    1695    1698    1630    1596    1550    1541    1461    1475    1301    1343
    1335    1370    1223    1308    1348    1294    1140    1268    1192    1230
    1165    1290    1193    1230    1157    1151    1184    1166    1221    1175
    1172    1250    1132    1230    1371    1371    1396    1579    1604    1794
    1860    2086    2298    2544    2602    2964    3216    3459    3589    3858
    4052    4253    4045    4369    4494    4365    4163    4136    3833    3763
    3363    3200    2967    2679    2318    2269    2067    1879    1702    1618
    1476    1495    1336    1374    1242    1282    1225    1252    1238    1238
    1140    1219    1140    1232    1174    1224    1251    1234    1123    1252
    1153    1128    1122    1245    1206    1212    1092    1145    1220    1207
    1069    1201    1183    1148    1085    1177    1219    1181    1200    1225
    1188    1200    1206    1168    1238    1225    1137    1201    1215    1192
    1229    1167    1094    1199    1117    1150    1106    1144    1193    1166
    1166    1237    1098    1265    1263    1265    1230    1276    1307    1377
    1379    1413    1449    1517    1404    1516    1550    1527    1517    1532
    1588    1436    1413    1456    1361    1412    1313    1335    1292    1286
    1185    1290    1217    1232    1174    1157    1112    1214    1112    1097
    1083    1138    1114    1095    1084    1073    1075    1045    1024    1074
    1095    1082    1120    1131    1074    1051    1041    1113    1084    1051
    1086    1106    1034    1061    1148    1117    1077    1137    1138    1102
    1114    1141    1127    1140    1077    1121    1129    1093    1066    1086
    1096    1175    1085    1088    1124    1069    1045    1172    1148    1139
    1122    1137    1104    1156    1159    1162    1154    1185    1130    1256
    1272    1439    1316    1432    1439    1403    1414    1473    1472    1587
    1578    1669    1601    1698    1638    1698    1607    1715    1574    1670
    1587    1629    1466    1500    1475    1438    1417    1307    1339    1203
    1238    1235    1118    1171    1121    1153    1122    1184    1136    1070
    1096    1141    1041    1104    1085    1175    1012    1180    1131    1105
     996    1066    1089    1097    1087    1114    1078    1136    1030    1077
    1032    1094    1036    1185    1113    1062     977    1114    1038    1124
     999    1106    1088    1095    1052    1064    1098    1145    1054    1109
    1117    1105    1131    1051    1084    1033    1065    1041    1109    1156
    1049    1073    1057    1117    1119    1083    1061    1071    1038    1052
    1096    1060    1032    1047    1069    1065    1009    1069    1021    1023
    1060    1097    1058    1082    1011    1026     974    1040     979    1070
     977    1071     998    1025    1032    1118    1035    1117    1100    1171
    1106    1163    1200    1189    1170    1350    1333    1422    1449    1520
    1559    1675    1678    1759    1835    1918    1864    1966    2080    2088
    2011    2141    2130    2171    2059    2070    1924    1916    1836    1775
    1686    1689    1512    1503    1421    1354    1317    1247    1201    1194
    1122    1146    1115    1076     998     989    1057    1005     976    1040
    1056     989     954     979     963    1023     969     970     964     977
     990    1082     977     987     987     971    1051    1079     921     947
    1039     997     923    1033     979    1030     980    1068    1138    1136
    1115    1248    1189    1180    1140    1219    1250    1309    1296    1255
    1313    1348    1295    1308    1252    1251    1209    1276    1232    1237
    1142    1162    1210    1189    1127    1111    1128    1202    1049    1089
    1192    1119    1031    1124    1067    1058    1021    1048     999    1040
     969     991    1015    1038     954     990     929     965     907     970
     943     978     943     907     912     965     910     915     927     990
     900     980     995    1003     942    1001     941    1049     987    1017
    1036    1115    1030    1068    1054    1147    1141    1199    1203    1177
    1206    1188    1218    1220    1114    1161    1162    1195    1148    1164
    1088    1145    1078    1120    1145    1086    1069    1020    1038    1150
     934     978     947    1009     915     971     946     948     854     861
     888     894     884     837     899     839     828     890     862     868
     809     813     862     903     777     812     907     848     812     802
     867     850     849     812     815     859     870     885     863     911
     823     894     914     936     812     914     941     898     933     995
    1023    1015    1041    1071    1047    1151    1124    1206    1304    1261
    1184    1305    1250    1297    1209    1277    1162    1268    1165    1227
    1158    1151    1144    1232    1061    1066    1036    1008    1015     990
     973     838     991     934     838     882     890     886     796     780
     761     821     773     855     780     818     783     818     811     821
     776     826     793     848     780     798     778     783     731     844
     853     833     748     734     855     826     774     770     823     804
     775     811     872     801     789     811     828     809     821     853
     791     836     770     906     838     875     811     858     839     907
     732     854     863     833     830     850     770     850     793     782
     845     835     751     736     822     884     787     797     832     817
     779     712     785     784     759     774     828     761     673     777
     782     812     740     795     784     785     796     726     680     717
     699     735     757     709     721     724     828     800     753     700
     720     773     698     685     718     707     712     698     674     784
     671     761     692     764     717     758     734     783     731     800
     764     844     828     831     868     897     821     885     868     923
     863     968     916    1006     926     903    1003     971     885     907
     914     947     867     945     885     921     865     912     882     845
     783     824     754     800     754     735     722     757     756     764
     782     699     716     757     725     715     706     665     709     692
     691     706     681     692     698     673     703     685     658     701
     694     692     644     715     643     733     694     677     705     696
     673     641     718     706     629     630     658     643     629     627
     714     708     661     682     690     673     663     766     687     701
     605     716     665     706     673     655     697     651     730     682
     691     674     707     685     679     688     661     645     691     694
     687     663     696     741     662     690     717     664     636     655
     660     656     635     597     716     635     632     677     614     642
     644     665     663     643     620     639     674     659     641     655
     656     663     641     619     681     645     646     603     676     668
     583     676     658     707     583     703     639     678     636     615
     603     660     644     618     629     621     648     635     653     698
     646     625     626     652     646     614     643     644     609     626
     615     667     633     632     695     707     658     632     626     672
     623     696     681     623     650     659     700     716     648     633
     718     686     653     664     729     697     648     668     725     735
     667     707     703     743     650     705     695     724     664     701
     655     692     688     709     690     736     682     669     700     701
     721     633     762     697     670     685     699     688     690     708
     700     774     674     712     738     700     712     757     751     731
     664     722     716     777     732     697     765     707     766     740
     788     775     721     744     731     782     780     796     697     802
     745     776     789     838     794     797     742     801     806     853
     877     900     842     855     858     881     899     872     917     987
     920     951     952    1023     963     950    1106    1057    1043    1070
    1086    1060    1011    1172    1149    1202    1108    1173    1253    1371
    1279    1369    1409    1445    1373    1511    1576    1658    1727    1700
    1779    1852    1814    1945    1967    2083    2058    2101    2438    2271
    2364    2510    2647    2744    2655    2880    2801    3018    2897    3107
    3313    3435    3168    3357    3523    3661    3612    3634    3678    3873
    3835    3866    4040    4001    3944    4063    3978    4138    4014    3935
    4288    4153    3983    4080    3985    4003    4000    3871    3912    3917
    3695    3750    3733    3713    3546    3601    3468    3418    3166    3207
    3029    3055    2898    2874    2879    2702    2518    2605    2526    2482
    2239    2207    2212    2054    1974    1922    1867    1906    1679    1754
    1713    1648    1616    1479    1433    1456    1330    1311    1304    1270
    1183    1146    1106    1158    1114    1047    1067    1057     988    1015
    1040    1049     981    1068    1183    1158    1105    1208    1215    1251
    1264    1323    1383    1499    1455    1524    1697    1679    1720    1861
    1923    2035    2015    2148    2207    2242    2159    2258    2402    2233
    2245    2263    2271    2214    2174    2102    2363    2112    1954    2013
    1941    1823    1665    1647    1595    1547    1370    1306    1342    1182
    1027     999     985     932     818     858     734     740     659     668
     698     612     579     626     620     623     532  310150
