$Informacoes da Fluorescencia de Raios-X:
"Sample    : ACC-848",                                                                    
"Operator  : luisf",                                                                      
"Comment  : ",                                                                            
"Group     : thiago_acra2010ma",                                                          
"Date       : 2010-06-06 20:46:53",                                                       
"",                                                                                       
"Mesurement Condition",                                                                   
"------------------------------------------------------------------------------------",   
"Instrument : 700HS2   Atmosphere : Vac.   Collimator : 10(mm)   Spin : No",              
"------------------------------------------------------------------------------------",   
"Analyte               TG kV   uA      FI Acq.(keV)  Anal.(keV)  Time(sec)     DT(%)",    
"------------------------------------------------------------------------------------",   
"Na                    Rh 50  914-Auto Al  0 - 20    0.8 - 1.2   Live -  960   20",       
"Channel_info_start",                                                                     
"Channel : Na",                                                                           
"Points : 2048
"Range : 0.000000 - 20.480000",                                                           
"Step : 0.010000",                                                                        
"Channel_info_end",                                                                       
$DATA:
       0    2047
       0       0       0       0       0       0       0       0       0    2048
       0       0       0       0       0       0       0       0       0       0
       0       0       0       0       0       0       0       0       0       0
       0       0       0       0       0       0       0       0       4      11
     102     216     225     216     236     211     206     225     213     223
     208     231     249     244     231     268     244     295     244     291
     251     246     328     331     326     330     333     345     315     321
     370     351     325     335     332     362     380     379     334     354
     321     313     278     310     298     269     278     258     279     279
     299     334     366     380     394     408     439     471     452     447
     422     422     397     372     321     327     291     325     291     324
     335     357     364     371     387     397     326     379     328     352
     297     294     287     317     241     251     294     283     281     297
     348     369     351     380     415     452     397     426     397     379
     394     343     310     333     328     372     340     445     484     633
     785    1108    1294    1839    1931    2485    2568    3049    2821    3206
    2910    2996    2633    2379    1993    1832    1439    1224     945     970
     838     871    1015    1359    1909    2691    3595    4949    6125    8115
    9040   10626   11666   12833   11971   12712   11110   10788    8915    7766
    6050    5141    3567    2895    2121    1597    1224    1101     926     914
     770     838     790     860     809     876     840     856     786     881
     804     863     752     723     637     633     596     622     532     547
     494     535     476     498     535     624     655     670     737     965
    1098    1452    1716    2215    2799    3518    3894    4569    4877    5614
    5508    5860    5546    5429    4702    4462    3697    3257    2545    2237
    1821    1529    1258    1155    1087    1102    1040    1141    1286    1451
    1587    2131    2728    3510    4500    6703    7082    9347   10308   12304
   12861   14207   13824   14878   13441   12978   11078   10323    8169    6994
    5060    4446    3030    2506    1902    1746    1553    1621    1548    1659
    1592    1693    1580    1678    1594    1433    1314    1254    1067     965
     741     686     565     521     440     462     417     459     368     425
     372     452     367     433     390     462     440     457     460     532
     487     574     580     610     654     712     817    1083    1283    1909
    2347    3216    4118    5449    6567    8694    9803   11758   12871   14516
   14655   15868   15722   15532   13640   13656   10884    9924    7987    6812
    5136    4183    3027    2379    1674    1366    1166    1055    1042    1138
    1245    1559    1898    2273    2754    3536    4397    5769    7031    9362
   11368   14627   16496   20538   23098   26927   28579   32212   31870   33921
   31392   31258   28627   26928   22310   20146   16395   13607    9954    8018
    5726    4398    2825    2307    1557    1219     986    1003     990    1098
    1150    1488    1587    2043    2425    2872    3109    3641    3788    4217
    4275    4454    4265    4343    3846    3825    3237    3014    2549    2235
    1679    1621    1253    1011     785     657     564     529     436     502
     388     449     386     430     385     421     386     465     431     492
     444     495     463     540     585     693     775     999    1129    1450
    1741    2220    2561    3174    3686    4426    4513    5473    5802    6298
    6074    6302    5999    5961    5270    5087    4431    4185    3462    2973
    2520    2194    1847    1669    1323    1253    1085    1072     957     994
     875     842     847     824     783     881     805     862     838     815
     997    1033     972    1163    1101    1294    1263    1423    1458    1471
    1451    1598    1649    1659    1513    1575    1540    1454    1303    1363
    1136    1109    1052     962     878     916     785     812     823     809
     778     802     694     821     734     791     803     772     822     805
     854     806     828     844     811     853     869     914     919     947
     891     909     953     970     985    1046    1127    1069    1057    1145
    1171    1146    1145    1142    1168    1065    1060    1143    1084    1116
    1072    1115    1069    1045    1001    1062     994     994    1065    1075
    1040    1075    1039    1069    1036    1115    1001    1099    1001    1144
    1127    1165    1081    1152    1130    1256    1245    1330    1325    1457
    1542    1718    1730    1947    2015    2140    2154    2283    2247    2446
    2326    2439    2228    2362    2158    2044    1975    1898    1736    1686
    1674    1630    1445    1496    1495    1518    1426    1449    1439    1551
    1448    1499    1535    1621    1568    1822    1929    2062    2148    2608
    3108    4052    4966    6905    8515   11754   14075   18933   23250   30067
   34652   43247   50407   59168   63360   72997   77889   85026   84566   95024
   87063   89716   80608   80266   71829   67479   56820   51778   42887   37034
   28955   24401   19255   15379   11394    9390    6663    5395    4099    3362
    2741    2298    1966    2067    1792    1857    1603    1710    1667    1734
    1616    1768    1649    1769    1662    1721    1702    1809    1657    1792
    1767    1898    1880    1851    2020    2200    2214    2490    2571    2937
    3156    3822    4111    4927    5310    6156    7093    8105    8474    9850
   10422   11413   11647   12603   13006   13080   12312   12495   11700   11463
   10195    9912    8772    8003    6600    6273    5092    4571    3857    3579
    2883    2634    2305    2158    1931    1893    1702    1734    1719    1700
    1560    1625    1617    1684    1571    1601    1719    1700    1676    1747
    1697    1678    1660    1719    1704    1806    1649    1779    1765    1805
    1646    1761    1746    1682    1556    1646    1629    1674    1472    1602
    1679    1640    1504    1629    1599    1606    1535    1632    1746    1610
    1646    1733    1604    1622    1584    1714    1683    1667    1544    1706
    1650    1682    1661    1779    1604    1696    1739    1710    1796    1887
    1684    1891    1894    2020    1928    2080    2067    2227    2101    2262
    2275    2502    2238    2461    2250    2369    2262    2290    2210    2244
    2109    1948    1904    1912    1800    1794    1716    1720    1683    1624
    1630    1603    1552    1549    1574    1557    1494    1594    1472    1583
    1426    1579    1467    1489    1442    1531    1460    1499    1445    1548
    1498    1563    1458    1458    1575    1715    1611    1827    1885    1974
    2092    2163    2365    2574    2589    2761    3062    3241    3076    3432
    3446    3549    3406    3463    3621    3437    3226    3261    3026    2971
    2711    2527    2457    2326    2053    2089    2018    1867    1697    1680
    1658    1661    1547    1515    1475    1580    1516    1550    1520    1509
    1548    1585    1498    1578    1466    1586    1484    1520    1398    1508
    1493    1461    1391    1417    1472    1524    1387    1513    1462    1470
    1428    1534    1404    1487    1396    1461    1387    1554    1434    1493
    1360    1403    1388    1477    1450    1461    1361    1422    1385    1485
    1479    1467    1322    1424    1382    1422    1468    1430    1415    1460
    1435    1478    1449    1517    1477    1502    1384    1570    1535    1562
    1531    1662    1588    1649    1558    1656    1604    1674    1625    1590
    1702    1562    1613    1608    1558    1520    1532    1448    1412    1485
    1346    1417    1459    1451    1387    1466    1372    1354    1296    1339
    1366    1361    1370    1376    1354    1305    1298    1298    1321    1354
    1280    1315    1408    1378    1281    1371    1368    1388    1341    1370
    1409    1376    1389    1385    1333    1431    1318    1377    1343    1288
    1350    1354    1335    1371    1327    1289    1415    1385    1357    1337
    1408    1364    1309    1375    1318    1370    1384    1379    1300    1372
    1357    1342    1351    1407    1274    1442    1404    1441    1360    1416
    1502    1513    1431    1498    1539    1640    1530    1550    1567    1669
    1552    1588    1677    1710    1603    1598    1666    1659    1561    1631
    1575    1566    1605    1621    1493    1529    1529    1399    1485    1440
    1342    1469    1400    1391    1337    1385    1352    1416    1381    1439
    1382    1394    1370    1414    1387    1378    1390    1336    1388    1397
    1343    1349    1369    1394    1305    1318    1382    1446    1232    1326
    1375    1446    1343    1458    1377    1434    1256    1281    1371    1368
    1299    1343    1434    1337    1344    1324    1309    1387    1303    1358
    1427    1369    1298    1359    1283    1306    1326    1396    1300    1419
    1333    1333    1301    1385    1283    1415    1307    1322    1336    1376
    1380    1395    1297    1358    1406    1393    1265    1287    1321    1464
    1285    1366    1259    1382    1283    1307    1267    1399    1330    1309
    1359    1418    1249    1405    1368    1423    1276    1463    1393    1433
    1387    1508    1486    1673    1578    1704    1715    1891    1894    2053
    2080    2212    2241    2340    2453    2557    2513    2639    2553    2769
    2579    2513    2626    2596    2462    2461    2358    2338    2183    2281
    2034    1876    1723    1773    1718    1604    1539    1511    1414    1455
    1318    1337    1300    1337    1189    1301    1350    1332    1170    1242
    1210    1333    1184    1269    1236    1289    1147    1208    1193    1218
    1211    1254    1213    1290    1211    1241    1236    1210    1211    1223
    1145    1282    1200    1327    1207    1294    1205    1222    1357    1354
    1229    1343    1250    1355    1312    1348    1366    1351    1357    1410
    1381    1435    1326    1431    1366    1350    1265    1360    1318    1337
    1333    1344    1325    1385    1247    1339    1334    1367    1232    1259
    1336    1318    1189    1335    1245    1313    1183    1224    1261    1249
    1150    1261    1193    1251    1116    1243    1160    1209    1103    1261
    1181    1150    1090    1134    1111    1170    1071    1196    1208    1172
    1064    1208    1163    1214    1168    1224    1198    1282    1264    1314
    1352    1359    1308    1364    1379    1350    1333    1388    1341    1430
    1315    1396    1387    1422    1323    1382    1378    1298    1283    1324
    1332    1326    1361    1372    1259    1337    1184    1191    1197    1246
    1206    1163    1200    1175    1114    1165    1160    1136    1072    1123
    1197    1151    1112    1080    1143    1150    1054    1031    1092    1092
    1025    1053    1066    1163    1092     964    1114    1075    1037    1085
    1058    1081    1038    1075    1048    1138    1065    1100    1080    1120
    1081    1114    1096    1152    1049    1148    1134    1136    1138    1191
    1199    1298    1174    1196    1291    1261    1262    1335    1397    1350
    1292    1323    1243    1353    1324    1304    1303    1262    1267    1367
    1246    1297    1232    1240    1206    1219    1073    1148    1147    1148
    1072    1115    1075    1083     977    1092    1060    1082     984    1036
    1079    1027     966     994    1006    1098    1002     983    1062    1052
     992    1021    1064     991    1028    1055    1046    1036     962     939
     971    1043     921     982     999    1022     976    1031    1035    1044
    1001    1028    1066    1022    1027    1012    1052    1081    1003    1004
    1052    1085     968     992    1018     994     967    1028     983    1019
     968    1103    1035    1024     984     972    1055    1002     957     950
    1036    1019     927     974    1007     931     937    1062     930     949
    1002     931     936    1019     961     962     939    1004     935     941
     948     986     886    1031     999     975     894     911     958     938
     902     943     916     923     847     909     977     947     911     952
     925     955     907     935     927     956     866     898     872     932
     964     985     968     966     880     988     954    1008     988     973
     974     986     966     979    1010    1047    1010    1138    1028    1039
    1073    1063    1117    1069    1091    1106    1114    1100    1114    1017
    1052    1127     986    1051    1043    1007     968    1001    1052    1015
     984     909     953     991     940     937     926     995     908     893
     994     968     980     921     869     881     881     884     884     887
     864     895     828     875     854     875     872     957     922     859
     848     871     859     851     847     920     827     865     880     908
     860     847     900     864     872     849     875     877     877     819
     862     921     757     859     874     846     799     836     873     849
     810     855     860     874     840     817     837     887     783     839
     871     910     869     866     814     814     856     882     898     863
     838     891     918     869     822     864     864     919     761     864
     877     836     800     841     858     908     821     806     887     841
     774     874     844     820     777     893     847     863     804     869
     847     848     793     902     814     854     769     850     880     899
     839     819     847     869     832     817     845     786     792     830
     822     838     776     855     867     832     892     854     872     841
     803     864     891     803     841     800     821     840     838     833
     846     864     827     873     849     881     830     868     860     829
     840     862     892     923     792     916     850     837     893     803
     941     913     839     874     868     871     810     891     868     887
     876     851     916     905     854     908     929     917     826     887
     830     881     817     831     860     833     882     873     898     944
     828     827     972     916     842     971     874     966     950     923
     911     893     829     954     917     925     862     984     926     939
     922     936     912     930     918     936     937     974     946     936
    1018    1027     982    1024     988    1028     997    1082    1042    1052
     983    1038    1067    1067    1022    1129    1055    1066    1116    1195
    1150    1160    1040    1152    1202    1148    1103    1282    1241    1304
    1186    1233    1219    1283    1300    1354    1377    1403    1350    1455
    1514    1449    1532    1615    1620    1662    1632    1675    1767    1845
    1856    1899    1938    2112    2004    2063    2210    2344    2180    2493
    2532    2569    2668    2678    2764    2981    2978    3025    3446    3346
    3323    3414    3576    3672    3723    3845    4197    4067    4010    4271
    4419    4577    4433    4539    4832    4832    4697    4830    5041    5182
    4929    4960    5369    5310    5081    5155    5317    5417    5114    4985
    5612    5336    5122    5105    5048    5118    4918    4927    5024    4995
    4614    4662    4585    4548    4387    4433    4265    4211    4017    3982
    3730    3746    3505    3582    3484    3326    3063    3126    2996    2937
    2738    2741    2714    2558    2415    2437    2340    2226    2160    2020
    1984    1950    1809    1742    1704    1710    1657    1606    1581    1581
    1448    1428    1443    1423    1373    1298    1381    1366    1300    1310
    1301    1457    1359    1263    1533    1571    1503    1561    1631    1719
    1693    1827    1974    2009    1948    2051    2265    2302    2326    2445
    2545    2560    2649    2716    2860    2788    2756    2926    2936    2933
    2896    2887    2811    2846    2624    2560    2655    2612    2470    2347
    2297    2130    1898    1907    1848    1715    1606    1533    1412    1418
    1304    1195    1201    1093     976    1011    1020     917     817     787
     793     758     766     786     797     786     720  402546
