$Informacoes da Fluorescencia de Raios-X:
"Sample    : ACC-842",                                                                    
"Operator  : luisf",                                                                      
"Comment  : ",                                                                            
"Group     : thiago_acra2010ma",                                                          
"Date       : 2010-06-06 17:50:02",                                                       
"",                                                                                       
"Mesurement Condition",                                                                   
"------------------------------------------------------------------------------------",   
"Instrument : 700HS2   Atmosphere : Vac.   Collimator : 10(mm)   Spin : No",              
"------------------------------------------------------------------------------------",   
"Analyte               TG kV   uA      FI Acq.(keV)  Anal.(keV)  Time(sec)     DT(%)",    
"------------------------------------------------------------------------------------",   
"Na                    Rh 50 1000-Auto Al  0 - 20    0.8 - 1.2   Live -  959   15",       
"Channel_info_start",                                                                     
"Channel : Na",                                                                           
"Points : 2048
"Range : 0.000000 - 20.480000",                                                           
"Step : 0.010000",                                                                        
"Channel_info_end",                                                                       
$DATA:
       0    2047
       0       0       0       0       0       0       0       0       0    2048
       0       0       0       0       0       0       0       0       0       0
       0       0       0       0       0       0       0       0       0       0
       0       0       0       0       0       0       0       1       1       3
      61     140     169     168     165     159     137     156     146     158
     168     161     164     177     192     166     159     186     179     191
     190     234     234     246     238     268     273     277     286     242
     291     257     237     346     250     263     273     322     275     280
     242     236     227     230     229     218     191     210     177     228
     185     258     251     325     293     322     322     349     345     403
     335     325     315     295     234     292     226     244     256     297
     253     322     301     303     319     351     333     297     290     268
     234     217     220     204     181     209     184     215     196     258
     239     288     316     337     311     350     334     400     281     326
     299     268     248     270     280     267     251     295     337     456
     528     782     975    1315    1426    1746    1951    2112    2230    2386
    2148    2199    1905    1797    1538    1274    1072     925     761     757
     623     710     826    1058    1404    2104    2648    3844    4886    6204
    6893    8382    8793    9650    9269   10043    8632    8408    6738    6387
    4961    4075    2875    2297    1694    1275     944     828     684     702
     574     621     587     602     536     578     584     637     580     625
     554     617     524     563     531     548     511     516     414     468
     420     444     424     475     457     528     492     591     690     807
     993    1350    1536    2111    2624    3401    3768    4646    4850    5621
    5407    5865    5504    5506    4510    4479    3826    3260    2550    2127
    1718    1420    1151    1093     966    1013     981     941    1087    1233
    1510    1847    2369    3234    3982    5733    6252    8119    9121   10897
   11330   12605   12205   12924   12032   11770    9708    9091    7552    6207
    4747    4016    2718    2265    1652    1492    1352    1378    1349    1511
    1416    1554    1423    1411    1293    1297    1132    1082     837     781
     629     570     471     420     370     348     282     319     306     338
     305     278     315     353     309     326     337     348     367     382
     375     381     398     479     457     568     648     820    1034    1540
    1960    2810    3629    4956    5829    7587    8861   10847   11808   13321
   13149   14246   13969   14019   12569   12179   10117    9363    7366    6107
    4775    3705    2639    2131    1451    1163     913     892     855     932
     976    1248    1441    1856    2060    2660    3288    4432    5278    6818
    8144   10512   11852   14269   16080   18925   19861   22740   22128   23313
   22141   21877   19870   18719   15753   13955   11555    9404    6956    5581
    4202    3029    2007    1614    1054     852     699     687     637     759
     816     987    1205    1470    1562    1909    2137    2525    2498    3053
    2865    3153    2900    3038    2720    2581    2205    2092    1680    1579
    1216    1081     819     662     540     484     389     373     288     319
     302     304     288     288     277     306     282     311     275     307
     318     324     348     389     373     454     517     600     738     982
    1293    1559    1801    2252    2527    3076    3199    3868    4176    4323
    4290    4409    4225    4244    3716    3568    3166    2944    2496    2149
    1747    1528    1285    1193     973     953     743     705     662     626
     548     609     576     624     591     486     606     604     518     626
     644     710     654     784     837     906     849    1007    1022    1131
    1064    1158    1106    1174    1139    1192    1134    1048    1033     908
     844     850     722     686     653     627     592     551     531     563
     492     566     509     570     530     544     572     565     531     607
     548     584     532     587     572     663     633     661     632     689
     627     674     674     748     733     693     756     836     737     835
     828     852     778     821     773     859     794     794     744     818
     735     745     733     708     683     677     675     733     697     665
     722     763     687     687     667     737     693     712     713     792
     725     774     738     835     796     879     870     922     965    1079
    1055    1212    1199    1397    1439    1601    1606    1623    1687    1772
    1693    1706    1614    1702    1523    1556    1377    1309    1240    1246
    1126    1134    1041    1052    1061    1036    1014    1039    1065    1073
    1003    1090    1076    1182    1136    1238    1327    1505    1595    1919
    2402    3050    3683    5102    6546    8843   10841   14486   17813   23007
   26661   33105   38935   46031   48636   56241   60505   66496   65478   72842
   67241   68720   63141   62415   55606   52170   43707   40096   33326   29031
   22244   18647   14715   11941    8651    7154    5042    4055    2997    2415
    2035    1719    1420    1306    1280    1200    1164    1183    1093    1174
    1067    1151    1115    1208    1089    1178    1139    1181    1137    1205
    1266    1285    1231    1354    1347    1514    1512    1671    1807    2025
    2280    2602    3017    3628    3990    4658    5301    6145    6448    7452
    7933    8800    8897    9539    9677   10012    9401    9661    8824    8635
    7723    7310    6454    6128    5017    4443    3779    3455    2741    2610
    2093    1799    1549    1487    1392    1300    1079    1090    1156    1204
    1024    1086    1070    1105    1062    1029    1144    1107    1101    1090
    1058    1098    1038    1110    1116    1066    1116    1150    1125    1187
    1088    1154    1102    1176    1043    1108    1114    1082    1043    1088
    1078    1130    1057    1027    1029    1090    1034    1106    1121    1090
    1035    1045    1090    1077    1076    1178    1050    1160    1054    1098
    1075    1147    1081    1203    1061    1187    1139    1158    1163    1205
    1202    1244    1280    1398    1378    1464    1401    1547    1542    1673
    1590    1693    1535    1634    1673    1615    1567    1617    1548    1536
    1421    1412    1367    1329    1139    1207    1197    1187    1042    1062
    1042    1100    1017    1042     957    1061    1021    1023    1001    1018
    1011     994     957    1012     949    1046     936    1021    1013    1026
     987    1048     983    1018    1022    1097    1037    1191    1176    1411
    1345    1399    1593    1622    1650    1879    1857    2092    2088    2178
    2261    2171    2267    2371    2237    2295    2097    2126    2026    2067
    1814    1770    1661    1592    1333    1366    1232    1350    1143    1151
    1103    1052     986    1058    1034    1035    1038     965    1041    1033
     978    1035     971    1039    1021    1073    1052     995     999     973
     973     987     950     976     997    1007     832     915     933     985
     874     979     922     967     895     926     963    1045     955    1004
     957     943     894     959     951     962     976     944     985    1019
     874     967     896    1000     927     983     890     896     925     922
     964     997     981     955     920     978     964     983     955     985
     998    1000    1096    1105    1002    1099    1078    1102     987    1066
    1075    1036     995     971    1027    1063     965     963     955     973
     921     945     901     914     968     945     909     977     868     950
     916     955     892     847     961     873     890     927     861     990
     845     861     943     925     876     900     900     906     853     878
     843     928     874     870     898     908     908     944     946     918
     855     844     868     983     854     917     922     941     889     883
     897     942     888     886     942     876     857     889     901     939
     828     891     879     922     832     925     913     987     906     999
     936    1017     977    1091    1001    1018    1033    1120    1081    1123
    1083    1135    1122    1147    1061    1090    1121    1140    1106    1185
    1124    1083    1055    1058    1025    1012     955    1010    1004     949
     898    1002     946     959     900     878     886     943     912     963
     853     889     860     872     834     886     891     903     877     928
     889     964     907     922     840     870     937     882     862     880
     913     929     860     908     871     946     908     872     953     946
     829     919     950     890     897     940     988     956     853     873
     957     961     922     909     858     920     835     902     882     936
     860     835     876     908     922     902     942     916     907     866
     892     934     860     866     880     921     907     908     831     903
     934     894     857     947     837     874     840     884     808     865
     873     850     870     920     845     864     870     881     904     913
     877     954     920     978     916     961     977    1006     944    1085
    1049    1086    1113    1211    1203    1300    1193    1281    1256    1360
    1191    1321    1224    1192    1169    1229    1158    1216    1087    1133
     990    1053     981    1009     953     946     942     987     912     925
     857     813     819     896     812     777     836     846     796     823
     780     854     763     777     825     819     824     834     808     794
     799     788     799     823     796     828     778     799     807     845
     874     840     809     841     788     829     800     878     847     881
     895     891     876     881     843     858     885     941     860     880
     956     924     883     953     922     949     833     924     867     901
     879     831     892     828     840     868     847     865     828     850
     890     833     825     843     737     824     773     797     773     845
     778     752     821     809     727     737     760     830     741     757
     809     805     736     781     789     723     757     833     751     811
     741     810     810     804     744     824     786     776     816     781
     828     826     796     805     870     882     787     879     828     883
     831     826     905     882     824     808     841     849     811     784
     901     828     835     805     884     890     764     756     792     799
     704     764     775     728     709     716     741     804     714     748
     676     721     715     709     691     758     703     739     715     721
     704     761     660     693     683     699     727     769     724     731
     667     663     704     677     699     701     675     750     683     743
     760     710     716     726     692     757     707     807     772     774
     770     865     809     854     784     936     826     853     918     870
     826     927     889     870     877     894     904     885     788     862
     885     825     836     795     796     788     752     776     690     756
     654     725     758     689     703     635     662     720     664     630
     702     737     642     686     672     647     644     608     723     624
     660     615     620     665     644     662     681     651     662     672
     679     633     662     657     685     690     654     693     680     689
     620     669     704     674     696     668     667     696     618     632
     671     709     649     696     697     728     631     650     684     638
     640     653     688     635     582     663     637     679     659     619
     645     668     636     591     656     629     628     628     593     628
     612     632     683     608     608     648     633     638     579     643
     665     583     591     629     613     606     591     630     668     676
     640     628     642     600     624     605     630     621     583     614
     577     656     587     633     613     639     581     624     613     674
     645     629     624     611     600     612     584     626     607     642
     654     701     617     685     602     707     672     661     758     726
     700     699     720     748     729     746     691     725     696     692
     722     702     640     712     674     688     668     643     606     692
     637     648     660     621     624     596     605     602     614     638
     599     616     565     615     552     614     548     581     579     602
     538     602     569     581     526     570     558     575     524     605
     570     601     557     542     590     556     511     565     583     523
     553     534     546     560     586     560     584     588     507     550
     567     603     550     589     587     551     594     572     626     550
     593     570     591     574     540     554     601     604     598     615
     568     577     552     598     579     592     576     559     547     540
     510     564     588     528     533     544     562     572     563     581
     527     571     552     609     540     574     532     578     563     574
     520     529     514     554     555     553     574     566     523     555
     534     548     512     533     544     560     509     536     557     507
     498     576     529     540     551     540     553     528     510     552
     528     588     532     544     521     543     516     562     588     556
     505     556     507     521     560     580     612     580     516     530
     487     580     538     575     543     568     559     567     529     575
     538     516     553     567     503     540     546     563     519     544
     611     614     529     608     572     559     586     577     560     543
     533     599     589     566     526     536     603     567     582     568
     570     556     547     577     569     543     564     559     620     603
     531     538     662     615     560     543     587     594     609     575
     556     654     586     577     602     551     638     625     612     598
     612     594     614     607     640     602     577     645     603     647
     654     641     606     627     688     631     663     638     697     643
     639     684     701     698     709     681     736     759     699     749
     733     729     690     732     726     816     727     792     814     773
     794     807     905     886     798     857     920     971     884     943
     865     965     992    1053    1071    1078    1072    1136    1140    1246
    1173    1267    1274    1427    1350    1473    1388    1523    1496    1617
    1717    1699    1646    1754    1982    1924    1963    2004    2228    2181
    2156    2236    2280    2511    2485    2527    2614    2706    2683    2878
    2858    2992    2913    2999    3197    3322    3111    3131    3285    3260
    3308    3293    3610    3510    3405    3440    3417    3490    3237    3258
    3711    3431    3189    3284    3388    3461    3257    3185    3233    3177
    3001    3070    2959    2918    2772    2755    2680    2713    2532    2548
    2512    2491    2319    2282    2234    2174    1943    1931    1973    1934
    1713    1718    1803    1589    1579    1473    1408    1419    1295    1319
    1323    1267    1142    1155    1099    1100    1039    1030    1055     985
     947     926     922     920     905     865     876     892     841     850
     906     922     831     881    1022     980    1007    1133    1137    1173
    1168    1203    1407    1447    1374    1457    1453    1613    1669    1733
    1753    1797    1786    1810    1904    1896    1801    1846    1973    1874
    1788    1825    1759    1799    1628    1634    1734    1532    1423    1373
    1324    1381    1164    1139    1119     973     968     860     842     802
     731     650     689     663     595     598     598     552     515     517
     556     494     499     491     462     474     478  258163
