Acquisition date and time: 00-00-   0 (00:00:00)
Live Time:,        0
Real Time:,        0
 
Photopeaks:,    15
  11,      1.041,       1646,         91,       1.28
  12,      1.254,        710,         87,       2.44
  13,      1.487,       6512,        123,       1.10
  14,      1.740,      33523,        208,       3.91
  15,      2.013,        777,        105,       1.13
  16,      2.307,      40698,        302,       1.95
  17,      2.622,     151050,        550,      10.32
  19,      3.313,      92629,        370,       5.54
  20,      3.691,     112483,        353,       5.40
  22,      4.509,      16034,        232,       1.53
  23,      4.950,        489,        174,       1.01
  24,      5.412,       1692,        184,       1.22
  25,      5.895,       5826,        226,       2.88
  45,      2.696,        743,        209,       9.11
  56,      4.464,       1729,        245,       1.22
Incoherent scattering peaks:,     3
  16,      2.297,       6327,        354,       1.87
  17,      2.609,       6276,        641,       9.77
  19,      3.292,       1101,        304,       5.38
