Acquisition date and time: 00-00-   0 (00:00:00)
Live Time:,        0
Real Time:,        0
 
Photopeaks:,    15
  11,      1.041,       3381,        121,       1.72
  12,      1.254,       1295,        112,       2.98
  13,      1.487,       8390,        154,       2.57
  14,      1.740,      41525,        243,       4.47
  15,      2.013,        988,        145,       2.32
  16,      2.307,      54632,        380,       3.25
  17,      2.622,     463433,        936,      24.91
  19,      3.313,     285567,        623,      13.22
  20,      3.691,     289863,        556,       9.42
  22,      4.509,      24219,        274,       2.37
  23,      4.950,        467,        202,       1.27
  24,      5.412,       2389,        211,       1.92
  25,      5.895,       7044,        258,       3.23
  45,      2.696,       -251,        339,      18.42
  56,      4.464,       2418,        284,       2.34
Incoherent scattering peaks:,     3
  16,      2.297,      13393,        485,       2.94
  17,      2.609,      27118,       1008,      23.29
  19,      3.292,       3464,        471,      11.14
