Acquisition date and time: 00-00-   0 (00:00:00)
Live Time:,        0
Real Time:,        0
 
Photopeaks:,    15
  11,      1.041,       1543,        106,       0.85
  12,      1.254,        598,        101,       2.25
  13,      1.487,       2947,        125,       2.05
  14,      1.740,      12108,        160,       3.57
  15,      2.013,        135,        124,       1.73
  16,      2.307,      46003,        337,       4.42
  17,      2.622,     184938,        627,       9.46
  19,      3.313,     286798,        630,      14.52
  20,      3.691,      86016,        345,       4.87
  22,      4.509,       6017,        229,       1.67
  23,      4.950,        972,        201,       1.08
  24,      5.412,       2339,        222,       2.15
  25,      5.895,       3529,        261,       2.46
  45,      2.696,        870,        260,       6.19
  56,      4.464,       1715,        286,       2.00
Incoherent scattering peaks:,     3
  16,      2.297,       4869,        411,       3.98
  17,      2.609,       9834,        744,       9.35
  19,      3.292,       2996,        481,      13.37
