Acquisition date and time: 00-00-   0 (00:00:00)
Live Time:,        0
Real Time:,        0
 
Photopeaks:,    15
  11,      1.041,        671,         76,       1.88
  12,      1.254,        502,         78,       1.12
  13,      1.487,      11475,        138,       1.99
  14,      1.740,      52279,        247,       4.40
  15,      2.013,        794,         96,       1.35
  16,      2.307,      22681,        235,       2.29
  17,      2.622,      66128,        370,       4.69
  19,      3.313,      85752,        355,       6.08
  20,      3.691,     121215,        359,       4.69
  22,      4.509,      26356,        249,       1.77
  23,      4.950,        984,        168,       2.27
  24,      5.412,       2340,        168,       1.52
  25,      5.895,       5001,        205,       3.46
  45,      2.696,        722,        159,       3.66
  56,      4.464,       1524,        229,       1.92
Incoherent scattering peaks:,     3
  16,      2.297,       1920,        289,       2.49
  17,      2.609,       1230,        459,       4.44
  19,      3.292,       1192,        287,       5.95
