Acquisition date and time: 00-00-   0 (00:00:00)
Live Time:,        0
Real Time:,        0
 
Photopeaks:,    15
  11,      1.041,        681,         79,       1.71
  12,      1.254,        692,         83,       1.97
  13,      1.487,      13978,        152,       1.91
  14,      1.740,      64963,        275,       4.89
  15,      2.013,        877,        107,       1.55
  16,      2.307,      32666,        273,       1.93
  17,      2.622,      84500,        419,       6.99
  19,      3.313,     169171,        480,       8.33
  20,      3.691,     165165,        420,       5.04
  22,      4.509,      32312,        266,       1.90
  23,      4.950,        498,        171,       1.04
  24,      5.412,       2399,        169,       1.33
  25,      5.895,       8092,        218,       6.12
  45,      2.696,        141,        181,       5.79
  56,      4.464,       1981,        234,       1.42
Incoherent scattering peaks:,     3
  16,      2.297,       1843,        325,       1.95
  17,      2.609,       2438,        523,       7.36
  19,      3.292,       1873,        360,       8.26
