Acquisition date and time: 00-00-   0 (00:00:00)
Live Time:,        0
Real Time:,        0
 
Photopeaks:,    15
  11,      1.041,         97,         54,       1.12
  12,      1.254,        150,         55,       1.32
  13,      1.487,        305,         58,       0.92
  14,      1.740,        -40,         75,       0.96
  15,      2.013,          4,         53,       1.04
  16,      2.307,         59,         53,       0.54
  17,      2.622,       -124,         78,       0.93
  19,      3.313,        298,         81,       1.14
  20,      3.691,         23,         89,       1.61
  22,      4.509,       -325,        130,       1.75
  23,      4.950,        218,        128,       1.33
  24,      5.412,       1619,        147,       0.95
  25,      5.895,        506,        169,       1.24
  45,      2.696,        557,         61,       1.44
  56,      4.464,        709,        180,       2.02
Incoherent scattering peaks:,     4
  14,      1.734,        442,        117,       0.88
  17,      2.609,         66,        134,       0.91
  19,      3.292,        -41,        125,       1.04
  20,      3.665,        141,        139,       1.62
