Acquisition date and time: 00-00-   0 (00:00:00)
Live Time:,        0
Real Time:,        0
 
Photopeaks:,    22
  11,      1.041,        438,         66,       0.89
  12,      1.254,        157,         66,       1.04
  13,      1.487,       2997,         93,       1.81
  14,      1.740,      10846,        133,       2.49
  16,      2.307,      24366,        178,       4.09
  17,      2.622,      16009,        176,       2.40
  19,      3.313,     118345,        352,       7.07
  20,      3.691,      34173,        223,       3.21
  22,      4.509,       6241,        141,       1.75
  23,      4.950,        421,        150,       0.88
  24,      5.412,       2008,        161,       1.44
  25,      5.895,       2914,        194,       1.74
  26,      6.399,     133826,        496,       4.88
  28,      7.472,       2465,        371,       2.65
  29,      8.041,      10233,        393,       3.08
  30,      8.631,      30510,        417,       1.59
  35,     11.908,      13740,        395,       1.43
  37,     13.375,       1285,        367,       1.25
  38,     14.142,       1426,        361,       1.54
  40,     15.746,        365,        345,       1.19
  45,      2.696,        166,        106,       2.27
  82,     10.542,       5896,        374,       1.70
Incoherent scattering peaks:,     2
  26,      6.320,       5282,        478,       4.53
  26,      6.963,       8215,        358,       1.77
