Acquisition date and time: 00-00-   0 (00:00:00)
Live Time:,        0
Real Time:,        0
 
Photopeaks:,    22
  11,      1.041,       1916,        103,       2.00
  12,      1.254,        552,        100,       3.25
  13,      1.487,       8733,        146,       2.86
  14,      1.740,      43402,        245,       4.86
  16,      2.307,      62250,        286,       4.06
  17,      2.622,     225577,        482,      14.21
  19,      3.313,     128577,        381,       7.76
  20,      3.691,     168264,        430,       4.09
  22,      4.509,      27318,        272,       2.19
  23,      4.950,        642,        193,       0.93
  24,      5.412,       2310,        201,       2.73
  25,      5.895,       7883,        249,       2.09
  26,      6.399,     559200,        867,      19.10
  28,      7.472,       2725,        452,       1.71
  29,      8.041,      14392,        486,       2.96
  30,      8.631,      48619,        509,       2.30
  35,     11.908,      39665,        495,       2.36
  38,     14.142,       3425,        437,       1.52
  40,     15.746,       1320,        411,       1.74
  56,      4.464,       1764,        275,       1.80
  72,      7.893,       1732,        465,       4.73
  82,     10.542,       5065,        450,       1.37
Incoherent scattering peaks:,     2
  26,      6.320,      10186,        651,      16.05
  26,      6.963,      12767,        479,       6.12
