Acquisition date and time: 00-00-   0 (00:00:00)
Live Time:,        0
Real Time:,        0
 
Photopeaks:,    22
  11,      1.041,        548,         73,       2.07
  12,      1.254,         63,         71,       0.43
  13,      1.487,       2659,         99,       1.54
  14,      1.740,       9659,        137,       1.84
  16,      2.307,      59622,        263,       4.20
  17,      2.622,      12050,        152,       4.41
  19,      3.313,     168705,        417,      11.69
  20,      3.691,      46598,        256,       3.01
  22,      4.509,       5563,        184,       1.57
  23,      4.950,        504,        157,       1.57
  24,      5.412,       1781,        173,       1.78
  25,      5.895,       3045,        211,       1.09
  26,      6.399,     138768,        521,       6.28
  28,      7.472,       2751,        405,       1.88
  29,      8.041,      10990,        436,       1.83
  30,      8.631,      22681,        439,       1.80
  35,     11.908,      15645,        429,       1.54
  38,     14.142,       1246,        395,       1.25
  40,     15.746,        467,        378,       0.91
  56,      4.464,        801,        224,       1.68
  72,      7.893,       1634,        407,       5.29
  82,     10.542,       4022,        406,       1.95
Incoherent scattering peaks:,     2
  26,      6.320,       6066,        517,       4.85
  26,      6.963,       9772,        388,       2.17
