Acquisition date and time: 00-00-   0 (00:00:00)
Live Time:,        0
Real Time:,        0
 
Photopeaks:,    22
  11,      1.041,       1155,         86,       1.93
  12,      1.254,        405,         83,       2.66
  13,      1.487,       6625,        126,       1.55
  14,      1.740,      33367,        213,       6.24
  16,      2.307,      43202,        238,       2.85
  17,      2.622,     112260,        347,       7.51
  19,      3.313,     114106,        355,       7.16
  20,      3.691,     111909,        356,       3.76
  22,      4.509,      16950,        232,       1.65
  23,      4.950,        667,        174,       1.55
  24,      5.412,       2669,        184,       1.25
  25,      5.895,       7410,        232,       2.06
  26,      6.399,     519286,        823,      17.20
  28,      7.472,       2254,        414,       2.02
  29,      8.041,      17703,        452,       2.62
  30,      8.631,      35309,        459,       1.61
  35,     11.908,      19315,        436,       2.37
  38,     14.142,       2569,        391,       1.55
  40,     15.746,       1700,        374,       0.90
  56,      4.464,       1635,        248,       1.98
  72,      7.893,       1436,        415,       4.36
  82,     10.542,       4801,        409,       1.56
Incoherent scattering peaks:,     2
  26,      6.320,       8150,        598,      14.72
  26,      6.963,      10613,        443,       5.78
