Acquisition date and time: 00-00-   0 (00:00:00)
Live Time:,        0
Real Time:,        0
 
Photopeaks:,    22
  11,      1.041,        879,         83,       1.82
  12,      1.254,        455,         83,       2.07
  13,      1.487,      12705,        147,       3.04
  14,      1.740,      57701,        263,       9.01
  16,      2.307,      35750,        216,       2.44
  17,      2.622,      85701,        306,       6.12
  19,      3.313,      84476,        309,       7.35
  20,      3.691,     122101,        365,       5.85
  22,      4.509,      31288,        267,       2.36
  23,      4.950,       1335,        182,       2.27
  24,      5.412,       2958,        184,       1.18
  25,      5.895,       6098,        227,       1.62
  26,      6.399,     907248,       1021,      21.66
  28,      7.472,       1473,        404,       2.13
  29,      8.041,       9680,        420,       2.09
  30,      8.631,      14796,        421,       1.52
  35,     11.908,       5520,        402,       1.94
  38,     14.142,       2702,        377,       1.33
  40,     15.746,       2560,        361,       1.09
  56,      4.464,       1382,        246,       2.40
  72,      7.893,       1336,        403,       2.54
  82,     10.542,       1782,        392,       1.41
Incoherent scattering peaks:,     2
  26,      6.320,      11653,        619,      17.92
  26,      6.963,      11698,        467,      10.76
