Acquisition date and time: 00-00-   0 (00:00:00)
Live Time:,        0
Real Time:,        0
 
Photopeaks:,    22
  11,      1.041,        850,         92,       1.79
  12,      1.254,        433,         91,       2.10
  13,      1.487,       9522,        142,       4.04
  14,      1.740,      46786,        246,       8.58
  16,      2.307,      27878,        205,       4.73
  17,      2.622,     106635,        391,       6.59
  19,      3.313,     133843,        386,       8.60
  20,      3.691,     165287,        426,       6.64
  22,      4.509,      25640,        222,       1.48
  23,      4.950,        592,        201,       1.88
  24,      5.412,       2588,        206,       1.28
  25,      5.895,       7338,        258,       1.52
  26,      6.399,     596465,        895,      13.15
  28,      7.472,       3523,        475,       2.99
  29,      8.041,      13310,        485,       3.55
  30,      8.631,      33667,        513,       2.44
  35,     11.908,      14457,        491,       2.61
  37,     13.375,       1467,        465,       1.31
  38,     14.142,       3625,        452,       2.63
  40,     15.746,       1981,        432,       1.26
  45,      2.696,        794,        179,       4.20
  82,     10.542,       6090,        470,       2.03
Incoherent scattering peaks:,     2
  26,      6.320,      10933,        675,      11.52
  26,      6.963,      15158,        502,       6.38
