Acquisition date and time: 00-00-   0 (00:00:00)
Live Time:,        0
Real Time:,        0
 
Photopeaks:,    22
  11,      1.041,        264,         58,       0.49
  12,      1.254,         61,         60,       0.67
  13,      1.487,       2110,         81,       1.08
  14,      1.740,       9083,        118,       2.97
  16,      2.307,      13161,        136,       1.18
  17,      2.622,      11605,        148,       1.79
  19,      3.313,      61908,        259,       4.96
  20,      3.691,      25297,        189,       2.46
  22,      4.509,       5107,        129,       0.90
  23,      4.950,        389,        140,       0.98
  24,      5.412,       2004,        153,       1.54
  25,      5.895,       2529,        184,       0.88
  26,      6.399,     130151,        485,       5.61
  28,      7.472,       2323,        351,       2.58
  29,      8.041,      10543,        365,       2.70
  30,      8.631,       7511,        364,       1.25
  35,     11.908,       4342,        356,       1.63
  37,     13.375,       1020,        344,       1.04
  38,     14.142,        897,        340,       1.45
  40,     15.746,        521,        326,       0.82
  45,      2.696,        253,         88,       1.42
  82,     10.542,       1773,        347,       1.46
Incoherent scattering peaks:,     2
  26,      6.320,       3988,        460,       5.35
  26,      6.963,       7054,        341,       1.51
