Acquisition date and time: 00-00-   0 (00:00:00)
Live Time:,        0
Real Time:,        0
 
Photopeaks:,    22
  11,      1.041,        175,         70,       1.41
  12,      1.254,        157,         72,       1.26
  13,      1.487,        385,         75,       0.77
  14,      1.740,         60,         73,       0.60
  16,      2.307,        178,         73,       0.94
  17,      2.622,       -361,         95,       1.73
  19,      3.313,        243,         85,       1.13
  20,      3.691,        231,         98,       1.03
  22,      4.509,        502,        152,       1.62
  23,      4.950,       -194,        266,       1.17
  24,      5.412,       2057,        221,       2.20
  25,      5.895,       1383,        269,       1.47
  26,      6.399,       5161,        609,       2.07
  28,      7.472,       5208,        536,       1.96
  29,      8.041,      12714,        560,       4.42
  30,      8.631,       4186,        545,       2.89
  35,     11.908,       2435,        548,       1.62
  37,     13.375,       1229,        534,       1.19
  38,     14.142,       1817,        525,       1.30
  40,     15.746,        498,        501,       1.25
  45,      2.696,        967,         83,       1.63
  82,     10.542,       1404,        534,       1.74
Incoherent scattering peaks:,     2
  26,      6.320,       1809,        742,       1.96
  26,      6.963,       8869,        379,       2.01
