Acquisition date and time: 00-00-   0 (00:00:00)
Live Time:,        0
Real Time:,        0
 
Photopeaks:,    22
  11,      1.041,       2550,        102,       1.99
  12,      1.254,        781,         91,       1.98
  13,      1.487,       5693,        125,       1.73
  14,      1.740,      27087,        202,       5.88
  16,      2.307,      72923,        300,       5.55
  17,      2.622,     251783,        505,      12.89
  19,      3.313,     140080,        389,      10.60
  20,      3.691,     117092,        367,       3.43
  22,      4.509,      15081,        225,       3.15
  23,      4.950,        805,        174,       1.71
  24,      5.412,       2639,        187,       2.33
  25,      5.895,       5352,        231,       2.79
  26,      6.399,     406091,        752,      11.44
  28,      7.472,       2529,        429,       2.74
  29,      8.041,      14144,        453,       2.39
  30,      8.631,      25250,        464,       1.84
  35,     11.908,      36801,        473,       2.74
  38,     14.142,       2938,        408,       1.27
  40,     15.746,       1068,        389,       1.52
  56,      4.464,       1289,        246,       3.20
  72,      7.893,       1551,        431,       4.06
  82,     10.542,       4953,        427,       1.74
Incoherent scattering peaks:,     2
  26,      6.320,       8627,        591,      10.00
  26,      6.963,      11964,        445,       4.60
