Acquisition date and time: 00-00-   0 (00:00:00)
Live Time:,        0
Real Time:,        0
 
Photopeaks:,    22
  11,      1.041,        204,         89,       1.97
  12,      1.254,        100,         90,       1.82
  13,      1.487,       4409,        119,       1.71
  14,      1.740,      17839,        171,       3.08
  16,      2.307,      19794,        178,       2.93
  17,      2.622,      32543,        243,       3.42
  19,      3.313,     126955,        373,       6.63
  20,      3.691,      61114,        291,       4.02
  22,      4.509,      12518,        199,       2.02
  23,      4.950,        396,        213,       1.67
  24,      5.412,       2716,        230,       1.79
  25,      5.895,       5249,        278,       2.21
  26,      6.399,     226967,        691,       8.07
  28,      7.472,       6091,        536,       4.34
  29,      8.041,      15382,        561,       5.80
  30,      8.631,      18383,        558,       1.64
  35,     11.908,       7891,        547,       1.84
  37,     13.375,       1564,        530,       0.99
  38,     14.142,       1512,        525,       1.97
  40,     15.746,        633,        502,       1.36
  45,      2.696,        846,        140,       2.17
  82,     10.542,       3259,        543,       1.66
Incoherent scattering peaks:,     2
  26,      6.320,       8518,        699,       8.02
  26,      6.963,      17395,        510,       2.68
