Acquisition date and time: 00-00-   0 (00:00:00)
Live Time:,        0
Real Time:,        0
 
Photopeaks:,    22
  11,      1.041,        610,         71,       1.88
  12,      1.254,        419,         73,       2.73
  13,      1.487,       8704,        125,       2.42
  14,      1.740,      39785,        219,       6.13
  16,      2.307,      20482,        169,       1.12
  17,      2.622,      50835,        272,       4.01
  19,      3.313,      61264,        263,       6.15
  20,      3.691,      73724,        289,       3.54
  22,      4.509,      21951,        191,       1.81
  23,      4.950,        591,        163,       1.07
  24,      5.412,       2180,        165,       1.40
  25,      5.895,       4875,        204,       1.63
  26,      6.399,     453980,        758,      10.89
  28,      7.472,       1888,        369,       2.01
  29,      8.041,       9186,        379,       1.97
  30,      8.631,      11556,        386,       2.02
  35,     11.908,       3959,        368,       1.99
  37,     13.375,       1321,        357,       1.73
  38,     14.142,       2081,        347,       1.02
  40,     15.746,       1180,        333,       1.38
  45,      2.696,        561,        128,       2.84
  82,     10.542,       1742,        360,       2.23
Incoherent scattering peaks:,     2
  26,      6.320,       7302,        535,       9.26
  26,      6.963,       9146,        398,       5.07
