Acquisition date and time: 00-00-   0 (00:00:00)
Live Time:,        0
Real Time:,        0
 
Photopeaks:,    22
  11,      1.041,        942,         93,       1.67
  12,      1.254,        590,         94,       2.66
  13,      1.487,      10104,        147,       1.71
  14,      1.740,      52132,        259,       8.18
  16,      2.307,      41768,        239,       2.69
  17,      2.622,     120362,        363,       9.50
  19,      3.313,     174467,        435,      10.98
  20,      3.691,     176803,        443,       8.69
  22,      4.509,      27044,        272,       2.06
  23,      4.950,       1214,        198,       1.59
  24,      5.412,       2836,        207,       1.39
  25,      5.895,       7153,        257,       1.10
  26,      6.399,     699654,        946,      18.06
  28,      7.472,       3076,        471,       2.02
  29,      8.041,      12348,        490,       2.76
  30,      8.631,      22835,        498,       2.05
  35,     11.908,       8700,        475,       1.79
  38,     14.142,       3508,        445,       1.63
  40,     15.746,       1811,        426,       1.44
  56,      4.464,       1858,        276,       2.08
  72,      7.893,       1789,        471,       3.80
  82,     10.542,       3468,        466,       2.24
Incoherent scattering peaks:,     2
  26,      6.320,      11089,        672,      16.29
  26,      6.963,      15223,        508,       8.17
