Acquisition date and time: 00-00-   0 (00:00:00)
Live Time:,        0
Real Time:,        0
 
Photopeaks:,    22
  11,      1.041,        721,         82,       0.92
  12,      1.254,        414,         82,       2.05
  13,      1.487,       4017,        113,       2.77
  14,      1.740,      19085,        175,       3.38
  16,      2.307,      51855,        254,       5.00
  17,      2.622,      59181,        267,       5.35
  19,      3.313,     156206,        408,       5.75
  20,      3.691,      95934,        340,       4.21
  22,      4.509,      11351,        213,       1.61
  23,      4.950,        401,        170,       1.27
  24,      5.412,       1776,        187,       1.11
  25,      5.895,       4050,        226,       3.22
  26,      6.399,     242306,        637,      10.92
  28,      7.472,       2908,        427,       2.30
  29,      8.041,      11344,        459,       2.42
  30,      8.631,      21803,        458,       1.26
  35,     11.908,      16131,        447,       1.54
  38,     14.142,       2382,        416,       1.72
  40,     15.746,        903,        397,       1.85
  56,      4.464,       1000,        246,       1.71
  72,      7.893,       2027,        440,       4.20
  82,     10.542,       2972,        426,       2.07
Incoherent scattering peaks:,     2
  26,      6.320,       7854,        575,      10.41
  26,      6.963,      11566,        424,       2.43
