Acquisition date and time: 00-00-   0 (00:00:00)
Live Time:,        0
Real Time:,        0
 
Photopeaks:,    22
  11,      1.041,        745,         76,       1.38
  12,      1.254,        312,         73,       1.17
  13,      1.487,       1921,         93,       1.84
  14,      1.740,       5785,        118,       3.03
  16,      2.307,      43659,        234,       3.96
  17,      2.622,      75735,        294,       4.32
  19,      3.313,     276116,        524,       8.75
  20,      3.691,      33260,        237,       4.36
  22,      4.509,       3116,        164,       2.15
  23,      4.950,        393,        145,       1.32
  24,      5.412,       1413,        161,       1.42
  25,      5.895,       2097,        194,       1.34
  26,      6.399,      83639,        428,       4.12
  28,      7.472,       2686,        378,       1.91
  29,      8.041,       9671,        398,       1.95
  30,      8.631,      26988,        421,       1.50
  35,     11.908,      16007,        407,       1.98
  38,     14.142,        985,        363,       1.27
  40,     15.746,        605,        346,       1.27
  56,      4.464,        649,        206,       2.27
  72,      7.893,       1462,        380,       3.56
  82,     10.542,      10220,        389,       2.32
Incoherent scattering peaks:,     2
  26,      6.320,       5518,        456,       3.98
  26,      6.963,       8251,        353,       2.05
