$Informacoes da Fluorescencia de Raios-X:
"Sample    : ACC832refeito",                                                              
"Operator  : thiago",                                                                     
"Comment  : ",                                                                            
"Group     : thiago_acra2010ma",                                                          
"Date       : 2011-08-04 02:47:37",                                                       
"",                                                                                       
"Mesurement Condition",                                                                   
"------------------------------------------------------------------------------------",   
"Instrument : 700HS2   Atmosphere : Vac.   Collimator : 10(mm)   Spin : No",              
"------------------------------------------------------------------------------------",   
"Analyte               TG kV   uA      FI Acq.(keV)  Anal.(keV)  Time(sec)     DT(%)",    
"------------------------------------------------------------------------------------",   
"Na                    Rh 50 1000-Auto Al  0 - 20    0.8 - 1.2   Live -  960   16",       
"Channel_info_start",                                                                     
"Channel : Na",                                                                           
"Points : 2048
"Range : 0.000000 - 20.480000",                                                           
"Step : 0.010000",                                                                        
"Channel_info_end",                                                                       
$DATA:
       0    2047
       0       0       0       0       0       0       0       0       0    2048
       0       0       0       0       0       0       0       0       0       0
       0       0       0       0       0       0       0       0       0       0
       0       0       0       0       0       0       0       0       3      15
      96     194     186     219     201     196     176     182     196     212
     190     200     207     234     186     222     214     226     205     229
     189     240     245     287     241     259     285     300     277     295
     299     301     305     322     294     288     321     349     331     376
     297     331     277     267     227     225     216     204     207     248
     233     227     220     266     260     271     267     316     288     311
     273     280     274     274     244     240     225     240     268     260
     284     323     275     276     309     278     305     290     282     266
     233     257     223     211     195     230     178     217     198     224
     262     247     255     268     266     277     250     325     284     285
     231     248     205     258     240     230     245     292     284     275
     396     442     570     873     877    1116    1170    1375    1434    1423
    1351    1373    1184    1173     913     802     670     670     558     505
     449     439     492     587     784    1111    1441    2125    2777    3702
    4245    5127    5586    5984    5925    6213    5531    5271    4226    3918
    2964    2492    1779    1396    1042     830     657     593     465     463
     405     480     383     459     441     496     513     471     460     482
     495     520     428     457     408     435     361     392     323     343
     354     356     340     348     338     368     336     433     461     569
     653     806    1009    1369    1752    2209    2392    3124    3411    3799
    3915    4235    3980    3888    3479    3156    2567    2393    1804    1584
    1128    1055     839     792     694     731     644     713     708     793
     894    1029    1179    1587    2029    2984    3217    4251    4742    5811
    6239    6928    6888    7318    6974    6554    5535    5004    4091    3607
    2597    2189    1512    1304     967     857     738     778     775     832
     926     861     894     932     802     792     696     672     599     544
     462     389     355     351     305     251     233     270     263     281
     259     260     265     260     261     241     239     300     293     277
     260     285     311     325     375     397     425     528     558     791
    1004    1344    1682    2471    3024    3893    4531    5685    6200    7263
    7255    8069    7982    8061    7111    7269    5859    5302    4137    3464
    2705    2163    1561    1154     907     735     543     550     528     606
     605     753     862    1066    1181    1492    1895    2391    2940    3733
    4619    5998    6896    8678    9866   11836   12690   14357   14360   15221
   14557   14573   13276   12618   10611    9558    7766    6447    4710    3628
    2737    2155    1422    1100     796     656     534     531     504     552
     596     729     820     912    1048    1316    1408    1646    1727    2005
    1935    2096    1987    2092    1875    1946    1611    1610    1314    1186
     955     824     658     619     481     455     390     407     345     326
     319     357     345     350     339     385     352     341     356     348
     345     393     368     407     403     424     487     541     594     739
     839    1030    1100    1329    1601    1870    2041    2403    2531    2806
    2615    2885    2768    2787    2492    2514    2207    1983    1724    1568
    1314    1246    1014     989     916     790     729     707     702     678
     606     647     597     626     604     607     646     695     601     655
     633     686     683     767     768     868     781     829     849     931
     858     985     990     941     921     979     987     982     906     869
     805     796     718     749     634     622     635     657     611     657
     571     666     598     620     614     681     653     634     621     662
     661     675     638     733     706     756     669     725     687     766
     720     756     750     851     813     864     844     915     902     971
     985     948     985    1004     962     931     897     962     912     917
     815     949     843     885     841     858     885     892     875     840
     794     869     854     894     906     855     903     890     866     893
     892     897     945     984     898     979     971    1126    1066    1094
    1119    1136    1245    1357    1353    1512    1440    1522    1485    1661
    1514    1699    1508    1619    1370    1434    1412    1404    1305    1270
    1251    1272    1154    1192    1227    1241    1156    1123    1222    1219
    1170    1219    1203    1253    1245    1293    1320    1561    1489    1677
    1886    2322    2662    3436    4351    5572    7270    9253   11752   15098
   17620   22264   26476   31816   34786   40478   43822   48710   48910   55808
   51398   53234   49192   49395   44124   42118   35720   33105   27444   23660
   18910   16007   12556   10346    7688    6270    4714    3941    2980    2449
    2031    1868    1628    1581    1546    1552    1331    1415    1393    1387
    1385    1457    1480    1494    1407    1522    1447    1517    1452    1514
    1469    1574    1485    1566    1575    1635    1659    1803    1861    1956
    2112    2430    2631    3035    3251    3735    4238    4974    5072    5828
    6385    7008    6930    7776    8063    8237    7824    8012    7531    7509
    6689    6384    5780    5427    4652    4239    3779    3323    2830    2684
    2266    2141    1868    1769    1679    1554    1510    1475    1515    1544
    1450    1473    1366    1540    1344    1388    1431    1540    1368    1491
    1410    1543    1446    1472    1489    1512    1455    1410    1518    1485
    1508    1527    1499    1544    1389    1458    1452    1439    1436    1445
    1446    1402    1383    1433    1428    1488    1386    1470    1507    1420
    1380    1469    1443    1455    1390    1494    1450    1489    1416    1446
    1484    1544    1466    1564    1502    1615    1472    1546    1566    1636
    1543    1614    1643    1747    1676    1730    1807    1959    1835    2108
    2012    2153    1897    2074    2054    2160    1965    2086    1931    1980
    1839    1810    1829    1694    1613    1695    1534    1639    1434    1520
    1397    1391    1413    1426    1350    1416    1318    1316    1342    1421
    1199    1351    1363    1266    1256    1337    1303    1372    1346    1360
    1370    1392    1385    1321    1429    1487    1482    1616    1667    1812
    1805    1967    2091    2359    2403    2593    2731    3022    3014    3268
    3373    3558    3386    3512    3715    3637    3276    3336    3042    3064
    2729    2662    2513    2368    1968    2007    1867    1782    1570    1642
    1562    1451    1369    1385    1299    1422    1345    1366    1396    1364
    1262    1329    1372    1401    1242    1311    1347    1375    1250    1199
    1285    1281    1193    1259    1239    1273    1200    1273    1248    1269
    1166    1265    1258    1289    1209    1278    1312    1296    1235    1277
    1229    1253    1203    1238    1259    1320    1252    1312    1207    1309
    1214    1192    1167    1293    1185    1308    1218    1306    1160    1256
    1335    1286    1303    1340    1280    1345    1306    1410    1329    1453
    1370    1401    1457    1467    1505    1481    1488    1524    1461    1480
    1562    1543    1399    1442    1361    1426    1369    1408    1360    1359
    1242    1283    1244    1303    1214    1235    1198    1252    1197    1230
    1210    1196    1146    1237    1157    1190    1215    1193    1163    1153
    1205    1122    1208    1179    1172    1173    1175    1248    1184    1159
    1206    1167    1122    1218    1195    1233    1133    1245    1157    1176
    1167    1178    1190    1158    1122    1112    1188    1193    1125    1242
    1162    1267    1161    1226    1191    1299    1166    1257    1206    1126
    1191    1280    1202    1192    1188    1224    1266    1297    1249    1345
    1214    1352    1253    1332    1391    1442    1321    1400    1468    1527
    1427    1444    1481    1608    1376    1627    1520    1608    1494    1513
    1429    1422    1351    1428    1368    1449    1306    1345    1308    1300
    1274    1318    1172    1351    1273    1233    1175    1196    1201    1262
    1225    1272    1172    1302    1177    1248    1138    1208    1304    1265
    1120    1234    1186    1225    1116    1173    1281    1215    1177    1172
    1263    1218    1169    1283    1232    1246    1210    1192    1198    1267
    1168    1280    1207    1261    1139    1240    1248    1283    1237    1258
    1231    1257    1209    1229    1253    1290    1231    1272    1217    1225
    1165    1204    1150    1245    1169    1218    1279    1216    1163    1234
    1178    1237    1210    1217    1199    1229    1175    1200    1174    1193
    1152    1288    1159    1238    1082    1153    1142    1238    1115    1174
    1186    1197    1159    1126    1163    1291    1159    1258    1237    1304
    1230    1378    1317    1403    1380    1387    1455    1540    1559    1698
    1726    1780    1709    1916    1968    2067    1958    2153    2093    2191
    2054    2271    2152    2188    2109    2027    2011    2005    1860    1829
    1777    1700    1662    1576    1488    1432    1392    1357    1392    1333
    1158    1197    1215    1113    1165    1205    1114    1169    1102    1157
    1098    1189    1087    1107    1133    1190    1081    1188    1078    1119
    1070    1131    1119    1146    1134    1082    1055    1145    1028    1111
    1195    1106    1121    1061    1190    1208    1091    1147    1187    1167
    1156    1231    1190    1203    1238    1316    1261    1295    1231    1285
    1332    1317    1262    1286    1248    1284    1217    1296    1257    1233
    1162    1230    1228    1196    1177    1122    1175    1169    1199    1167
    1140    1127    1105    1097    1077    1106    1020    1085    1077    1082
    1084    1096    1054    1105    1060    1111    1059    1114     994    1050
    1016    1132    1052    1079    1026    1110    1071    1059    1067    1066
    1084    1089    1094    1133    1143    1126    1065    1115    1105    1111
    1154    1159    1165    1161    1157    1192    1151    1230    1181    1275
    1179    1177    1172    1227    1167    1211    1164    1178    1125    1189
    1148    1111    1069    1089    1149    1071    1085    1045    1016    1104
    1076    1042    1034    1039    1047    1030    1073    1046    1007    1026
     991    1024     971    1064    1005     971     962    1019    1062     939
     967     960    1011     939     967     993    1044     989     955    1025
    1013    1022     912     994     977     976     960     984    1032     946
     961    1054    1017    1040     971    1014     978    1022     967    1018
    1016    1095     953    1071    1033    1037    1037    1079    1112    1088
     999    1092    1084    1108     992    1126    1022    1040    1045    1045
    1035    1088    1042    1100    1021    1055     941     976     983     961
     948    1026     970     989     932     976     955     924     934     968
     964     963     943     971     950     971     862     951     919     977
     861     922     961    1039     835     927     889     953     980     936
     962     899     877     899     965     958     885     918    1010     994
     940     898    1004     954     849     924     933     942     920     949
     901     938     943     942     945     957     877     922     940     931
     906     852     834     918     901     887     850     941     876     900
     907     901     869     799     919     884     825     899     878     907
     840     885     916     893     834     891     858     845     886     878
     886     840     810     848     886     829     839     842     849     873
     855     800     881     842     823     808     899     877     830     861
     886     862     869     852     840     849     875     812     844     876
     839     849     819     838     807     892     853     846     837     861
     862     899     871     845     947     882     902     884     940     901
     883     897     829     922     938     962     971    1003     880     989
     922     900     942     894     845     953     848     831     885     857
     838     890     882     892     796     892     809     849     807     779
     892     861     822     800     812     832     798     781     788     814
     814     737     839     839     798     793     764     785     757     790
     806     810     705     780     800     810     749     747     812     765
     791     786     835     806     774     785     838     777     755     775
     796     726     769     814     812     776     729     806     781     845
     781     730     741     824     764     765     797     787     775     796
     801     821     804     829     806     771     710     757     800     785
     770     774     725     807     762     778     788     808     725     769
     781     832     796     733     731     806     770     800     766     786
     781     732     837     821     711     754     792     778     750     730
     757     754     724     789     792     800     744     764     777     780
     716     767     750     762     746     828     832     726     739     752
     778     765     664     773     779     808     717     766     820     788
     737     746     743     742     776     679     788     802     767     766
     788     797     756     814     793     823     767     786     789     764
     762     769     798     794     755     795     795     790     752     765
     861     839     772     754     791     756     815     800     802     827
     762     744     754     797     781     825     826     835     775     806
     809     809     798     795     816     804     811     810     808     861
     828     766     975     832     848     863     863     778     777     820
     877     896     845     779     820     921     788     928     873     856
     807     862     891     903     810     895     914     906     872     913
     910     896     938     880     906     970     882     927     899     952
     932     967     988    1027     934     979    1025    1042     993    1022
    1061    1035    1035    1032    1087    1095    1041    1091    1123    1082
    1110    1114    1214    1159    1138    1209    1274    1308    1264    1229
    1327    1360    1398    1455    1501    1458    1510    1571    1546    1640
    1668    1723    1730    1831    1882    1907    1950    2096    2117    2134
    2217    2471    2257    2410    2583    2616    2624    2687    2967    2995
    2924    3132    3238    3412    3341    3504    3724    3712    3645    3837
    3971    4152    4108    4194    4433    4511    4267    4461    4616    4725
    4729    4728    4857    4905    4670    4926    4968    4977    4852    4786
    5359    4990    4727    4934    4908    4971    4665    4679    4840    4756
    4481    4565    4544    4380    4182    4245    4267    4066    3785    3823
    3795    3729    3513    3421    3495    3420    3027    3221    2997    2909
    2751    2645    2803    2544    2314    2402    2275    2215    2036    2027
    1973    1947    1801    1730    1701    1689    1593    1549    1557    1465
    1379    1373    1365    1369    1277    1250    1234    1233    1144    1244
    1249    1237    1203    1167    1339    1383    1335    1348    1399    1566
    1482    1627    1730    1712    1709    1812    1965    2000    2026    2149
    2245    2338    2298    2401    2488    2529    2529    2639    2707    2617
    2536    2629    2719    2581    2407    2324    2627    2388    2184    2163
    2061    2011    1911    1814    1804    1707    1522    1474    1464    1393
    1206    1104    1087    1051     988     887     881     882     822     770
     786     755     717     727     731     707     640  371999
