Acquisition date and time: 00-00-   0 (00:00:00)
Live Time:,        0
Real Time:,        0
 
Photopeaks:,    24
  11,      1.041,       3197,        120,       3.86
  12,      1.254,       1244,        119,       8.37
  13,      1.487,      22304,        206,       6.61
  14,      1.740,     129819,        396,      18.36
  16,      2.307,      87681,        344,       8.72
  17,      2.622,     486374,        698,      25.47
  19,      3.313,     299813,        568,      17.61
  20,      3.691,     335584,        595,      10.80
  22,      4.509,      57791,        334,       2.73
  23,      4.950,       1716,        206,       3.01
  24,      5.412,       2471,        192,       2.35
  25,      5.895,      17749,        261,       1.79
  26,      6.399,     972407,       1062,      18.30
  28,      7.472,       1071,        412,       1.92
  29,      8.041,      11918,        443,       1.55
  30,      8.631,     106991,        532,       3.62
  35,     11.908,      19154,        425,       2.33
  37,     13.375,       2552,        478,       2.11
  38,     14.142,       7301,        384,       1.37
  39,     14.932,        662,        374,       1.36
  40,     15.746,       3310,        365,       1.59
  56,      4.464,       2381,        282,       3.52
  72,      7.893,        920,        413,       1.46
  82,     10.542,       4031,        407,       2.07
Incoherent scattering peaks:,     2
  26,      6.320,      15213,        661,      15.33
  26,      6.963,      12393,        484,      12.71
