Acquisition date and time: 00-00-   0 (00:00:00)
Live Time:,        0
Real Time:,        0
 
Photopeaks:,    25
  11,      1.041,        320,         88,       4.86
  12,      1.254,       2144,        113,       3.05
  13,      1.487,      58758,        279,       9.68
  14,      1.740,     347718,        610,      45.15
  16,      2.307,      32042,        225,       3.10
  17,      2.622,     118631,        367,       8.01
  19,      3.313,     242420,        518,      22.10
  20,      3.691,     595942,        765,      26.40
  22,      4.509,     133636,        450,       5.58
  23,      4.950,       2649,        242,       3.41
  24,      5.412,       3418,        198,       0.98
  25,      5.895,      37644,        302,       2.71
  26,      6.399,    2300647,       1529,      57.92
  28,      7.472,       1173,        373,       2.11
  29,      8.041,       9083,        381,       1.59
  30,      8.631,      23296,        396,       2.09
  31,      9.243,        535,        363,       1.69
  35,     11.908,       6399,        362,       0.98
  37,     13.375,       3641,        416,       1.59
  38,     14.142,      11970,        345,       1.32
  39,     14.932,       1381,        321,       1.41
  40,     15.746,       6960,        328,       1.31
  56,      4.464,       3503,        295,       6.43
  72,      7.893,       1326,        368,       3.21
  82,     10.542,       3390,        362,       2.98
Incoherent scattering peaks:,     2
  26,      6.320,      24867,        709,      48.21
  26,      6.963,      13791,        507,      45.80
