Acquisition date and time: 00-00-   0 (00:00:00)
Live Time:,        0
Real Time:,        0
 
Photopeaks:,    25
  11,      1.041,        349,         86,       2.50
  12,      1.254,       1834,        108,       4.09
  13,      1.487,      62350,        284,      10.74
  14,      1.740,     352662,        612,      45.11
  16,      2.307,      39345,        242,       2.04
  17,      2.622,     159445,        416,       7.69
  19,      3.313,     340324,        600,      32.02
  20,      3.691,     407141,        647,      13.33
  22,      4.509,     159991,        485,       6.18
  23,      4.950,       3266,        255,       5.82
  24,      5.412,       2699,        202,       1.64
  25,      5.895,      43151,        312,       2.72
  26,      6.399,    2593978,       1618,      41.99
  28,      7.472,       1473,        373,       2.98
  29,      8.041,       8984,        387,       1.62
  30,      8.631,      34856,        411,       1.80
  31,      9.243,        967,        373,       0.84
  35,     11.908,      13858,        381,       2.01
  37,     13.375,       4233,        423,       1.38
  38,     14.142,      11705,        350,       1.49
  39,     14.932,       1637,        330,       2.21
  40,     15.746,       8380,        336,       1.43
  56,      4.464,       3629,        309,       6.77
  72,      7.893,       1120,        374,       1.67
  82,     10.542,       3963,        372,       2.36
Incoherent scattering peaks:,     2
  26,      6.320,      30846,        741,      33.49
  26,      6.963,      16784,        525,      53.92
