Acquisition date and time: 00-00-   0 (00:00:00)
Live Time:,        0
Real Time:,        0
 
Photopeaks:,    24
  11,      1.041,       1194,         82,       1.94
  12,      1.254,        430,         78,       2.15
  13,      1.487,       3147,        108,       4.70
  14,      1.740,      19383,        174,       4.22
  16,      2.307,      32442,        214,       5.09
  17,      2.622,     122368,        362,       9.21
  19,      3.313,     183014,        438,       7.41
  20,      3.691,      99462,        343,       5.55
  22,      4.509,       9947,        198,       1.36
  23,      4.950,        217,        157,       1.13
  24,      5.412,       2657,        172,       1.39
  25,      5.895,      14581,        237,       2.27
  26,      6.399,     266234,        636,       9.09
  28,      7.472,       2356,        388,       1.95
  29,      8.041,       9901,        410,       2.54
  30,      8.631,      48548,        452,       1.99
  34,     11.208,       1514,        391,       1.80
  35,     11.908,       6460,        394,       1.78
  37,     13.375,       1392,        377,       1.30
  38,     14.142,       1990,        364,       1.41
  40,     15.746,        929,        346,       0.91
  56,      4.464,       1314,        226,       1.76
  72,      7.893,       1163,        388,       4.01
  82,     10.542,       3999,        384,       1.69
Incoherent scattering peaks:,     2
  26,      6.320,       5233,        538,       7.77
  26,      6.963,       8193,        394,       3.89
