Acquisition date and time: 00-00-   0 (00:00:00)
Live Time:,        0
Real Time:,        0
 
Photopeaks:,    24
  11,      1.041,        880,        103,       2.41
  12,      1.254,       1706,        121,       6.06
  13,      1.487,      46707,        267,       7.11
  14,      1.740,     283492,        561,      46.41
  16,      2.307,      93129,        350,       4.86
  17,      2.622,     238911,        511,      17.07
  19,      3.313,     493647,        721,      33.80
  20,      3.691,     523223,        738,      19.69
  22,      4.509,     105206,        418,       3.87
  23,      4.950,       2520,        236,       3.92
  24,      5.412,       2966,        204,       1.35
  25,      5.895,      30417,        297,       2.18
  26,      6.399,    1864114,       1402,      47.42
  28,      7.472,       1461,        412,       2.52
  29,      8.041,      15937,        433,       1.80
  30,      8.631,      40669,        457,       2.52
  35,     11.908,      51939,        468,       1.85
  37,     13.375,       4022,        498,       0.87
  38,     14.142,      11478,        387,       1.79
  39,     14.932,        709,        373,       1.02
  40,     15.746,       5952,        365,       1.58
  56,      4.464,       3619,        309,       4.00
  72,      7.893,        890,        410,       2.08
  82,     10.542,      11019,        416,       3.00
Incoherent scattering peaks:,     2
  26,      6.320,      20446,        720,      38.71
  26,      6.963,      13530,        525,      32.86
