Acquisition date and time: 00-00-   0 (00:00:00)
Live Time:,        0
Real Time:,        0
 
Photopeaks:,    24
  11,      1.041,         89,         78,       3.15
  12,      1.254,       1451,        101,       3.45
  13,      1.487,      47924,        253,       9.19
  14,      1.740,     271836,        540,      46.71
  16,      2.307,      33934,        224,       3.46
  17,      2.622,      66133,        287,       8.69
  19,      3.313,     294043,        562,      25.27
  20,      3.691,     475151,        690,      21.82
  22,      4.509,     116592,        424,       3.15
  23,      4.950,       2187,        230,       2.32
  24,      5.412,       3078,        192,       2.01
  25,      5.895,      32438,        284,       2.85
  26,      6.399,    2115796,       1466,      55.64
  28,      7.472,       1354,        370,       2.72
  29,      8.041,      10330,        383,       1.41
  30,      8.631,      38671,        410,       3.33
  35,     11.908,      14407,        378,       2.18
  37,     13.375,       3038,        419,       1.43
  38,     14.142,      11626,        349,       1.59
  39,     14.932,       1317,        326,       2.09
  40,     15.746,       5929,        331,       1.74
  56,      4.464,       4326,        282,       3.51
  72,      7.893,        708,        365,       1.51
  82,     10.542,       7095,        370,       3.01
Incoherent scattering peaks:,     2
  26,      6.320,      23473,        680,      46.24
  26,      6.963,      14281,        496,      36.39
