Acquisition date and time: 00-00-   0 (00:00:00)
Live Time:,        0
Real Time:,        0
 
Photopeaks:,    24
  11,      1.041,        104,         72,       3.57
  12,      1.254,       1208,         95,       3.72
  13,      1.487,      45368,        245,       6.72
  14,      1.740,     284367,        549,      44.47
  16,      2.307,      17431,        179,       2.47
  17,      2.622,      81039,        309,       5.40
  19,      3.313,     302791,        571,      27.31
  20,      3.691,     571182,        750,      23.40
  22,      4.509,     141172,        454,       6.01
  23,      4.950,       2747,        238,       2.57
  24,      5.412,       3630,        189,       1.85
  25,      5.895,      47020,        307,       2.10
  26,      6.399,    2509710,       1582,      50.19
  28,      7.472,       1135,        341,       2.84
  29,      8.041,       7356,        353,       1.52
  30,      8.631,      32759,        380,       1.61
  35,     11.908,      16406,        353,       1.49
  37,     13.375,       4624,        394,       1.47
  38,     14.142,      13360,        328,       1.48
  39,     14.932,       1045,        304,       1.03
  40,     15.746,       7211,        312,       1.83
  56,      4.464,       4142,        281,       6.38
  72,      7.893,        887,        340,       1.33
  82,     10.542,       5146,        344,       2.18
Incoherent scattering peaks:,     2
  26,      6.320,      27795,        697,      40.01
  26,      6.963,      15120,        492,      52.90
