Acquisition date and time: 00-00-   0 (00:00:00)
Live Time:,        0
Real Time:,        0
 
Photopeaks:,    24
  12,      1.254,       1664,         97,       3.55
  13,      1.487,      49953,        255,      10.08
  14,      1.740,     311658,        574,      54.95
  16,      2.307,      10704,        154,       4.70
  17,      2.622,      48977,        251,       6.15
  19,      3.313,     306238,        576,      29.89
  20,      3.691,     634308,        788,      26.62
  22,      4.509,     162539,        483,       5.13
  23,      4.950,       3315,        250,       4.09
  24,      5.412,       3579,        196,       1.87
  25,      5.895,      54237,        325,       3.91
  26,      6.399,    2826508,       1673,      76.75
  28,      7.472,       1790,        340,       3.79
  29,      8.041,       7677,        353,       2.23
  30,      8.631,      19568,        362,       0.86
  31,      9.243,       1213,        344,       1.41
  35,     11.908,       4322,        330,       1.53
  37,     13.375,       5259,        388,       1.13
  38,     14.142,      15338,        330,       1.22
  39,     14.932,       1795,        300,       1.82
  40,     15.746,       9290,        310,       2.30
  56,      4.464,       4634,        289,       4.92
  72,      7.893,        727,        341,       2.38
  82,     10.542,       2700,        341,       2.52
Incoherent scattering peaks:,     2
  26,      6.320,      30612,        722,      63.65
  26,      6.963,      16961,        504,      63.57
