Acquisition date and time: 00-00-   0 (00:00:00)
Live Time:,        0
Real Time:,        0
 
Photopeaks:,    24
  11,      1.041,        522,         91,       1.86
  12,      1.254,        513,         99,       3.72
  13,      1.487,      34592,        227,       6.70
  14,      1.740,     171564,        441,      34.94
  16,      2.307,      64598,        295,       2.74
  17,      2.622,     124967,        381,       6.08
  19,      3.313,     323907,        590,      20.39
  20,      3.691,     454189,        683,      14.56
  22,      4.509,      94197,        404,       3.62
  23,      4.950,       2565,        235,       2.98
  24,      5.412,       3446,        210,       2.78
  25,      5.895,      22444,        287,       1.88
  26,      6.399,    1968678,       1440,      54.48
  28,      7.472,       1618,        433,       1.93
  29,      8.041,      11726,        447,       1.20
  30,      8.631,      43996,        480,       2.38
  35,     11.908,      12097,        437,       1.71
  37,     13.375,       3032,        500,       1.78
  38,     14.142,       7474,        404,       1.31
  39,     14.932,        866,        394,       1.72
  40,     15.746,       5576,        385,       1.80
  56,      4.464,       3727,        303,       3.61
  72,      7.893,       1001,        429,       1.63
  82,     10.542,       6250,        428,       2.82
Incoherent scattering peaks:,     2
  26,      6.320,      19711,        731,      44.82
  26,      6.963,      17524,        548,      32.70
