Acquisition date and time: 00-00-   0 (00:00:00)
Live Time:,        0
Real Time:,        0
 
Photopeaks:,    25
  11,      1.041,        393,         87,       2.26
  12,      1.254,       2179,        111,       5.33
  13,      1.487,      55743,        273,       9.60
  14,      1.740,     357264,        616,      52.94
  16,      2.307,      25545,        211,       2.72
  17,      2.622,     128974,        381,       5.36
  19,      3.313,     351656,        615,      29.05
  20,      3.691,     634992,        793,      27.25
  22,      4.509,     131061,        446,       5.77
  23,      4.950,       2727,        240,       2.73
  24,      5.412,       3140,        197,       1.33
  25,      5.895,      42269,        307,       3.27
  26,      6.399,    2356937,       1545,      47.32
  28,      7.472,       2034,        369,       4.04
  29,      8.041,       8783,        383,       1.51
  30,      8.631,      59731,        438,       2.12
  31,      9.243,        768,        370,       0.90
  35,     11.908,      10939,        373,       1.65
  37,     13.375,       4669,        421,       1.54
  38,     14.142,      13839,        354,       0.96
  39,     14.932,       1206,        329,       1.84
  40,     15.746,       6609,        334,       1.64
  56,      4.464,       3971,        292,       5.92
  72,      7.893,        631,        370,       1.69
  82,     10.542,       5935,        372,       2.33
Incoherent scattering peaks:,     2
  26,      6.320,      28396,        715,      38.57
  26,      6.963,      16050,        512,      47.96
