Acquisition date and time: 00-00-   0 (00:00:00)
Live Time:,        0
Real Time:,        0
 
Photopeaks:,    25
  11,      1.041,        158,         92,       2.40
  12,      1.254,        753,        103,       3.15
  13,      1.487,      18568,        194,       5.37
  14,      1.740,      96552,        344,      28.60
  16,      2.307,      59018,        289,       6.81
  17,      2.622,      85300,        336,       7.49
  19,      3.313,     709629,        851,      34.60
  20,      3.691,     348189,        631,      14.04
  22,      4.509,      34116,        294,       2.35
  23,      4.950,       1366,        203,       1.97
  24,      5.412,       1346,        203,       0.69
  25,      5.895,      20872,        282,       2.44
  26,      6.399,     578411,        877,      17.55
  28,      7.472,       3024,        457,       2.83
  29,      8.041,      12885,        488,       1.96
  30,      8.631,      24352,        488,       2.57
  31,      9.243,       -361,        459,       2.28
  35,     11.908,      35117,        502,       3.13
  37,     13.375,       4302,        559,       1.64
  38,     14.142,       7114,        446,       1.58
  39,     14.932,         14,        433,       1.85
  40,     15.746,       1763,        417,       0.94
  56,      4.464,       1135,        294,       2.90
  72,      7.893,       2026,        461,       5.56
  82,     10.542,       5021,        462,       1.76
Incoherent scattering peaks:,     2
  26,      6.320,       9201,        654,      15.14
  26,      6.963,      12199,        486,       8.13
