Acquisition date and time: 00-00-   0 (00:00:00)
Live Time:,        0
Real Time:,        0
 
Photopeaks:,    24
  11,      1.041,        191,         90,       2.03
  12,      1.254,       1405,        112,       3.57
  13,      1.487,      50090,        265,       8.28
  14,      1.740,     292194,        565,      48.15
  16,      2.307,      66977,        297,       4.87
  17,      2.622,      49577,        270,      11.66
  19,      3.313,     346105,        610,      27.45
  20,      3.691,     493573,        711,      16.85
  22,      4.509,     116154,        436,       4.18
  23,      4.950,       2837,        244,       2.94
  24,      5.412,       3725,        212,       2.06
  25,      5.895,      32056,        306,       2.09
  26,      6.399,    2083924,       1478,      50.44
  28,      7.472,       1165,        429,       2.00
  29,      8.041,      11443,        440,       2.35
  30,      8.631,      26626,        454,       2.59
  35,     11.908,      14213,        429,       2.70
  37,     13.375,       3649,        488,       1.60
  38,     14.142,       9917,        396,       2.19
  39,     14.932,        957,        384,       1.51
  40,     15.746,       6074,        378,       1.73
  56,      4.464,       3527,        311,       4.47
  72,      7.893,        893,        423,       2.97
  82,     10.542,       4944,        419,       2.51
Incoherent scattering peaks:,     2
  26,      6.320,      22161,        743,      40.71
  26,      6.963,      15643,        548,      36.10
