Acquisition date and time: 00-00-   0 (00:00:00)
Live Time:,        0
Real Time:,        0
 
Photopeaks:,    25
  11,      1.041,         50,         64,       1.53
  12,      1.254,       1287,         88,       2.22
  13,      1.487,      39287,        227,       8.81
  14,      1.740,     254414,        519,      38.01
  16,      2.307,       7453,        135,       5.11
  17,      2.622,      37129,        222,       4.86
  19,      3.313,     238482,        513,      16.56
  20,      3.691,     667623,        802,      30.27
  22,      4.509,     155418,        471,       3.74
  23,      4.950,       3444,        243,       3.09
  24,      5.412,       3195,        189,       1.37
  25,      5.895,      52316,        316,       4.10
  26,      6.399,    2798969,       1661,      55.15
  28,      7.472,       1555,        324,       4.45
  29,      8.041,       6899,        337,       1.77
  30,      8.631,      15723,        345,       2.15
  31,      9.243,       1031,        331,       1.56
  35,     11.908,       3220,        316,       1.36
  37,     13.375,       5292,        373,       1.49
  38,     14.142,      16117,        318,       1.91
  39,     14.932,       1638,        287,       1.41
  40,     15.746,       9798,        302,       1.79
  56,      4.464,       4346,        280,       4.19
  72,      7.893,        612,        324,       2.20
  82,     10.542,       1980,        327,       2.57
Incoherent scattering peaks:,     2
  26,      6.320,      28491,        700,      46.39
  26,      6.963,      16120,        488,      69.03
