Acquisition date and time: 00-00-   0 (00:00:00)
Live Time:,        0
Real Time:,        0
 
Photopeaks:,    24
  11,      1.041,       1925,        116,       1.21
  12,      1.254,        716,        119,       4.23
  13,      1.487,      28674,        225,       6.99
  14,      1.740,     152777,        425,      23.38
  16,      2.307,     130736,        401,       8.39
  17,      2.622,     282330,        548,      25.05
  19,      3.313,     443460,        677,      26.42
  20,      3.691,     183308,        474,       9.01
  22,      4.509,      59630,        355,       3.44
  23,      4.950,       2384,        230,       1.74
  24,      5.412,       2028,        219,       2.55
  25,      5.895,      17904,        291,       1.67
  26,      6.399,     971037,       1088,      26.00
  28,      7.472,       2646,        485,       2.25
  29,      8.041,      13595,        516,       1.90
  30,      8.631,     130618,        611,       4.63
  35,     11.908,      20257,        499,       2.58
  37,     13.375,       3649,        569,       1.69
  38,     14.142,       4939,        454,       2.22
  39,     14.932,        600,        448,       1.54
  40,     15.746,       3896,        435,       1.46
  56,      4.464,       1607,        322,       4.78
  72,      7.893,       1708,        490,       3.90
  82,     10.542,       7702,        483,       2.70
Incoherent scattering peaks:,     2
  26,      6.320,      15289,        728,      21.76
  26,      6.963,      14196,        540,      12.17
