Acquisition date and time: 00-00-   0 (00:00:00)
Live Time:,        0
Real Time:,        0
 
Photopeaks:,    24
  11,      1.041,        344,         85,       2.46
  12,      1.254,        234,         90,       2.03
  13,      1.487,      11982,        159,       5.21
  14,      1.740,      58582,        274,      17.00
  16,      2.307,      92361,        334,       7.24
  17,      2.622,      97199,        340,       9.10
  19,      3.313,     395208,        631,      22.86
  20,      3.691,      74631,        331,       6.64
  22,      4.509,      23534,        256,       1.94
  23,      4.950,       1312,        184,       1.43
  24,      5.412,       1611,        188,       2.04
  25,      5.895,       8754,        240,       2.06
  26,      6.399,     382506,        744,      12.35
  28,      7.472,       2739,        425,       2.10
  29,      8.041,      11487,        456,       2.56
  30,      8.631,      38955,        476,       2.78
  35,     11.908,      17264,        447,       2.34
  37,     13.375,       2807,        511,       2.04
  38,     14.142,       2231,        410,       1.86
  39,     14.932,        439,        398,       1.76
  40,     15.746,       1273,        382,       1.59
  56,      4.464,       1069,        264,       2.85
  72,      7.893,       1549,        437,       3.79
  82,     10.542,       5653,        429,       1.46
Incoherent scattering peaks:,     2
  26,      6.320,       8735,        597,      10.86
  26,      6.963,      10261,        439,       3.51
