Acquisition date and time: 00-00-   0 (00:00:00)
Live Time:,        0
Real Time:,        0
 
Photopeaks:,    15
  11,      1.041,        983,         93,       0.75
  12,      1.254,        347,         92,       3.58
  13,      1.487,      10617,        146,       1.78
  14,      1.740,      56044,        262,       4.36
  15,      2.013,        883,        119,       2.35
  16,      2.307,      51786,        337,       2.62
  17,      2.622,     110968,        487,       6.41
  19,      3.313,     148520,        464,       8.89
  20,      3.691,     213921,        474,       6.83
  22,      4.509,      28803,        276,       2.71
  23,      4.950,        927,        192,       1.63
  24,      5.412,       1726,        194,       1.61
  25,      5.895,       8668,        250,       6.41
  45,      2.696,        783,        202,       5.85
  56,      4.464,       1813,        266,       2.60
Incoherent scattering peaks:,     3
  16,      2.297,       4557,        385,       2.62
  17,      2.609,        740,        607,       6.22
  19,      3.292,       1409,        371,       9.21
