Acquisition date and time: 00-00-   0 (00:00:00)
Live Time:,        0
Real Time:,        0
 
Photopeaks:,    15
  11,      1.041,       2755,        102,       3.80
  12,      1.254,        799,         96,       4.20
  13,      1.487,      10174,        146,       2.64
  14,      1.740,      53600,        258,       5.39
  15,      2.013,       1086,        126,       2.51
  16,      2.307,      73568,        401,       4.71
  17,      2.622,     299417,        769,      17.35
  19,      3.313,     174853,        493,       6.62
  20,      3.691,     226751,        485,       7.95
  22,      4.509,      28860,        262,       1.36
  23,      4.950,       1342,        171,       1.36
  24,      5.412,       2490,        169,       1.60
  25,      5.895,       8898,        222,       6.81
  45,      2.696,         68,        267,      13.08
  56,      4.464,       1977,        244,       1.95
Incoherent scattering peaks:,     3
  16,      2.297,      12853,        450,       4.50
  17,      2.609,      13009,        865,      16.71
  19,      3.292,       2110,        380,       6.77
