Acquisition date and time: 00-00-   0 (00:00:00)
Live Time:,        0
Real Time:,        0
 
Photopeaks:,    23
  11,      1.041,       1367,         94,       2.65
  12,      1.254,        528,         92,       2.55
  13,      1.487,       9968,        151,       4.61
  14,      1.740,      54678,        267,       9.88
  16,      2.307,      70382,        300,       4.35
  17,      2.622,     160659,        416,      10.68
  19,      3.313,     223185,        488,      10.93
  20,      3.691,     212170,        480,       5.82
  22,      4.509,      29558,        270,       4.05
  23,      4.950,       1222,        187,       1.92
  24,      5.412,       2248,        189,       1.39
  25,      5.895,       8729,        242,       1.91
  26,      6.399,     648403,        908,      15.79
  28,      7.472,       1669,        428,       1.26
  29,      8.041,      20068,        470,       1.68
  30,      8.631,      32993,        469,       1.02
  35,     11.908,      13697,        441,       1.53
  37,     13.375,       2028,        491,       1.83
  38,     14.142,       4154,        403,       1.03
  40,     15.746,       1562,        383,       1.04
  56,      4.464,       1745,        263,       4.52
  72,      7.893,       1513,        431,       2.92
  82,     10.542,       5283,        425,       1.95
Incoherent scattering peaks:,     2
  26,      6.320,       9917,        642,      14.06
  26,      6.963,      11958,        471,       8.32
