Acquisition date and time: 00-00-   0 (00:00:00)
Live Time:,        0
Real Time:,        0
 
Photopeaks:,    24
  11,      1.041,       4054,        133,       4.96
  12,      1.254,       1727,        124,       4.84
  13,      1.487,      14453,        192,      10.31
  14,      1.740,      79086,        332,      14.45
  16,      2.307,     105536,        382,      17.05
  17,      2.622,     694863,        831,      44.28
  19,      3.313,     380777,        641,      22.38
  20,      3.691,     496037,        716,      18.15
  22,      4.509,      45942,        322,       2.74
  23,      4.950,       1307,        209,       3.06
  24,      5.412,       3066,        202,       2.59
  25,      5.895,      16866,        273,       2.06
  26,      6.399,     902864,       1045,      25.33
  28,      7.472,       1488,        448,       1.79
  29,      8.041,      11396,        467,       2.53
  30,      8.631,      51220,        510,       2.64
  35,     11.908,      18904,        467,       1.93
  37,     13.375,       2674,        524,       2.41
  38,     14.142,       9706,        426,       3.02
  39,     14.932,        159,        413,       1.21
  40,     15.746,       1989,        399,       1.55
  56,      4.464,       3532,        298,       3.35
  72,      7.893,       1000,        449,       2.89
  82,     10.542,      12399,        456,       2.70
Incoherent scattering peaks:,     2
  26,      6.320,      17391,        694,      20.61
  26,      6.963,      13437,        509,      12.24
