Acquisition date and time: 00-00-   0 (00:00:00)
Live Time:,        0
Real Time:,        0
 
Photopeaks:,    24
  11,      1.041,       4527,        123,       1.43
  12,      1.254,       1811,        113,       3.25
  13,      1.487,       8195,        155,       6.42
  14,      1.740,      43376,        256,      11.34
  16,      2.307,      83043,        338,       9.69
  17,      2.622,     638090,        791,      39.08
  19,      3.313,     285056,        552,      20.80
  20,      3.691,     307625,        570,      11.27
  22,      4.509,      25517,        254,       1.95
  23,      4.950,        784,        172,       2.11
  24,      5.412,       2178,        174,       0.87
  25,      5.895,      10507,        232,       1.69
  26,      6.399,     507375,        808,      18.38
  28,      7.472,       1346,        393,       1.24
  29,      8.041,       9919,        412,       1.92
  30,      8.631,      28467,        434,       2.85
  35,     11.908,      18009,        415,       2.94
  37,     13.375,       1819,        459,       1.42
  38,     14.142,       6944,        373,       1.79
  39,     14.932,        130,        354,       1.50
  40,     15.746,       1186,        351,       1.07
  56,      4.464,       2273,        249,       2.71
  72,      7.893,       1055,        394,       3.60
  82,     10.542,       3121,        391,       1.25
Incoherent scattering peaks:,     2
  26,      6.320,      13779,        585,      16.43
  26,      6.963,       9664,        428,       7.60
