Acquisition date and time: 00-00-   0 (00:00:00)
Live Time:,        0
Real Time:,        0
 
Photopeaks:,    15
  11,      1.041,       1363,        104,       3.27
  12,      1.254,       1673,        111,       3.89
  13,      1.487,      39757,        259,       5.96
  14,      1.740,     195869,        626,      10.12
  15,      2.013,       4483,        179,       2.31
  16,      2.307,      64741,        388,       3.85
  17,      2.622,     265609,        602,       8.58
  19,      3.313,     415195,        757,      14.25
  20,      3.691,     749160,       1080,      10.59
  22,      4.509,     113812,        440,       2.29
  23,      4.950,        966,        235,       1.68
  24,      5.412,       3297,        196,       1.44
  25,      5.895,      22974,        279,      19.87
  45,      2.696,       2645,        258,       7.03
  56,      4.464,       8860,        308,       1.82
Incoherent scattering peaks:,     4
  14,      1.734,       2200,        641,      10.65
  16,      2.297,       6660,        438,       3.73
  19,      3.292,      13956,        544,      13.91
  20,      3.665,      15666,        972,      10.01
