Acquisition date and time: 00-00-   0 (00:00:00)
Live Time:,        0
Real Time:,        0
 
Photopeaks:,    15
  11,      1.041,       2143,        102,       2.12
  12,      1.254,        711,         99,       4.24
  13,      1.487,      13591,        163,       4.49
  14,      1.740,      64504,        281,       4.88
  15,      2.013,        590,        127,       1.91
  16,      2.307,      68567,        384,       3.58
  17,      2.622,     241302,        571,      11.55
  19,      3.313,     308889,        640,       7.72
  20,      3.691,     160899,        431,       4.34
  22,      4.509,      28190,        265,       1.74
  23,      4.950,        595,        180,       2.07
  24,      5.412,       1260,        180,       1.20
  25,      5.895,       5829,        224,       4.32
  45,      2.696,       2292,        238,       7.52
  56,      4.464,       1704,        252,       1.61
Incoherent scattering peaks:,     2
  16,      2.297,       9525,        417,       3.54
  19,      3.292,       3305,        462,       6.51
