Acquisition date and time: 00-00-   0 (00:00:00)
Live Time:,        0
Real Time:,        0
 
Photopeaks:,    15
  11,      1.041,        463,         95,       4.87
  12,      1.254,       2928,        116,       3.20
  13,      1.487,      54794,        294,       6.41
  14,      1.740,     261718,        742,      14.66
  15,      2.013,       2328,        162,       4.21
  16,      2.307,      49972,        277,       2.31
  17,      2.622,     141116,        534,       8.15
  19,      3.313,     299324,        659,      10.40
  20,      3.691,     852250,       1141,      11.65
  22,      4.509,     129904,        461,       2.91
  23,      4.950,       2398,        246,       0.73
  24,      5.412,       3848,        201,       1.05
  25,      5.895,      26862,        290,      27.25
  45,      2.696,        608,        231,       6.84
  56,      4.464,       6809,        312,       2.77
Incoherent scattering peaks:,     4
  14,      1.734,       6741,        762,      16.32
  17,      2.609,       1259,        605,       7.97
  19,      3.292,      11661,        504,      10.12
  20,      3.665,      17779,       1000,      11.50
