Acquisition date and time: 00-00-   0 (00:00:00)
Live Time:,        0
Real Time:,        0
 
Photopeaks:,    15
  11,      1.041,        709,         99,       4.05
  12,      1.254,       1895,        109,       2.38
  13,      1.487,      43046,        241,       5.39
  14,      1.740,     214611,        483,      15.51
  15,      2.013,       2235,        146,       5.47
  16,      2.307,      53978,        348,       3.41
  17,      2.622,     108519,        400,       6.92
  19,      3.313,     232653,        574,      12.77
  20,      3.691,     477840,        687,      12.73
  22,      4.509,     101032,        424,       2.65
  23,      4.950,       1698,        242,       1.33
  24,      5.412,       3470,        214,       1.66
  25,      5.895,      20274,        295,      18.77
  45,      2.696,        344,        190,       4.88
  56,      4.464,       4949,        323,       2.81
Incoherent scattering peaks:,     2
  16,      2.297,        201,        378,       3.37
  19,      3.292,       4760,        441,      12.20
