Acquisition date and time: 00-00-   0 (00:00:00)
Live Time:,        0
Real Time:,        0
 
Photopeaks:,    15
  11,      1.041,        625,         84,       1.09
  12,      1.254,        495,         87,       1.13
  13,      1.487,       8211,        140,       1.38
  14,      1.740,      38762,        303,       4.47
  15,      2.013,        583,        106,       1.40
  16,      2.307,      46861,        312,       2.35
  17,      2.622,      13373,        177,       1.80
  19,      3.313,     133887,        454,       5.11
  20,      3.691,      47304,        347,       3.49
  22,      4.509,      14044,        239,       1.98
  23,      4.950,        833,        188,       0.62
  24,      5.412,        996,        197,       1.24
  25,      5.895,       5635,        241,       2.84
  45,      2.696,        473,        116,       1.64
  56,      4.464,       1797,        267,       1.97
Incoherent scattering peaks:,     4
  14,      1.734,       2254,        335,       4.37
  16,      2.297,       1890,        321,       2.33
  19,      3.292,        653,        356,       4.94
  20,      3.665,        437,        424,       2.79
