Acquisition date and time: 00-00-   0 (00:00:00)
Live Time:,        0
Real Time:,        0
 
Photopeaks:,    15
  11,      1.041,        557,         86,       3.31
  12,      1.254,       1441,         98,       1.39
  13,      1.487,      32802,        233,       3.43
  14,      1.740,     173728,        601,      11.66
  15,      2.013,       1632,        139,       2.90
  16,      2.307,      70654,        379,       3.52
  17,      2.622,      61768,        314,       2.70
  19,      3.313,     201655,        543,       7.39
  20,      3.691,     327351,        751,       4.92
  22,      4.509,      70444,        366,       2.71
  23,      4.950,       1310,        215,       1.22
  24,      5.412,       2358,        192,       0.83
  25,      5.895,      19439,        273,      20.37
  45,      2.696,        501,        160,       1.79
  56,      4.464,       3639,        290,       2.46
Incoherent scattering peaks:,     4
  14,      1.734,       6335,        607,      11.82
  16,      2.297,       3538,        390,       3.63
  19,      3.292,       3641,        409,       7.04
  20,      3.665,       6057,        718,       4.93
