Acquisition date and time: 00-00-   0 (00:00:00)
Live Time:,        0
Real Time:,        0
 
Photopeaks:,    14
  11,      1.041,       1887,        111,       3.01
  12,      1.254,       1474,        114,       6.21
  13,      1.487,      41004,        241,       3.02
  14,      1.740,     186707,        455,      11.56
  15,      2.013,       2536,        157,       2.75
  16,      2.307,      77628,        417,       4.51
  17,      2.622,     287094,        735,       7.88
  19,      3.313,     279242,        620,       8.02
  20,      3.691,     516809,        715,       7.28
  22,      4.509,     103719,        421,       3.22
  23,      4.950,       1329,        234,       1.98
  24,      5.412,       3285,        202,       1.61
  25,      5.895,      18014,        276,      19.53
  56,      4.464,       4392,        306,       4.17
Incoherent scattering peaks:,     3
  16,      2.297,       9214,        479,       4.77
  17,      2.609,       6655,        741,       8.38
  19,      3.292,       4652,        459,       8.36
