Acquisition date and time: 00-00-   0 (00:00:00)
Live Time:,        0
Real Time:,        0
 
Photopeaks:,    15
  11,      1.041,        437,         93,       4.25
  12,      1.254,       1492,        103,       3.26
  13,      1.487,      37004,        248,       3.71
  14,      1.740,     177636,        617,      15.09
  15,      2.013,       1857,        144,       2.44
  16,      2.307,      65182,        369,       4.14
  17,      2.622,      50928,        295,       5.58
  19,      3.313,     268783,        622,      13.47
  20,      3.691,     292808,        728,      10.71
  22,      4.509,      79534,        389,       3.50
  23,      4.950,       1676,        229,       1.81
  24,      5.412,       2686,        206,       2.31
  25,      5.895,      19738,        281,      20.93
  45,      2.696,         90,        160,       3.89
  56,      4.464,       3473,        308,       3.98
Incoherent scattering peaks:,     4
  14,      1.734,       4860,        633,      15.36
  16,      2.297,        962,        384,       4.20
  19,      3.292,       5071,        449,      13.26
  20,      3.665,       2349,        726,      11.23
