Acquisition date and time: 00-00-   0 (00:00:00)
Live Time:,        0
Real Time:,        0
 
Photopeaks:,    15
  11,      1.041,        626,         98,       2.60
  12,      1.254,       1164,        107,       2.36
  13,      1.487,      25067,        215,       2.68
  14,      1.740,     127380,        529,      10.40
  15,      2.013,        868,        138,       2.13
  16,      2.307,      55190,        351,       3.78
  17,      2.622,      85269,        362,       6.36
  19,      3.313,     167139,        496,       7.65
  20,      3.691,     310061,        564,       8.43
  22,      4.509,      51255,        348,       4.07
  23,      4.950,        897,        226,       1.49
  24,      5.412,       2293,        220,       2.33
  25,      5.895,      13170,        288,       8.02
  45,      2.696,        607,        176,       4.50
  56,      4.464,       3836,        321,       4.01
Incoherent scattering peaks:,     3
  14,      1.734,       2942,        550,      10.49
  16,      2.297,       2163,        380,       3.78
  19,      3.292,       1779,        398,       7.60
