Acquisition date and time: 00-00-   0 (00:00:00)
Live Time:,        0
Real Time:,        0
 
Photopeaks:,    15
  11,      1.041,       1069,        112,       3.89
  12,      1.254,       2251,        122,       4.26
  13,      1.487,      41993,        267,       5.25
  14,      1.740,     226741,        688,      18.63
  15,      2.013,        639,        156,       3.77
  16,      2.307,      45212,        341,       2.61
  17,      2.622,     199045,        524,      11.80
  19,      3.313,     186118,        527,      12.31
  20,      3.691,     452376,        671,      11.85
  22,      4.509,      89241,        416,       4.07
  23,      4.950,       1665,        250,       1.69
  24,      5.412,       2168,        229,       1.60
  25,      5.895,      22191,        317,      16.91
  45,      2.696,       1080,        226,       9.54
  56,      4.464,       4086,        340,       3.83
Incoherent scattering peaks:,     3
  14,      1.734,       4492,        692,      19.24
  16,      2.297,       3719,        396,       2.64
  19,      3.292,       2782,        428,      12.04
