Acquisition date and time: 00-00-   0 (00:00:00)
Live Time:,        0
Real Time:,        0
 
Photopeaks:,    15
  11,      1.041,       1311,         96,       1.87
  12,      1.254,       1133,        101,       3.24
  13,      1.487,      28067,        221,       3.02
  14,      1.740,     133127,        529,       6.35
  15,      2.013,       1560,        141,       2.08
  16,      2.307,      55890,        359,       2.18
  17,      2.622,     195243,        628,       6.12
  19,      3.313,     214248,        556,       8.40
  20,      3.691,     340749,        760,       6.38
  22,      4.509,      69904,        362,       2.25
  23,      4.950,       1105,        213,       1.43
  24,      5.412,       2669,        195,       1.19
  25,      5.895,      13225,        256,      10.03
  45,      2.696,        996,        242,       4.78
  56,      4.464,       2851,        285,       2.50
Incoherent scattering peaks:,     5
  14,      1.734,       2545,        546,       6.37
  16,      2.297,       6273,        419,       2.68
  17,      2.609,       5096,        725,       5.80
  19,      3.292,       4389,        420,       7.00
  20,      3.665,       5171,        723,       6.45
