Acquisition date and time: 00-00-   0 (00:00:00)
Live Time:,        0
Real Time:,        0
 
Photopeaks:,    15
  11,      1.041,        766,        106,       4.03
  12,      1.254,       2215,        118,       4.05
  13,      1.487,      61850,        284,       5.83
  14,      1.740,     306836,        573,      16.13
  15,      2.013,       2734,        158,       6.04
  16,      2.307,      72642,        401,       2.65
  17,      2.622,     176062,        498,       9.41
  19,      3.313,     326327,        671,      15.21
  20,      3.691,     493932,        704,       9.49
  22,      4.509,     140854,        480,       3.32
  23,      4.950,       2390,        259,       1.23
  24,      5.412,       3382,        214,       1.50
  25,      5.895,      27079,        304,      27.68
  45,      2.696,        454,        223,       7.08
  56,      4.464,       5404,        331,       3.65
Incoherent scattering peaks:,     2
  16,      2.297,       3090,        434,       2.63
  19,      3.292,       6686,        501,      15.02
