Acquisition date and time: 00-00-   0 (00:00:00)
Live Time:,        0
Real Time:,        0
 
Photopeaks:,    15
  11,      1.041,        283,         91,       2.99
  12,      1.254,       1277,        100,       2.34
  13,      1.487,      25494,        197,       2.65
  14,      1.740,     112228,        358,      10.83
  15,      2.013,        749,        121,       2.58
  16,      2.307,      40268,        246,       2.51
  17,      2.622,      90782,        448,       6.17
  19,      3.313,     255288,        597,      13.89
  20,      3.691,     224213,        494,       9.04
  22,      4.509,      50137,        330,       2.01
  23,      4.950,        741,        209,       1.62
  24,      5.412,       2005,        198,       1.47
  25,      5.895,      11696,        260,       9.33
  45,      2.696,        344,        198,       4.75
  56,      4.464,       2154,        293,       1.90
Incoherent scattering peaks:,     2
  17,      2.609,       1271,        535,       6.10
  19,      3.292,       2452,        454,      13.57
