Acquisition date and time: 00-00-   0 (00:00:00)
Live Time:,        0
Real Time:,        0
 
Photopeaks:,    15
  11,      1.041,       1194,         98,       2.78
  12,      1.254,       1738,        105,       2.87
  13,      1.487,      31432,        233,       5.35
  14,      1.740,     154397,        586,      14.31
  15,      2.013,       1074,        145,       2.17
  16,      2.307,      50913,        353,       5.04
  17,      2.622,     194301,        516,       9.33
  19,      3.313,     183932,        516,      12.09
  20,      3.691,     378960,        613,       8.27
  22,      4.509,      68275,        358,       2.48
  23,      4.950,       1556,        210,       1.62
  24,      5.412,       2390,        190,       2.88
  25,      5.895,      15668,        258,      16.95
  45,      2.696,        900,        216,       7.61
  56,      4.464,       3073,        284,       2.32
Incoherent scattering peaks:,     3
  14,      1.734,       1231,        607,      15.50
  16,      2.297,       5779,        400,       5.44
  19,      3.292,       1088,        403,      12.41
