Acquisition date and time: 00-00-   0 (00:00:00)
Live Time:,        0
Real Time:,        0
 
Photopeaks:,    24
  11,      1.041,        935,         82,       1.88
  12,      1.254,        372,         82,       2.07
  13,      1.487,      10104,        141,       2.36
  14,      1.740,      46165,        241,       6.15
  16,      2.307,      45809,        241,       3.77
  17,      2.622,      63120,        271,       5.48
  19,      3.313,      99759,        335,       6.13
  20,      3.691,     115006,        360,       4.89
  22,      4.509,      23142,        250,       2.29
  23,      4.950,        898,        178,       1.50
  24,      5.412,       1354,        184,       1.47
  25,      5.895,       8841,        236,       2.77
  26,      6.399,     486254,        804,      12.42
  28,      7.472,       2551,        417,       1.68
  29,      8.041,      12362,        447,       1.53
  30,      8.631,      36714,        461,       2.18
  35,     11.908,      25765,        446,       3.53
  37,     13.375,        213,        496,       1.64
  38,     14.142,       2043,        399,       1.67
  39,     14.932,        532,        388,       2.14
  40,     15.746,       1626,        373,       1.43
  56,      4.464,       1504,        253,       1.66
  72,      7.893,       1276,        416,       3.17
  82,     10.542,       4293,        411,       2.06
Incoherent scattering peaks:,     2
  26,      6.320,       7508,        596,      10.49
  26,      6.963,      10301,        442,       5.51
