Acquisition date and time: 00-00-   0 (00:00:00)
Live Time:,        0
Real Time:,        0
 
Photopeaks:,    23
  11,      1.041,        168,         81,       1.27
  12,      1.254,        900,         96,       2.52
  13,      1.487,      34519,        221,       5.00
  14,      1.740,     168208,        431,      20.69
  16,      2.307,      39957,        233,       4.12
  17,      2.622,      44566,        243,       4.02
  19,      3.313,     228140,        491,      12.37
  20,      3.691,     152744,        418,       4.77
  22,      4.509,      65293,        344,       2.09
  23,      4.950,       1451,        207,       1.63
  24,      5.412,       2452,        192,       2.08
  25,      5.895,      15940,        257,       1.29
  26,      6.399,     971869,       1059,      15.28
  28,      7.472,       1955,        413,       1.39
  29,      8.041,      18948,        439,       1.48
  30,      8.631,      26316,        439,       1.26
  35,     11.908,      16585,        422,       1.91
  37,     13.375,       2504,        395,       1.04
  38,     14.142,       4340,        382,       1.53
  40,     15.746,       3530,        364,       1.76
  56,      4.464,       1435,        279,       3.00
  72,      7.893,       1256,        412,       3.02
  82,     10.542,       5048,        405,       2.13
Incoherent scattering peaks:,     2
  26,      6.320,      13516,        653,      12.12
  26,      6.963,      10236,        479,      13.95
