Acquisition date and time: 00-00-   0 (00:00:00)
Live Time:,        0
Real Time:,        0
 
Photopeaks:,    24
  11,      1.041,        803,         98,       2.85
  12,      1.254,        473,        103,       2.24
  13,      1.487,      27061,        210,       6.38
  14,      1.740,     119208,        374,      16.02
  16,      2.307,      47969,        264,       2.72
  17,      2.622,     159275,        418,       4.96
  19,      3.313,     199869,        474,       9.99
  20,      3.691,     398619,        638,       7.61
  22,      4.509,      73108,        372,       3.34
  23,      4.950,       1841,        228,       1.72
  24,      5.412,       2469,        213,       1.03
  25,      5.895,      14292,        278,       2.07
  26,      6.399,    1135415,       1153,      17.71
  28,      7.472,       2125,        469,       1.80
  29,      8.041,      13829,        489,       2.53
  30,      8.631,      37454,        509,       1.56
  35,     11.908,      22368,        486,       2.16
  37,     13.375,       1807,        545,       0.71
  38,     14.142,       6087,        437,       1.81
  39,     14.932,        437,        430,       1.71
  40,     15.746,       3801,        418,       1.32
  56,      4.464,       1871,        313,       3.61
  72,      7.893,       1710,        468,       2.55
  82,     10.542,       3985,        460,       2.30
Incoherent scattering peaks:,     2
  26,      6.320,      15352,        724,      14.64
  26,      6.963,      15321,        540,      13.84
