Acquisition date and time: 00-00-   0 (00:00:00)
Live Time:,        0
Real Time:,        0
 
Photopeaks:,    24
  11,      1.041,        710,         90,       1.80
  12,      1.254,        592,        101,       3.38
  13,      1.487,      29078,        213,       4.78
  14,      1.740,     143598,        405,      28.63
  16,      2.307,      48057,        259,       2.96
  17,      2.622,     105811,        349,       7.64
  19,      3.313,     212586,        485,      13.77
  20,      3.691,     356127,        606,      14.73
  22,      4.509,      76057,        371,       4.96
  23,      4.950,       2057,        220,       2.04
  24,      5.412,       2357,        202,       1.37
  25,      5.895,      18149,        270,       2.51
  26,      6.399,    1346701,       1220,      39.34
  28,      7.472,       1253,        423,       2.15
  29,      8.041,      10419,        448,       1.72
  30,      8.631,      36259,        464,       2.80
  35,     11.908,      10019,        422,       1.69
  37,     13.375,       2040,        485,       1.59
  38,     14.142,       7060,        392,       1.20
  39,     14.932,       1048,        382,       1.57
  40,     15.746,       4481,        375,       1.99
  56,      4.464,       2682,        295,       4.43
  72,      7.893,       1039,        420,       3.31
  82,     10.542,       3020,        410,       2.69
Incoherent scattering peaks:,     2
  26,      6.320,      14367,        687,      32.65
  26,      6.963,      14334,        510,      19.63
