Acquisition date and time: 00-00-   0 (00:00:00)
Live Time:,        0
Real Time:,        0
 
Photopeaks:,    23
  11,      1.041,        262,        100,       1.42
  12,      1.254,       1449,        122,       3.52
  13,      1.487,      40256,        246,       6.04
  14,      1.740,     219792,        495,      29.40
  16,      2.307,      55231,        274,       3.59
  17,      2.622,      41516,        249,       5.65
  19,      3.313,     206844,        483,      12.01
  20,      3.691,     331559,        592,       9.64
  22,      4.509,      80756,        405,       3.73
  23,      4.950,       2079,        254,       2.77
  24,      5.412,       3106,        243,       2.35
  25,      5.895,      23455,        323,       2.27
  26,      6.399,    1429677,       1300,      27.51
  28,      7.472,       3026,        529,       3.23
  29,      8.041,      16255,        562,       1.77
  30,      8.631,      30998,        557,       2.19
  35,     11.908,      11616,        529,       2.51
  37,     13.375,       2375,        597,       1.12
  38,     14.142,       7347,        494,       2.28
  40,     15.746,       4232,        472,       1.46
  56,      4.464,       3859,        351,       4.97
  72,      7.893,       2189,        527,       2.61
  82,     10.542,       5162,        521,       2.30
Incoherent scattering peaks:,     2
  26,      6.320,      19296,        826,      22.07
  26,      6.963,      19112,        608,      15.40
