Acquisition date and time: 00-00-   0 (00:00:00)
Live Time:,        0
Real Time:,        0
 
Photopeaks:,    24
  11,      1.041,        835,         94,       1.94
  12,      1.254,       1292,        110,       4.53
  13,      1.487,      49206,        264,       7.71
  14,      1.740,     256164,        532,      39.00
  16,      2.307,      58000,        286,       3.81
  17,      2.622,     143392,        403,       6.53
  19,      3.313,     253826,        532,      15.58
  20,      3.691,     546238,        739,      19.68
  22,      4.509,     125510,        447,       4.34
  23,      4.950,       2505,        247,       2.22
  24,      5.412,       3932,        210,       2.04
  25,      5.895,      27940,        295,       2.09
  26,      6.399,    1955069,       1437,      46.73
  28,      7.472,       1458,        420,       3.69
  29,      8.041,      11992,        432,       1.56
  30,      8.631,      35176,        456,       1.73
  35,     11.908,      12307,        419,       2.40
  37,     13.375,       3104,        478,       2.10
  38,     14.142,       9627,        390,       1.26
  39,     14.932,        897,        377,       1.22
  40,     15.746,       6054,        372,       1.27
  56,      4.464,       3888,        315,       4.42
  72,      7.893,       1263,        414,       2.57
  82,     10.542,       4652,        410,       2.49
Incoherent scattering peaks:,     2
  26,      6.320,      22593,        739,      37.07
  26,      6.963,      15213,        539,      31.24
