$Informacoes da Fluorescencia de Raios-X:
"Sample    : GHA-696",                                                                    
"Operator  : THIAGO",                                                                     
"Comment  : ",                                                                            
"Group     : thiago_acra2010ma",                                                          
"Date       : 2010-06-19 15:03:00",                                                       
"",                                                                                       
"Mesurement Condition",                                                                   
"------------------------------------------------------------------------------------",   
"Instrument : 700HS2   Atmosphere : Vac.   Collimator : 10(mm)   Spin : No",              
"------------------------------------------------------------------------------------",   
"Analyte               TG kV   uA      FI Acq.(keV)  Anal.(keV)  Time(sec)     DT(%)",    
"------------------------------------------------------------------------------------",   
"Na                    Rh 50 1000-Auto Al  0 - 20    0.8 - 1.2   Live -  959   12",       
"Channel_info_start",                                                                     
"Channel : Na",                                                                           
"Points : 2048
"Range : 0.000000 - 20.480000",                                                           
"Step : 0.010000",                                                                        
"Channel_info_end",                                                                       
$DATA:
       0    2047
       0       0       0       0       0       0       0       0       0    2048
       0       0       0       0       0       0       0       0       0       0
       0       0       0       0       0       0       0       0       0       0
       0       0       0       0       0       0       1       2       3       5
      51     151     134     151     161     158     139     149     152     164
     124     158     152     135     182     141     138     140     167     172
     165     213     188     207     179     192     221     222     209     230
     214     210     288     330     241     272     324     277     294     323
     272     282     219     220     182     218     160     172     177     178
     179     174     181     196     170     212     196     224     174     173
     180     177     158     173     169     148     173     159     177     200
     176     232     221     188     217     217     207     196     178     187
     195     189     164     182     159     177     169     190     207     207
     175     199     223     232     263     226     271     282     233     249
     224     228     217     181     248     222     218     282     301     359
     451     643     777    1066    1215    1426    1569    1752    1870    1868
    1777    1837    1589    1517    1267    1097     928     753     611     548
     522     516     522     766    1030    1479    1972    2792    3392    4495
    5048    5917    6545    6851    6701    7140    6426    5984    5240    4512
    3645    2920    2229    1678    1198     973     763     584     510     443
     414     421     358     417     389     420     370     372     376     433
     368     354     334     368     328     312     286     314     271     266
     255     263     257     275     234     254     245     323     331     392
     497     569     688     984    1192    1377    1645    1867    2077    2243
    2333    2498    2357    2270    2161    1898    1746    1407    1148     984
     724     692     563     532     492     450     411     406     452     522
     546     698     823    1010    1293    1793    1878    2586    2836    3343
    3622    3913    3685    3991    3778    3633    3133    2909    2535    2121
    1679    1319    1018     839     702     615     561     548     540     577
     578     613     607     597     583     567     455     510     398     396
     358     319     291     292     318     272     226     257     259     249
     239     241     240     266     271     232     266     254     282     286
     306     293     321     337     343     408     519     595     727    1159
    1410    1991    2632    3468    4309    5493    6361    7806    8412    9568
    9624   10337   10483   10309    9434    8977    7462    6728    5404    4721
    3688    2714    2053    1531    1185     867     698     637     605     653
     662     773     973    1118    1312    1731    2061    2544    3131    3801
    4380    5657    6507    7564    8865    9843   10424   11615   11756   11974
   11706   11300   10808    9636    8248    7304    6175    5052    3933    2903
    2360    1622    1180     908     683     579     443     397     438     541
     515     614     682     831     918    1044    1227    1353    1461    1558
    1562    1709    1681    1604    1591    1461    1313    1187    1086     951
     780     625     558     508     411     376     341     340     288     292
     306     288     280     301     282     287     282     326     306     329
     267     325     369     328     360     415     434     532     636     758
     864    1062    1209    1580    1774    1968    2158    2519    2737    2861
    2952    2951    2866    2918    2721    2493    2125    2027    1786    1553
    1316    1189     962     912     815     698     657     651     585     579
     525     543     513     492     516     564     546     509     534     581
     609     597     569     612     712     754     753     773     818     912
     841     836     879     914     859     882     800     849     747     787
     777     706     665     642     641     570     539     532     568     583
     525     597     571     526     519     537     498     574     535     600
     613     607     596     594     589     613     597     597     619     635
     609     724     690     680     675     730     742     769     761     778
     819     806     785     856     876     795     840     775     732     814
     702     710     778     712     713     691     756     739     747     744
     682     821     764     807     798     724     734     674     758     781
     771     780     816     859     850     828     874     947     933     955
    1056    1108    1099    1231    1347    1331    1392    1404    1514    1501
    1422    1514    1445    1413    1422    1337    1309    1309    1255    1182
    1129    1130     990    1061    1052    1052    1016    1036    1048    1074
    1029    1031    1081    1114    1126    1201    1215    1313    1432    1614
    1773    2074    2608    3281    3920    5358    6449    8350   10413   13096
   15322   19067   22459   25581   28031   31574   34660   36936   37604   41468
   38470   39009   36211   35173   32660   29966   25925   23822   19746   17049
   13735   11526    9374    7343    5674    4806    3603    2820    2308    2032
    1700    1540    1361    1334    1295    1238    1231    1146    1286    1241
    1152    1232    1240    1211    1209    1227    1166    1228    1209    1323
    1268    1307    1263    1357    1354    1453    1410    1544    1606    1773
    1826    2064    2325    2560    2791    3148    3537    3847    4200    4598
    5139    5354    5617    5924    6057    6313    5786    5979    5858    5422
    4999    4898    4340    3958    3530    3199    2976    2578    2149    2005
    1799    1791    1504    1432    1373    1349    1273    1296    1222    1252
    1217    1198    1293    1241    1272    1298    1253    1246    1226    1283
    1276    1236    1268    1285    1306    1293    1218    1302    1320    1356
    1246    1298    1290    1225    1182    1222    1249    1194    1213    1265
    1143    1232    1203    1246    1191    1243    1260    1193    1267    1262
    1164    1215    1264    1211    1242    1245    1264    1236    1247    1265
    1251    1296    1262    1282    1267    1283    1269    1342    1313    1359
    1344    1416    1406    1446    1471    1472    1451    1580    1577    1652
    1698    1729    1688    1672    1731    1763    1697    1582    1628    1587
    1506    1529    1392    1401    1369    1316    1353    1317    1279    1195
    1215    1187    1151    1175    1139    1058    1046    1143    1124    1134
    1081    1145    1161    1211    1060    1197    1107    1164    1131    1173
    1149    1176    1114    1060    1168    1151    1146    1270    1313    1347
    1320    1366    1480    1480    1495    1707    1700    1807    1797    1922
    1965    1950    1973    1865    1979    1951    1817    1868    1762    1800
    1628    1590    1483    1479    1419    1377    1310    1320    1168    1165
    1145    1207    1112    1091    1165    1147    1158    1028    1138    1141
    1111    1083    1087    1087    1113    1115    1139    1105    1017    1087
    1088    1108    1070    1067    1064    1090    1056    1034    1028    1062
     998    1063    1076    1019    1077    1062    1028    1023    1052    1028
    1022    1106    1023     995    1087    1045    1034    1031    1062    1078
     971    1051    1122    1049    1088    1077    1071    1045     989    1107
    1074    1063    1001    1076    1137    1107    1108    1109    1047    1143
    1116    1078    1160    1100    1060    1149    1081    1137    1137    1183
    1186    1111    1097    1106    1152    1079    1075    1094    1096    1070
    1057    1029    1046    1039     988    1006     973     970     945    1054
     965     990     940     972    1041     898    1021    1027     973    1012
     973     996     984    1006    1017    1082    1027     992     910     988
    1046    1027    1010     944    1028     942    1001     978     993    1040
    1032     965     957    1061    1000     999    1048    1013     985     974
    1007     968     997    1012    1064    1061     997    1000     966    1068
    1000    1012     982    1023    1034     971    1032    1046    1034    1031
    1031    1093    1000    1085    1024    1100    1073    1072    1132    1093
    1129    1123    1161    1107    1117    1064    1134    1129    1126    1134
    1075    1138    1126    1079    1064    1060    1042    1068    1060    1016
    1069    1052    1045    1071     996    1024    1013    1024    1043    1058
    1068    1041    1006     999    1053    1042    1026    1135    1006    1031
    1030    1025    1004    1024    1047     986    1002    1019    1046    1040
     995    1063    1038    1076    1051    1057     933    1055    1059    1045
     955    1029    1086    1025     988    1041    1010    1043    1012     980
    1027    1043    1056    1052     999    1042     992    1030     982    1041
     998     924    1019    1025     987    1031    1132    1038    1008     993
    1023    1048     992    1025     977    1055     968    1009    1045     970
    1002    1094     973    1004    1011     972    1023    1004     955    1028
    1055    1049     951     940    1053     951     975     951     944    1001
    1036    1017    1030    1025    1058    1052    1044    1111    1039    1091
    1108    1108    1025    1170    1178    1178    1073    1070    1152    1171
    1139    1161    1116    1149    1112    1107    1135    1104    1066    1045
    1041    1044     997     974    1060     966     990     975     941     960
     927     963    1008     939     863     907     957     907     876     922
     930     929     860     943     909     930     954     875     947     892
     897     908     872     930     949     918     881     947     953     913
     942     920     879     966     953     955     906     913     978     910
     958     929     982     960     894     975    1014     958     964     973
     959     940     959     945    1049     967     925     977     910     972
     952     948     956     900     912     860     905     912     839     888
     944     861     879     872     859     969     872     905     866     884
     863     895     909     920     942     912     830     873     865     845
     879     863     819     860     910     868     836     817     839     875
     850     880     950     869     835     898     903     856     933     963
     890     913     860     920     903     923     856     960     943     965
     848     888     963     978     890     881     923     930     970     873
     944     882     917     935     926     881     934     872     869     921
     889     894     826     830     795     811     948     878     801     839
     856     860     866     794     853     878     829     866     858     864
     826     840     818     816     839     809     868     735     796     849
     801     824     771     794     917     835     793     829     834     803
     824     775     853     821     786     808     809     864     849     807
     904     856     840     846     882     876     951     889     949     938
     905     935     933     912     893     923     913     923     924     803
     906     903     895     872     859     839     877     748     854     852
     790     774     835     808     786     798     813     809     777     763
     810     734     770     723     789     780     765     777     781     852
     724     763     736     735     733     756     735     712     780     773
     788     720     738     720     760     775     730     735     761     766
     777     787     788     781     716     740     807     765     709     759
     738     735     683     748     802     726     778     750     762     744
     760     729     750     731     731     794     729     736     721     730
     747     741     681     714     813     715     756     724     703     706
     743     732     743     765     703     684     689     726     721     691
     772     702     644     683     770     742     650     643     706     706
     668     655     719     717     711     689     725     699     700     702
     681     718     664     713     697     711     674     724     735     712
     718     679     730     679     704     709     747     723     712     740
     732     698     740     701     747     790     652     700     778     796
     740     770     807     743     759     781     764     751     748     730
     743     735     788     773     772     753     718     728     775     697
     697     698     705     662     658     721     704     707     682     692
     690     731     691     729     645     650     620     690     631     701
     683     636     686     686     632     682     623     647     647     671
     661     665     673     638     650     656     620     642     672     684
     598     630     746     644     656     609     711     640     651     630
     601     671     646     685     651     655     596     632     672     635
     609     646     718     638     625     671     642     629     629     628
     640     662     631     680     677     626     620     601     632     677
     692     659     615     623     642     605     698     672     601     649
     600     628     634     629     640     614     645     640     578     608
     662     622     687     642     608     639     640     642     662     625
     639     611     652     638     641     638     623     594     694     622
     625     610     651     598     634     627     643     653     627     594
     706     627     634     640     654     691     616     620     662     704
     651     628     684     612     620     665     622     595     620     651
     641     626     666     621     687     644     607     607     661     650
     634     635     683     694     660     651     687     691     583     611
     729     656     646     599     649     649     680     669     644     703
     669     669     695     658     646     650     707     658     625     631
     670     692     607     666     703     679     638     644     711     674
     665     627     759     676     650     674     745     747     707     651
     757     660     640     746     730     707     661     725     699     692
     709     709     758     763     701     701     780     694     743     721
     728     785     789     717     760     804     763     743     800     784
     771     764     846     820     770     756     799     848     811     836
     878     874     885     882     876     830     933     892     973     919
     913     906     959    1014    1045    1042    1100    1025    1115    1092
    1084    1161    1113    1202    1253    1301    1276    1321    1346    1355
    1412    1505    1545    1456    1579    1704    1730    1730    1802    1851
    1994    2031    2037    2062    2247    2283    2293    2220    2701    2550
    2648    2658    2874    2907    2850    3072    3144    3168    3179    3280
    3557    3405    3482    3555    3933    3732    3722    3768    3950    3924
    3816    3878    4084    4072    3916    3971    4094    4122    3991    3943
    4410    4131    4060    3998    4102    3993    3855    3828    3878    3805
    3659    3512    3610    3571    3397    3515    3351    3208    3051    2940
    2995    2968    2802    2779    2737    2592    2513    2408    2317    2300
    2131    1997    2127    1979    1832    1838    1827    1665    1625    1560
    1566    1428    1296    1361    1317    1297    1218    1210    1263    1179
    1115     989    1107    1003    1036    1076    1096    1041    1063     942
    1104    1028    1085    1075    1227    1200    1217    1235    1338    1382
    1396    1454    1576    1612    1682    1700    1749    1809    1850    1932
    2019    1998    1970    2096    2186    2251    2095    2230    2224    2173
    2059    1993    2165    2026    1880    1729    2012    1734    1688    1614
    1528    1506    1332    1361    1206    1207    1091     994     986     951
     847     799     775     746     712     672     685     610     656     555
     617     587     580     572     613     583     593  303164
