$Informacoes da Fluorescencia de Raios-X:
"Sample    : GHA-681",                                                                    
"Operator  : THIAGO",                                                                     
"Comment  : ",                                                                            
"Group     : thiago_acra2010ma",                                                          
"Date       : 2010-06-19 02:06:57",                                                       
"",                                                                                       
"Mesurement Condition",                                                                   
"------------------------------------------------------------------------------------",   
"Instrument : 700HS2   Atmosphere : Vac.   Collimator : 10(mm)   Spin : No",              
"------------------------------------------------------------------------------------",   
"Analyte               TG kV   uA      FI Acq.(keV)  Anal.(keV)  Time(sec)     DT(%)",    
"------------------------------------------------------------------------------------",   
"Na                    Rh 50 1000-Auto Al  0 - 20    0.8 - 1.2   Live -  960    8",       
"Channel_info_start",                                                                     
"Channel : Na",                                                                           
"Points : 2048
"Range : 0.000000 - 20.480000",                                                           
"Step : 0.010000",                                                                        
"Channel_info_end",                                                                       
$DATA:
       0    2047
       0       0       0       0       0       0       0       0       0    2048
       0       0       0       0       0       0       0       0       0       0
       0       0       0       0       0       0       0       0       0       0
       0       0       0       0       0       0       0       2       0       4
      39     116     111     111     109     114     101     100     113     103
     104     132     109     112     109     127     123     105     118     125
     124     125     157     141     181     181     156     173     184     174
     166     192     216     246     210     206     206     220     208     223
     218     192     191     161     140     141     130     114      93     128
     112     131     128     136     136     118     124     144     137     144
     136     137     144     128     139     149     142     135     124     144
     140     141     145     171     144     150     160     134     146     150
     153     134     114     116     102      98     141     137     132     147
     132     147     145     151     157     199     178     207     147     179
     147     159     152     151     139     161     148     178     228     255
     274     370     446     550     638     743     823     923     954    1037
     962    1024     945     949     790     700     614     554     462     471
     384     423     434     524     633     913    1157    1496    1822    2328
    2676    3269    3395    3815    3643    3841    3600    3354    2963    2664
    2204    1763    1343    1019     749     621     475     391     314     296
     271     269     251     240     224     250     249     269     238     291
     228     272     273     248     223     248     211     235     215     203
     200     238     211     222     211     231     257     283     313     393
     476     624     772    1068    1259    1672    1910    2322    2532    2883
    2875    3100    2936    2925    2542    2489    2151    1837    1428    1198
     954     757     615     580     465     423     374     383     422     404
     467     526     622     737     899    1227    1314    1600    1750    2108
    2243    2558    2480    2586    2402    2390    2081    1945    1689    1458
    1075     948     770     622     524     435     412     401     382     400
     460     472     463     441     435     443     383     370     345     355
     293     299     261     265     233     261     215     257     236     225
     221     230     218     240     211     252     230     255     227     257
     295     294     299     349     336     412     554     727     924    1390
    1848    2783    3422    4540    5823    7785    8664   10867   11608   13504
   13615   14798   14702   14706   13516   13277   11136   10041    8311    6849
    5459    4292    3133    2399    1628    1244     916     730     674     713
     764     913    1031    1212    1370    1725    1931    2154    2382    2919
    3122    3530    3726    4272    4498    4800    4898    5207    5074    5389
    5034    4993    4668    4423    3618    3250    2812    2198    1740    1414
    1072     809     613     469     348     296     260     269     262     297
     280     377     399     426     449     511     534     659     641     767
     770     791     683     736     715     689     597     539     517     428
     398     325     307     300     238     267     227     227     212     199
     225     211     225     203     222     211     215     241     219     231
     207     214     235     199     239     236     274     324     327     437
     471     560     651     742     884    1008    1046    1165    1349    1429
    1385    1448    1406    1473    1304    1347    1150    1079     919     836
     726     685     558     498     500     442     370     373     393     335
     352     346     344     363     324     345     335     381     366     357
     402     377     378     421     399     457     439     426     465     511
     491     543     514     544     523     489     553     524     495     476
     484     423     431     417     413     376     374     370     392     338
     367     385     337     346     359     384     389     368     366     381
     418     392     383     376     389     378     382     440     436     437
     413     406     441     478     435     479     473     512     484     556
     592     512     553     576     539     505     494     543     444     538
     511     488     519     503     497     471     457     557     498     523
     480     544     477     537     469     549     517     525     547     517
     522     531     555     552     536     662     618     614     543     654
     750     740     729     752     795     831     853     936     935     971
     848     931     899     913     866     781     831     794     793     760
     765     745     677     744     666     670     712     719     693     749
     653     676     688     745     738     757     758     781     785     885
     949    1201    1289    1608    1928    2376    2808    3612    4413    5517
    6391    7792    9212   10841   11719   13249   14660   15927   15910   18077
   17124   17372   16138   15939   14701   13768   11916   11021    9448    8294
    6625    5650    4710    3895    2961    2550    1936    1717    1425    1235
    1104    1015     922     928     838     845     788     869     851     790
     802     870     844     822     807     847     801     905     800     836
     820     883     842     925     941     877     899     993    1036    1044
    1105    1176    1331    1438    1461    1575    1779    1912    2127    2323
    2363    2737    2530    2994    2908    2883    2807    2874    2843    2736
    2466    2423    2258    2069    1866    1776    1690    1490    1392    1344
    1093    1145     980     974     967     934     882     838     921     905
     867     855     884     925     888     837     856     907     816     876
     895     855     892     807     826     939     851     882     941     925
     870     898     907     837     821     899     888     916     897     820
     888     887     816     874     904     810     840     887     881     858
     865     830     880     886     819     886     847     859     869     902
     919     904     924     892     833     905     925     905     922    1007
     982     948    1055    1020    1084    1081    1161    1197    1134    1244
    1211    1262    1143    1306    1241    1240    1208    1225    1175    1198
    1084    1064    1053    1029     929     973     892     930     900     854
     866     825     793     824     841     789     777     822     797     793
     851     791     799     806     755     795     762     804     778     811
     766     800     753     816     801     879     860     902     900     993
     987    1012    1034    1175    1179    1212    1306    1349    1354    1487
    1542    1564    1490    1521    1583    1562    1431    1462    1404    1383
    1283    1197    1115    1204    1060    1024     979     885     878     869
     851     853     777     780     815     770     756     769     750     810
     777     804     795     796     752     807     801     795     804     793
     728     782     778     683     715     712     759     746     740     754
     703     773     762     757     702     718     751     715     728     762
     769     777     747     745     721     738     766     759     747     746
     720     732     765     726     694     729     757     684     731     781
     701     680     728     735     765     787     744     764     792     771
     766     814     788     790     789     836     835     822     792     795
     866     764     769     806     765     804     735     794     729     747
     734     734     706     723     680     736     723     704     647     697
     678     756     712     727     709     652     693     686     719     699
     704     751     701     710     682     707     665     705     686     748
     666     731     682     686     711     688     697     722     677     696
     712     680     764     719     662     724     736     730     696     699
     724     683     680     722     742     729     723     733     704     686
     670     704     755     660     704     716     697     760     742     780
     741     744     809     764     821     802     786     791     777     816
     754     846     814     812     890     820     841     812     806     831
     781     788     829     796     776     831     740     709     765     760
     741     760     733     733     726     762     709     742     700     715
     691     757     696     713     713     796     713     760     675     732
     716     759     737     713     702     760     733     720     672     705
     707     734     697     730     714     752     714     693     716     748
     725     718     714     728     701     748     714     748     709     722
     742     736     682     745     726     683     685     682     727     776
     654     682     710     746     667     699     738     730     733     661
     679     740     672     689     691     655     687     744     667     731
     675     779     684     745     667     724     698     719     691     668
     666     700     685     704     744     731     675     766     656     754
     697     715     723     763     774     758     788     831     816     868
     917     927     983     957    1000     971     984    1068    1012    1022
    1032    1039    1045    1061    1037     956    1012     930     950     931
     881     911     886     825     782     823     720     777     781     746
     678     668     728     716     640     630     664     683     632     700
     652     675     645     653     688     676     636     685     663     658
     653     623     660     644     640     663     637     655     641     621
     687     630     664     619     651     653     591     654     663     709
     635     640     702     661     707     703     662     677     699     682
     722     744     706     736     680     745     677     645     688     674
     689     630     677     659     620     613     707     644     579     630
     689     630     590     630     594     607     649     668     664     605
     600     579     621     596     638     637     601     635     594     594
     623     652     586     631     597     652     598     614     619     565
     591     705     619     643     609     624     647     637     641     675
     682     670     681     686     651     660     670     682     708     667
     745     659     712     746     705     662     743     728     725     699
     674     730     661     639     685     667     610     614     618     625
     621     629     585     623     631     649     565     638     567     620
     588     623     574     560     532     608     557     565     595     610
     583     573     569     598     535     519     590     621     521     564
     554     571     582     576     552     596     552     524     590     537
     537     580     560     627     605     605     532     592     544     612
     594     611     599     570     618     634     599     600     643     634
     590     619     578     631     626     578     625     648     590     615
     636     582     629     634     601     575     534     561     563     637
     529     531     554     603     535     573     533     536     564     528
     564     537     495     508     553     527     519     505     534     564
     531     542     515     547     525     537     545     558     504     476
     508     555     498     487     525     525     514     512     530     580
     535     523     575     550     488     563     539     542     552     547
     528     519     537     530     534     564     502     550     550     567
     508     539     534     545     538     519     533     509     537     505
     528     535     491     484     530     556     494     526     547     512
     516     510     512     520     482     478     481     526     485     461
     494     495     505     479     476     514     511     509     495     498
     453     493     454     479     492     461     532     529     519     466
     489     529     470     471     506     541     444     464     495     454
     463     488     490     498     473     478     524     468     424     510
     516     513     475     505     498     513     495     498     519     515
     514     493     494     516     453     488     487     469     491     539
     541     533     486     495     513     523     470     532     450     519
     451     519     503     483     482     454     491     470     458     499
     509     488     490     481     440     483     486     443     443     484
     450     438     477     493     416     472     483     449     477     437
     484     448     451     482     468     486     450     446     427     470
     449     397     490     477     438     453     476     424     463     422
     428     443     463     517     416     454     466     471     448     484
     432     450     480     446     495     470     448     448     468     442
     453     456     468     447     460     510     431     457     427     459
     433     486     481     482     463     473     412     489     470     448
     469     441     439     458     435     417     411     444     459     476
     431     412     398     454     417     405     455     453     403     447
     431     450     472     472     462     458     438     485     431     472
     454     438     445     509     417     457     433     401     461     431
     493     403     469     447     468     444     433     406     458     404
     413     441     497     478     471     445     442     445     471     397
     492     426     461     417     460     451     436     450     466     446
     419     455     456     480     458     485     462     457     449     429
     498     419     453     443     475     479     427     487     463     466
     451     433     480     449     449     429     520     482     471     451
     476     487     454     489     466     491     453     428     485     471
     492     421     565     480     495     453     495     498     498     437
     487     491     492     504     476     529     497     502     520     535
     481     449     484     520     437     497     509     468     486     516
     541     514     472     532     594     524     512     523     528     539
     536     542     578     599     522     545     576     614     524     591
     598     612     522     636     622     619     639     657     676     622
     690     638     700     652     772     668     772     785     728     777
     774     779     859     806     846     921     853     900     939     939
     974    1004    1015    1055    1064    1151    1210    1239    1212    1243
    1363    1376    1347    1445    1526    1486    1502    1548    1723    1770
    1776    1894    1918    1915    1995    2055    2095    2196    2176    2321
    2433    2384    2393    2480    2581    2676    2517    2606    2803    2834
    2622    2600    2832    2916    2784    2686    3001    2916    2786    2787
    3146    2987    2760    2866    2771    2813    2724    2695    2712    2732
    2678    2531    2627    2543    2404    2455    2468    2337    2206    2181
    2104    2086    2026    1955    1925    1914    1781    1677    1742    1596
    1500    1464    1514    1427    1293    1274    1238    1229    1103    1086
    1138    1083     966     957     995     870     864     844     837     810
     738     821     802     740     725     745     718     699     699     713
     760     724     740     775     828     847     788     807     950    1001
     965     991    1077    1100    1118    1213    1329    1326    1331    1366
    1460    1472    1480    1458    1547    1511    1552    1502    1592    1483
    1413    1448    1391    1397    1313    1284    1428    1249    1109    1163
    1068    1015     965     883     894     800     757     745     688     666
     605     520     619     536     435     506     458     450     434     425
     439     383     387     361     434     432     396  211453
