$Informacoes da Fluorescencia de Raios-X:
"Sample    : GHA-604",                                                                    
"Operator  : luisf",                                                                      
"Comment  : ",                                                                            
"Group     : thiago_acra2010ma",                                                          
"Date       : 2010-06-18 06:29:24",                                                       
"",                                                                                       
"Mesurement Condition",                                                                   
"------------------------------------------------------------------------------------",   
"Instrument : 700HS2   Atmosphere : Vac.   Collimator : 10(mm)   Spin : No",              
"------------------------------------------------------------------------------------",   
"Analyte               TG kV   uA      FI Acq.(keV)  Anal.(keV)  Time(sec)     DT(%)",    
"------------------------------------------------------------------------------------",   
"Na                    Rh 50 1000-Auto Al  0 - 20    0.8 - 1.2   Live -  959   16",       
"Channel_info_start",                                                                     
"Channel : Na",                                                                           
"Points : 2048
"Range : 0.000000 - 20.480000",                                                           
"Step : 0.010000",                                                                        
"Channel_info_end",                                                                       
$DATA:
       0    2047
       0       0       0       0       0       0       0       0       0    2048
       0       0       0       0       0       0       0       0       0       0
       0       0       0       0       0       0       0       0       0       0
       0       0       0       0       0       0       0       0       2       4
      68     183     188     185     164     171     178     195     186     174
     167     196     166     193     167     224     198     193     195     199
     220     259     274     348     314     322     328     328     310     290
     293     327     312     323     288     302     269     300     302     294
     228     265     236     254     230     219     221     185     184     204
     205     212     206     254     256     244     234     236     227     238
     208     224     221     208     213     224     197     205     203     250
     225     291     224     271     229     303     248     225     232     240
     236     225     201     216     194     189     217     242     221     255
     281     331     314     357     347     395     351     396     315     335
     340     333     305     333     296     322     336     428     470     623
     800    1082    1441    1928    2097    2583    2870    3211    3227    3512
    3240    3216    2965    2822    2177    2003    1629    1392    1172    1045
     858    1002    1175    1552    2133    3087    4013    5957    7457    9531
   10875   13005   13822   15139   14792   15685   13909   13433   11273   10096
    8085    6548    4734    3657    2590    1921    1431    1148     960     829
     664     703     601     609     566     546     582     565     562     615
     529     539     543     564     477     500     471     534     432     470
     418     426     441     531     413     494     504     623     631     831
    1090    1368    1801    2503    3061    3983    4561    5330    5782    6574
    6589    7018    6811    6626    5829    5476    4559    4048    3186    2754
    2026    1724    1254    1099     985     876     762     838     773     884
     876    1049    1189    1470    1662    2344    2525    3226    3490    4068
    4363    4868    4756    5079    4703    4752    4018    3643    3092    2706
    2078    1826    1343    1172     917     845     690     779     690     768
     766     833     745     814     768     775     654     702     570     539
     521     482     431     458     380     363     369     372     354     398
     361     378     361     401     385     398     371     423     402     443
     407     521     487     535     568     695     799    1097    1419    2167
    2713    3922    5005    6871    8589   11136   12524   15766   17144   19635
   19816   21533   21158   21359   19168   19038   15790   14646   11818    9928
    7713    5919    4247    3328    2260    1765    1264    1135     994    1125
    1181    1485    1630    1976    2356    2940    3257    4113    4614    5723
    6619    8001    8723   10481   11481   13160   13343   14976   15104   15792
   14701   14800   13676   12754   10831    9865    8111    6647    5256    4160
    3033    2322    1640    1300     973     760     556     562     554     615
     645     738     866    1107    1079    1309    1505    1784    1760    2059
    2010    2171    2036    2017    2038    1859    1645    1497    1305    1183
     974     853     736     586     485     483     440     402     343     362
     339     312     334     343     339     348     331     329     344     360
     347     352     412     416     448     493     614     704     851    1114
    1284    1667    1929    2347    2922    3489    3700    4284    4687    5201
    4980    5277    5179    5191    4680    4478    3988    3720    3002    2846
    2217    1985    1572    1482    1150    1120     921     841     731     710
     717     690     595     635     530     644     636     662     657     684
     733     805     713     878     860     984     962    1014    1159    1252
    1183    1297    1318    1365    1228    1316    1286    1181    1198    1118
     995    1041     852     900     764     780     631     632     687     635
     576     635     554     620     577     595     577     664     599     701
     636     733     648     712     641     706     709     736     698     766
     703     726     767     764     757     798     840     905     810     848
     867     985     888     964     922     867     871     874     882     843
     752     825     832     802     801     846     833     825     805     879
     793     825     777     793     834     751     836     820     856     864
     840     860     894     905     831     945    1017    1052    1110    1280
    1265    1402    1477    1678    1707    1782    1862    1924    1970    2082
    1955    2060    1846    1941    1808    1866    1789    1704    1474    1454
    1352    1375    1212    1204    1165    1229    1052    1182    1237    1177
    1095    1246    1239    1325    1227    1297    1273    1545    1656    1902
    2185    2844    3398    4334    5393    7598    9367   12514   15719   20180
   23572   29441   34456   41320   44503   51439   55786   61377   61539   68935
   64811   66659   61438   61258   55800   53055   44810   41659   34745   30632
   24178   20298   16133   13101    9688    8023    5716    4699    3566    2811
    2268    1837    1652    1574    1403    1456    1289    1231    1194    1304
    1180    1307    1282    1344    1172    1315    1304    1312    1270    1386
    1362    1399    1385    1477    1478    1612    1593    1762    1890    2098
    2259    2630    2883    3389    3604    4367    5091    5626    6059    7021
    7508    8255    8456    9162    9512    9871    9127    9423    8915    8835
    7983    7490    6819    6276    5354    4711    4221    3689    3112    2890
    2298    2234    1768    1801    1564    1528    1328    1316    1362    1279
    1211    1264    1200    1259    1203    1171    1217    1200    1219    1249
    1274    1362    1274    1317    1252    1348    1269    1300    1295    1379
    1215    1294    1259    1343    1200    1264    1248    1306    1187    1247
    1283    1291    1203    1250    1224    1258    1166    1289    1311    1223
    1200    1218    1275    1314    1180    1244    1178    1305    1272    1248
    1349    1215    1297    1311    1294    1257    1235    1258    1311    1433
    1397    1497    1362    1576    1473    1554    1609    1659    1575    1739
    1793    1801    1728    1819    1784    1853    1733    1806    1721    1738
    1591    1631    1502    1529    1368    1454    1293    1284    1221    1216
    1194    1218    1122    1098    1161    1130    1188    1208    1170    1177
    1101    1215    1135    1156    1152    1129    1123    1226    1015    1137
    1065    1102    1107    1190    1144    1224    1188    1367    1346    1469
    1419    1641    1659    1776    1809    1966    2061    2242    2213    2323
    2453    2567    2404    2513    2653    2467    2321    2396    2333    2265
    2064    1922    1896    1797    1682    1577    1436    1455    1280    1314
    1223    1298    1120    1206    1234    1140    1182    1082    1187    1165
    1109    1122    1101    1158    1111    1153    1135    1155    1120    1102
    1063    1168    1048    1098    1068    1119    1046    1057    1065    1088
    1029    1158    1103    1120    1082    1108    1048    1111    1083    1115
    1154    1089    1062    1071    1052    1179    1074    1113    1091    1125
     999    1099    1017    1101    1038    1056     995    1086    1002    1101
    1145    1086    1091    1173    1114    1147    1060    1144    1194    1183
    1143    1164    1187    1191    1188    1201    1193    1253    1257    1177
    1282    1222    1160    1218    1198    1192    1114    1169    1138    1166
    1017    1053    1137    1080    1067    1064    1017    1080     984    1055
    1025    1041    1025    1074    1027    1049     953    1048    1016    1020
     980    1010    1016    1016    1011     974    1091    1011     937     987
    1041    1046    1026    1023    1042    1064     983    1090    1020    1016
    1029    1040    1090    1037     984    1010    1050    1100     946    1020
    1041    1014    1005    1009    1016    1069     957    1034    1002    1056
     983    1022    1019    1029     985    1078    1075    1094    1002    1108
    1052    1108    1067    1178    1167    1223    1184    1253    1266    1219
    1208    1269    1261    1253    1277    1348    1271    1334    1219    1249
    1257    1250    1107    1228    1153    1205    1086    1028    1097    1087
    1011    1125    1054    1069    1062    1004     999    1048     974    1101
    1034    1089    1033    1057    1017    1042    1014    1037    1109    1038
    1018    1057    1037    1090    1025    1063    1095    1022    1014    1007
     986     993     963    1036     978    1062     958    1008     997    1044
     978    1064    1031    1065    1056     935    1054    1108     996    1052
    1083    1044     968    1069    1022    1072    1019    1026    1065    1067
    1022    1017     972    1038     967    1019    1022    1013     998     984
     996    1039    1061     971    1016    1018     997     965    1065     990
    1020    1030     960    1020     995    1031     935    1036    1003    1026
    1028    1078     955     974     997     984     970    1129    1007    1083
    1067     973    1077    1180    1167    1168    1246    1299    1328    1339
    1481    1454    1441    1507    1593    1624    1620    1735    1682    1774
    1653    1702    1742    1744    1673    1634    1575    1568    1470    1464
    1395    1387    1253    1308    1224    1208    1108    1087    1156    1069
    1006     945    1044     955     951     969     973     981     901     916
    1015     992     899     952     965     949     910     892     969     916
     886     964     909     941     947     909     948     909     902     867
     907     963     933     856     922    1022     960     940     983     962
     967    1032     962     976     964    1019     993    1045    1005     991
    1019    1075    1031    1018    1088    1043     965    1054     997    1049
     936    1027    1031    1034     970    1011     949     991     915     945
     936     942     926     975     938     907     888     938     886     962
     912     928     903     893     875     932     916     903     845     945
     890     899     863     875     922     895     837     874     909     849
     914     875     877     907     825     921     898     937     886     978
     975     909     964     999    1004    1016     998    1022    1051    1005
    1031    1113    1095    1079    1067    1060    1096    1109     996    1067
    1079    1064     934     993    1007    1007     953     968     993     914
     882     919     924     860     880     887     869     856     811     876
     876     879     806     830     866     789     801     811     773     822
     806     766     805     888     767     806     845     802     814     820
     832     833     794     788     803     801     810     785     841     793
     785     821     833     855     859     811     808     892     852     800
     874     921     853     942     967     930     911     888     942     985
     892     949     941     972     851     929    1009    1004     941     935
     903     939     875     944     914     915     841     891     866     869
     835     737     812     805     755     793     824     818     726     765
     730     751     671     761     763     755     744     708     742     787
     768     710     770     794     772     739     762     751     770     790
     727     808     716     777     716     798     750     750     772     794
     729     720     805     802     798     760     816     775     724     806
     753     814     657     785     787     807     736     836     790     772
     775     752     753     775     776     798     814     819     724     759
     773     785     718     716     729     740     731     754     745     830
     656     692     767     733     695     731     691     682     707     705
     733     735     656     726     714     696     695     721     681     666
     714     716     715     721     670     673     768     793     678     703
     726     738     674     720     740     659     697     694     701     670
     683     690     666     729     689     697     681     753     743     709
     696     750     749     730     800     768     763     771     778     831
     772     840     790     812     825     791     805     853     773     760
     835     768     778     828     764     766     738     782     720     721
     673     716     709     689     663     629     695     717     669     676
     703     704     602     719     675     701     640     640     646     687
     631     712     647     656     613     670     622     674     600     623
     635     648     678     632     692     650     672     676     685     683
     627     627     719     658     697     673     641     647     618     640
     695     706     579     623     712     662     671     622     633     697
     683     651     613     710     620     668     666     647     670     644
     650     626     663     659     691     622     621     695     606     649
     612     652     682     664     631     660     651     682     591     640
     620     658     652     650     655     624     608     631     644     628
     673     632     662     600     583     563     669     616     599     615
     633     641     587     576     650     614     620     623     595     626
     624     600     620     646     608     623     598     592     578     614
     673     672     609     589     604     586     569     566     690     621
     668     612     636     636     578     603     680     621     622     614
     608     616     598     659     629     614     618     615     631     617
     613     620     623     698     701     612     669     695     623     629
     640     640     627     620     670     670     644     662     693     687
     582     623     680     652     644     646     663     674     616     659
     669     673     633     639     691     639     674     606     632     659
     643     601     706     692     714     633     639     738     681     684
     712     705     660     696     730     714     613     729     638     666
     681     680     752     721     720     717     770     721     740     745
     695     713     691     716     797     779     708     762     728     750
     755     752     814     836     807     790     777     832     814     838
     894     861     849     817     879     846     824     871     938     900
     905     940     976     969     982     914    1055    1036    1013    1077
     994    1115    1106    1142    1166    1192    1256    1272    1285    1310
    1260    1482    1395    1414    1493    1559    1607    1629    1708    1730
    1978    1918    1884    2004    2057    2229    2123    2287    2524    2417
    2447    2566    2657    2748    2729    2791    2946    2974    2959    3046
    3246    3301    3384    3342    3507    3556    3501    3486    3681    3859
    3757    3697    3858    3978    3916    4010    3872    4076    3890    3863
    4299    4081    3809    3885    3982    3974    3660    3786    3780    3821
    3563    3623    3624    3604    3358    3394    3144    3396    3039    2924
    3064    2924    2715    2723    2725    2644    2379    2305    2313    2246
    2073    2136    2123    1948    1888    1798    1776    1688    1585    1618
    1519    1415    1391    1315    1311    1312    1148    1256    1188    1089
    1036    1137    1125    1006    1033    1025    1011    1071     981    1006
    1016    1009    1015    1029    1147    1111    1057    1149    1192    1332
    1308    1362    1425    1467    1516    1565    1667    1708    1797    1785
    1941    1911    1847    2085    2057    2163    2060    2161    2275    2305
    2002    2028    2149    2021    1997    1831    2137    1897    1731    1765
    1633    1698    1427    1395    1374    1344    1163    1107    1115     996
     887     911     883     791     720     710     707     670     668     652
     656     636     570     595     609     543     553  298421
