$Informacoes da Fluorescencia de Raios-X:
"Sample    : GHA-619",                                                                    
"Operator  : luisf",                                                                      
"Comment  : ",                                                                            
"Group     : thiago_acra2010ma",                                                          
"Date       : 2010-06-18 11:46:48",                                                       
"",                                                                                       
"Mesurement Condition",                                                                   
"------------------------------------------------------------------------------------",   
"Instrument : 700HS2   Atmosphere : Vac.   Collimator : 10(mm)   Spin : No",              
"------------------------------------------------------------------------------------",   
"Analyte               TG kV   uA      FI Acq.(keV)  Anal.(keV)  Time(sec)     DT(%)",    
"------------------------------------------------------------------------------------",   
"Na                    Rh 50  991-Auto Al  0 - 20    0.8 - 1.2   Live -  959   21",       
"Channel_info_start",                                                                     
"Channel : Na",                                                                           
"Points : 2048
"Range : 0.000000 - 20.480000",                                                           
"Step : 0.010000",                                                                        
"Channel_info_end",                                                                       
$DATA:
       0    2047
       0       0       0       0       0       0       0       0       0    2048
       0       0       0       0       0       0       0       0       0       0
       0       0       0       0       0       0       0       0       0       0
       0       0       0       0       0       0       0       1       2       9
      69     221     174     220     204     236     210     194     207     235
     203     224     197     244     249     210     227     249     237     270
     243     305     292     305     312     326     311     333     288     333
     344     292     311     309     272     314     275     288     295     325
     326     292     260     288     243     274     247     212     259     263
     284     286     325     372     375     429     409     452     390     421
     404     404     358     362     304     314     316     284     285     262
     340     348     347     397     369     376     371     350     330     356
     279     292     256     306     278     256     266     284     275     343
     371     430     415     460     512     511     486     570     469     493
     448     437     429     371     364     403     446     521     638     977
    1264    1817    2184    3054    3373    4224    4631    5245    5269    5680
    5217    5260    4465    4204    3374    2924    2411    2074    1624    1511
    1379    1498    1685    2432    3382    5014    6642    9738   12223   15579
   17793   21050   22843   24575   24171   25547   22426   21361   18182   15530
   12530   10051    7224    5630    3837    3073    2159    1697    1439    1259
     986    1031     941     951     848     958     934     926     864     877
     846     793     784     763     695     684     649     664     564     592
     567     542     496     512     532     589     611     684     742     933
    1117    1398    1793    2241    2828    3591    4202    4813    5249    5861
    5929    6325    5832    5965    5201    4646    4142    3448    2712    2374
    1820    1539    1332    1149    1046    1054    1036     986    1194    1369
    1566    2092    2533    3483    4244    6091    6848    8832    9708   11277
   12272   13626   13310   14004   12758   12657   10582    9703    8112    6774
    5105    4161    2980    2476    1921    1736    1642    1551    1465    1572
    1595    1733    1626    1658    1548    1580    1256    1299    1070     992
     847     699     628     597     514     545     454     452     455     445
     432     471     438     550     488     465     477     528     554     581
     584     599     621     801     764     906    1060    1428    1753    2466
    3273    4576    5836    7945    9757   12118   14540   17771   19421   22321
   22313   23725   23621   23551   21181   20987   17072   15418   12555   10351
    8063    6269    4436    3437    2495    1987    1508    1321    1284    1432
    1533    1938    2256    2823    3239    4167    5352    6731    7985   10402
   12480   15845   17928   21765   24729   28786   30345   34191   34292   35664
   33754   33833   31113   28571   24215   21601   17970   14519   11131    8394
    6458    4581    3148    2352    1598    1304     970     926     884    1095
    1070    1458    1612    2112    2336    2867    3148    3666    3876    4494
    4491    4650    4619    4642    4121    4007    3500    3213    2702    2224
    1894    1526    1296     983     781     663     558     471     461     423
     365     388     355     362     388     352     373     424     413     441
     446     453     447     520     602     705     853    1220    1435    1934
    2407    3070    3609    4654    5592    6604    7366    8493    9375    9581
    9721   10152    9691    9630    8587    8304    7321    6485    5317    4692
    3914    3271    2703    2269    1814    1643    1385    1234    1061    1052
     907     923     835     826     784     811     799     858     892     877
    1012    1091    1104    1212    1236    1495    1509    1685    1786    1798
    1975    1996    2070    2100    2055    2108    1969    1966    1778    1631
    1474    1323    1202    1070     959     958     869     851     787     742
     722     784     710     705     679     705     759     757     748     777
     816     834     776     783     825     797     805     861     840     853
     883     943     891     960     924     999     954    1028    1055    1151
    1069    1124    1093    1152    1058    1027    1015    1073     964     969
     953     943     916     966     867     972     917     892     922     967
     894     934     882     944     919     943     911     935     930     936
     972     970    1001    1077    1079    1067    1146    1336    1323    1528
    1727    1889    1987    2126    2421    2723    2646    2734    2943    2988
    2911    3044    2846    2770    2651    2580    2298    2187    1931    1805
    1760    1692    1601    1446    1402    1416    1324    1386    1326    1404
    1360    1438    1457    1521    1538    1662    1788    2074    2381    2870
    3581    4728    5992    8329   10648   14610   18571   24433   31710   40068
   47227   58482   69828   81552   89223  100361  110895  119552  121018  132963
  126145  127482  117444  114630  104990   97554   83408   75936   62773   54503
   42492   35552   28037   21863   16300   13010    9109    7118    5193    4105
    3063    2540    2013    1832    1592    1550    1420    1408    1428    1406
    1383    1369    1401    1391    1322    1360    1373    1423    1329    1566
    1486    1558    1533    1770    1760    1884    1997    2348    2611    3022
    3433    4053    4716    5703    6502    7443    8807   10141   11251   12615
   13736   15407   15601   16655   17559   17775   16988   16859   16047   15583
   13745   12992   11764   10595    8709    7714    6528    5681    4695    3968
    3239    2764    2280    2035    1858    1620    1390    1381    1240    1275
    1198    1287    1175    1194    1183    1211    1242    1280    1201    1244
    1262    1353    1223    1244    1303    1293    1275    1357    1259    1344
    1280    1305    1297    1259    1306    1338    1285    1237    1254    1187
    1243    1289    1183    1161    1223    1169    1239    1226    1228    1219
    1181    1239    1317    1328    1164    1226    1225    1212    1220    1268
    1272    1244    1281    1355    1174    1326    1219    1322    1341    1376
    1387    1472    1530    1494    1416    1551    1690    1604    1622    1740
    1781    1861    1826    1842    1750    1883    1758    1877    1715    1699
    1533    1634    1580    1474    1421    1415    1356    1353    1169    1233
    1273    1242    1167    1187    1222    1156    1117    1110    1136    1101
    1115    1154    1187    1146    1080    1132    1125    1160    1093    1160
    1128    1177    1144    1231    1288    1278    1285    1382    1343    1528
    1572    1646    1817    1987    2049    2236    2320    2522    2565    2832
    2741    2913    2806    2880    2874    2894    2659    2742    2507    2524
    2265    2187    2045    1985    1727    1688    1533    1466    1355    1349
    1218    1306    1162    1223    1208    1213    1078    1163    1127    1143
    1090    1162    1154    1109    1077    1161    1161    1104    1101    1062
    1116    1155    1080    1129    1155    1122    1043    1136    1048    1068
    1053    1060    1125    1068    1073    1133    1078    1146    1079    1144
    1117    1124    1149    1105    1134    1055    1088    1100    1097    1255
    1074    1096    1111    1078     991    1166    1118    1141    1059    1037
    1092    1099    1035    1146    1166    1143    1141    1122    1240    1214
    1195    1267    1289    1290    1298    1243    1302    1327    1216    1329
    1294    1312    1183    1227    1242    1187    1074    1189    1163    1213
    1060    1054    1144    1124    1013    1189    1017    1076    1073    1024
    1050    1052    1010    1008    1009    1029     989    1024    1015     987
     995    1017    1112    1097    1015     984    1077    1099     992     985
    1062    1043     985    1037    1078    1101    1065    1018    1101    1062
    1091    1065    1084    1070    1023    1009     981    1050    1093    1018
    1049    1105    1007     989    1085    1002    1035     999     978    1054
     995    1091    1049    1054    1045    1091    1000    1053     948    1164
    1092    1084    1078    1162    1184    1160    1166    1218    1202    1154
    1166    1141    1211    1187    1180    1303    1246    1237    1163    1186
    1192    1177    1102    1162    1156    1122    1035    1045    1053    1133
    1032    1111    1037    1041    1002    1043    1066    1080    1062    1086
    1011    1033    1001    1012    1037    1035     993    1024     981    1042
     965    1085    1052    1007    1050    1011    1020    1000    1010    1016
    1003    1021     941    1042     995    1066     999     999    1063    1061
    1000     970    1026    1023     958     989     995    1013     960     933
    1018    1062    1017     970    1042     981     934     952    1028    1057
     974    1012    1008    1013    1024     983     961     982     982    1006
     985     985     925     975     960    1017     920     945     991     895
     968     948    1001    1041     876     952     986     956    1003     974
     989     951     953     998     991    1013     890    1017     910    1023
     954     985    1026    1124    1055    1066    1046    1178    1132    1104
    1192    1164    1218    1191    1319    1322    1295    1303    1405    1366
    1380    1302    1321    1285    1294    1268    1250    1311    1217    1184
    1160    1191    1029    1096    1050    1088     991    1051     954     957
     927     947     947     873     901     875    1003     952     924     915
     902     928     901     877     853     939     880     973     867     881
     886     986     908     872     841     891     884     883     813     911
     900     870     906     850     856     917     898     928     948     927
     823    1021     932     941     942     959    1026     995     900     979
    1029     977     991     967     937    1020    1026    1074     993    1019
     990    1040     977     998    1036    1046    1063    1024     957    1036
    1040    1049    1000     947     957     982     954     983     898    1011
     873     840     948     842     902     923     897     877     828     910
     821     906     863     810     847     878     775     852     863     804
     781     853     852     835     880     844     931     848     876     894
     956     924     890     960     910     967     993     968     996    1051
    1008    1007    1037    1036    1053    1090    1119    1061    1023    1093
    1048    1076    1058    1033     975    1040     939     910     911     920
     830     890     876     855     881     867     878     794     774     815
     822     810     801     821     824     716     788     826     842     817
     751     785     807     772     774     749     833     796     746     794
     814     808     819     830     768     782     833     789     825     822
     763     800     840     840     805     855     842     864     843     857
     956     926     916    1007    1028    1049    1011    1041    1193    1083
    1124    1121    1101    1102    1074    1145    1066    1094    1053    1037
    1015    1091     978    1068     943     919     917     880     915     875
     848     827     821     819     721     794     792     772     698     763
     790     713     715     758     760     712     732     749     730     725
     684     749     751     748     725     776     768     749     704     700
     757     739     716     665     747     818     714     721     716     745
     754     707     758     773     713     709     730     695     730     764
     698     788     731     730     741     834     768     754     765     793
     807     762     781     757     775     732     781     750     771     726
     780     840     697     716     766     766     710     722     693     735
     715     739     690     751     650     724     704     705     681     658
     697     672     722     645     682     665     605     639     679     657
     668     672     665     658     637     653     768     672     658     638
     614     664     670     687     699     636     663     698     730     705
     716     712     730     706     751     703     754     791     731     727
     695     822     819     808     870     868     865     855     924     936
     899     868     925     964     933     972     944     903     897     956
     939     884     834     906     870     874     763     763     838     807
     747     707     749     693     717     706     716     687     678     683
     678     681     667     633     682     684     667     640     624     656
     617     653     651     644     638     620     632     649     654     638
     632     679     591     657     600     651     566     641     651     569
     598     572     636     706     622     647     607     609     620     605
     646     646     620     628     634     675     591     641     641     680
     621     634     673     668     644     640     679     674     656     659
     657     675     629     672     699     645     638     699     620     622
     600     636     679     630     637     631     633     667     607     586
     621     602     525     592     615     611     574     625     620     602
     580     572     611     577     589     608     641     574     632     607
     548     598     594     565     624     607     570     584     558     614
     577     563     598     613     557     577     663     603     553     582
     592     537     631     596     638     577     597     579     626     622
     539     588     605     591     577     567     606     637     575     617
     626     594     591     626     616     584     637     639     636     620
     571     623     598     619     605     599     587     620     634     640
     667     670     584     621     583     622     636     632     670     697
     547     639     642     623     637     688     649     605     596     620
     683     665     566     626     622     633     602     570     661     591
     623     629     717     654     648     642     654     656     631     642
     651     640     666     650     665     654     623     649     639     687
     693     675     676     659     667     687     706     725     671     703
     687     682     681     699     747     749     668     745     699     755
     710     696     746     793     698     720     784     777     768     793
     813     747     843     798     815     798     868     906     832     864
     823     870     894     932     940     872     995     949     989    1028
     999     984    1046    1079    1183    1113    1104    1115    1226    1214
    1262    1380    1344    1385    1391    1530    1523    1605    1522    1659
    1692    1871    1726    1907    1949    2016    2122    2024    2375    2336
    2305    2406    2478    2624    2491    2464    2774    2869    2726    2913
    3053    3046    3093    3222    3494    3317    3395    3384    3423    3505
    3507    3426    3563    3696    3481    3488    3609    3681    3594    3407
    3862    3541    3563    3550    3671    3636    3374    3346    3491    3321
    3256    3227    3244    3235    2971    3031    3009    2937    2699    2781
    2694    2666    2390    2414    2463    2348    2140    2052    2176    2138
    1943    1892    1988    1824    1711    1650    1615    1615    1506    1412
    1507    1287    1192    1228    1223    1176    1150    1200    1194    1034
    1060     974    1009     934     899     894     945     937     984     914
     984    1011    1016     943    1146    1092    1091    1060    1227    1288
    1263    1323    1505    1507    1491    1496    1679    1648    1760    1901
    1925    1991    1919    1968    2148    2143    2086    2117    2316    2232
    2047    2044    2173    2069    1958    1899    2011    1864    1694    1709
    1740    1717    1430    1398    1467    1298    1187    1104    1099     984
     916     900     836     810     748     717     633     655     602     597
     656     544     552     539     558     567     516  281593
