$Informacoes da Fluorescencia de Raios-X:
"Sample    : GHA-666",                                                                    
"Operator  : THIAGO",                                                                     
"Comment  : ",                                                                            
"Group     : thiago_acra2010ma",                                                          
"Date       : 2010-06-19 11:25:29",                                                       
"",                                                                                       
"Mesurement Condition",                                                                   
"------------------------------------------------------------------------------------",   
"Instrument : 700HS2   Atmosphere : Vac.   Collimator : 10(mm)   Spin : No",              
"------------------------------------------------------------------------------------",   
"Analyte               TG kV   uA      FI Acq.(keV)  Anal.(keV)  Time(sec)     DT(%)",    
"------------------------------------------------------------------------------------",   
"Na                    Rh 50 1000-Auto Al  0 - 20    0.8 - 1.2   Live -  960   14",       
"Channel_info_start",                                                                     
"Channel : Na",                                                                           
"Points : 2048
"Range : 0.000000 - 20.480000",                                                           
"Step : 0.010000",                                                                        
"Channel_info_end",                                                                       
$DATA:
       0    2047
       0       0       0       0       0       0       0       0       0    2048
       0       0       0       0       0       0       0       0       0       0
       0       0       0       0       0       0       0       0       0       0
       0       0       0       0       0       0       0       0       2       3
      70     158     152     150     141     168     141     184     155     167
     157     189     152     155     180     162     171     191     181     194
     192     210     201     214     214     260     220     251     251     247
     240     265     250     259     285     265     273     250     281     270
     241     251     216     211     213     209     204     195     155     186
     219     205     183     221     205     248     253     215     259     240
     215     228     211     219     179     202     171     192     169     244
     224     212     227     266     253     247     255     233     242     218
     200     185     156     201     174     182     194     188     197     204
     264     285     249     317     271     301     283     353     304     276
     288     298     274     257     264     255     279     355     386     539
     651     905    1183    1469    1715    2047    2190    2396    2624    2659
    2463    2477    2230    2071    1748    1522    1254    1058     897     841
     719     837     879    1187    1655    2499    3244    4742    5744    7349
    8431    9940   10610   11812   11429   12041   10746   10394    8755    7874
    6362    5244    3765    2943    2081    1720    1169     926     717     677
     576     572     504     486     503     482     446     494     443     460
     507     486     422     431     447     388     366     392     327     363
     319     363     356     414     345     351     408     469     510     609
     769     993    1310    1812    2088    2762    3027    3692    4131    4597
    4589    4729    4612    4530    4070    3765    3278    2924    2340    2031
    1551    1353    1048     921     782     772     684     729     725     817
     920    1023    1163    1464    1835    2631    2731    3596    3938    4625
    4768    5225    5301    5561    5054    4927    4250    4052    3304    2902
    2248    1935    1400    1206     903     830     706     765     722     763
     764     752     732     778     732     761     672     620     546     502
     417     432     381     358     307     317     296     286     298     279
     279     298     300     341     289     306     307     319     303     375
     347     408     383     456     462     508     690     829    1055    1597
    2075    2738    3598    4744    5940    7708    8647   10605   11649   13163
   13319   14357   14045   14324   13035   12781   10680    9909    7968    6638
    5237    4222    2992    2321    1717    1294    1027     813     802     821
     910    1042    1302    1569    1759    2261    2739    3415    3979    5024
    5707    7105    8148    9494   10799   12151   12694   14355   14267   15094
   14148   14008   12997   12183   10286    9490    7597    6443    5062    4017
    2900    2333    1556    1184     839     677     564     509     569     588
     617     776     815    1023    1092    1265    1546    1679    1701    2001
    1924    2053    1881    1929    1880    1782    1572    1446    1268    1183
     877     779     692     548     478     430     397     410     333     314
     324     320     304     362     314     327     337     305     315     350
     328     371     333     379     389     460     536     660     735    1014
    1137    1511    1711    2063    2529    2976    3153    3835    3861    4241
    4211    4372    4307    4321    3902    3656    3308    3131    2570    2270
    1964    1721    1305    1274     955     910     770     667     662     668
     639     579     582     540     517     590     562     559     588     630
     673     718     665     731     819     878     821     958     948    1081
    1040    1016    1136    1136    1055    1129    1069     993     983     904
     856     838     746     759     673     631     570     567     577     541
     548     556     519     566     481     572     557     581     527     585
     609     567     544     615     592     579     616     668     596     669
     606     659     603     696     671     748     729     787     808     729
     764     785     737     788     769     759     746     763     761     766
     709     722     733     723     708     698     741     735     687     741
     699     739     694     745     731     757     701     692     770     770
     812     774     749     826     799     932     889     958     950    1097
    1159    1304    1298    1451    1460    1607    1604    1772    1708    1880
    1729    1860    1746    1753    1615    1624    1570    1468    1290    1258
    1207    1212    1112    1076    1066    1000    1008     992    1077    1003
     984    1035    1098    1136    1140    1255    1278    1315    1422    1657
    2038    2590    3068    4134    5224    7043    8665   11162   14272   18271
   21530   26005   30971   36179   39277   44478   48687   52692   53754   58981
   55685   56927   52371   51636   47555   44295   38138   35401   29435   25664
   20345   17078   13593   11019    8321    6874    5016    4072    2977    2421
    2016    1692    1458    1318    1198    1262    1184    1151    1102    1133
    1129    1139    1132    1178    1114    1125    1114    1235    1156    1206
    1232    1237    1156    1294    1390    1393    1504    1639    1668    1961
    2049    2365    2692    3184    3316    4031    4354    4961    5379    5997
    6699    7182    7469    7876    8197    8655    7789    7974    7857    7474
    6781    6492    5942    5351    4729    4082    3651    3252    2696    2439
    2078    1905    1614    1556    1333    1327    1203    1222    1169    1203
    1174    1132    1185    1164    1072    1143    1088    1191    1072    1120
    1137    1167    1131    1189    1129    1126    1093    1192    1174    1146
    1113    1191    1144    1139    1102    1164    1150    1169    1090    1121
    1165    1134    1034    1093    1111    1116    1099    1089    1184    1116
    1097    1071    1113    1147    1063    1090    1126    1138    1082    1169
    1160    1157    1128    1198    1167    1261    1215    1213    1244    1192
    1221    1279    1304    1316    1333    1354    1326    1472    1508    1528
    1517    1585    1550    1631    1593    1574    1549    1512    1484    1410
    1367    1445    1401    1326    1223    1249    1183    1270    1128    1174
    1138    1092    1021    1080     999    1050     990    1021    1029    1074
    1008    1110    1005    1065    1042    1048     971    1081    1053    1023
    1003    1026    1033    1079    1062    1190    1192    1270    1308    1386
    1485    1644    1762    1991    1983    2196    2361    2460    2432    2712
    2811    2910    2909    2821    2943    3050    2666    2635    2630    2536
    2296    2223    2022    1864    1675    1570    1494    1412    1287    1274
    1238    1150    1141    1052    1111    1082    1049    1012    1062    1079
    1001    1005    1033    1045    1000     993    1059    1086     992     972
    1006    1011     949    1013    1016    1024     947    1021     974    1039
     955     916     975    1014     967     984    1045    1039     928     951
    1018    1047     994     953    1012     976     926     872    1012    1047
     972    1014    1067    1024     992    1027     955    1002     913     960
     955     944     958    1025     970    1085     986    1105    1100    1198
    1056    1117    1159    1226    1161    1168    1226    1218    1117    1132
    1257    1156    1117    1125    1089    1153    1085    1060    1040    1026
    1008     980    1034    1025     896     998     928     973     923     951
    1001     894     888     902     956     928     928     891     929     975
     915     903    1000     962     838     917     918     944     943     972
     915     903     924     916     909     905     896     950     911     908
     906     898     955     959     915     926     963     931     916     844
     916     905     957     949     916     948     926     957     927     916
     923     970     994    1012     960     997    1024     968    1007    1072
    1021    1106    1076    1124    1208    1187    1189    1235    1302    1244
    1196    1338    1322    1350    1331    1343    1323    1333    1301    1298
    1256    1244    1234    1228    1153    1225    1074    1032    1060    1080
    1002    1023     951     990     944     922     942     968     916    1008
     910     968     913     889     945     916     932     936     945     956
     852    1019     890     940     859     971     953     941     876     963
     933     883     916     970     942     908     953     932     913     950
     931     918     882     946     894     956     937     961     950     953
     982     920     898     875     915     986     880     949     887     933
     905     905     934     932     888     929     908     947     858     882
     959     869     905     907     870     892     887     845     900     889
     868     941     897     950     869     879     929     900     831     892
     930     913     935     848     872     914     880     883     913     921
     924     927     993     976     919    1032    1054    1076    1085    1131
    1184    1219    1185    1216    1210    1304    1242    1302    1344    1329
    1309    1337    1386    1322    1176    1221    1246    1223    1192    1239
    1168    1131    1048    1007     987    1014     942     916     958     990
     830     924     865     874     838     858     915     885     862     897
     907     922     849     923     863     871     855     879     826     850
     842     927     806     884     799     782     855     837     848     822
     853     830     904     840     799     880     888     871     994     972
     977     897     924    1056     981    1064    1045    1055    1056    1112
    1040    1124    1015    1021    1128    1086    1052    1051    1029    1032
     977     932     940    1018     893     888     931     919     904     877
     887     863     825     851     863     850     828     834     824     838
     823     802     792     855     783     808     841     834     790     812
     834     758     789     763     802     855     787     791     808     826
     788     822     866     830     828     809     832     887     773     849
     852     881     870     808     836     890     871     908     864    1003
     881     933     895     962     930     908     929     879     865     933
     857     936     855     846     901     917     832     845     856     795
     897     749     773     851     727     737     776     808     751     786
     767     792     725     726     737     767     706     759     697     741
     730     722     730     774     722     730     730     722     681     751
     764     747     739     725     718     764     723     763     738     756
     732     734     693     723     714     789     769     830     741     746
     790     914     779     809     770     828     786     852     955     897
     884     921     852     856     897     867     842     854     866     832
     839     832     806     881     735     802     770     770     752     801
     750     711     729     748     698     682     727     681     717     714
     752     638     662     685     668     712     664     656     674     693
     662     701     700     674     647     667     718     710     635     695
     697     683     721     711     764     695     651     641     720     721
     664     646     669     658     708     697     693     708     658     687
     671     704     695     658     698     720     643     710     703     725
     709     678     710     679     643     720     712     705     708     648
     708     640     633     590     716     687     602     666     674     642
     720     617     604     674     661     647     652     645     609     643
     638     673     673     700     668     672     619     626     621     628
     658     638     669     600     617     614     631     634     582     662
     602     609     585     621     615     626     626     614     671     631
     591     658     611     683     565     700     632     661     654     694
     667     700     724     713     696     739     727     731     724     771
     730     745     775     705     727     720     764     747     763     765
     800     711     753     764     714     710     680     673     677     668
     644     611     694     615     648     658     632     627     560     601
     654     656     594     622     579     621     619     599     608     622
     574     572     578     552     612     596     646     694     569     598
     574     616     572     564     567     605     553     581     570     609
     569     595     615     607     556     568     566     538     578     583
     570     559     616     609     591     564     553     615     594     586
     572     567     593     604     557     590     630     612     585     601
     575     601     602     603     598     668     582     598     539     551
     573     591     563     567     577     564     598     575     587     564
     569     569     564     552     578     564     564     530     574     556
     549     590     589     538     513     555     566     578     514     564
     585     589     544     575     537     587     620     529     582     557
     533     562     550     602     487     542     604     525     552     540
     599     598     541     539     585     582     501     524     608     566
     539     572     581     555     541     580     603     555     530     603
     577     605     548     585     608     604     538     590     600     587
     586     592     601     617     607     566     594     566     580     550
     619     557     578     604     592     635     640     599     612     625
     592     569     632     589     607     629     581     587     502     544
     595     619     611     546     634     625     567     562     604     540
     569     527     694     621     662     591     583     569     556     544
     614     628     588     618     655     629     603     667     651     634
     599     665     606     667     640     587     633     665     660     666
     622     679     671     656     734     673     653     652     710     681
     738     690     724     678     712     735     749     726     695     783
     780     793     721     788     818     822     752     837     830     877
     843     867     924     947     830     902     923     936     916     941
     957     977     961    1001    1079    1174    1107    1110    1185    1191
    1157    1257    1379    1361    1347    1389    1446    1457    1476    1579
    1696    1741    1697    1760    1887    2031    1983    1935    2246    2315
    2223    2306    2396    2465    2425    2571    2859    2757    2759    2799
    2932    3021    3003    2984    3285    3361    3203    3274    3396    3403
    3447    3428    3591    3649    3568    3496    3696    3761    3478    3388
    4060    3703    3482    3580    3585    3593    3463    3480    3398    3422
    3283    3226    3329    3249    3077    3031    2872    2841    2812    2713
    2817    2642    2463    2457    2443    2308    2260    2086    2128    1984
    1892    1909    1933    1789    1708    1547    1618    1502    1384    1395
    1429    1356    1217    1191    1164    1169    1105    1053    1091    1080
     969     933     959     941     878     895     954     897     866     917
     975     920     892     975    1134    1076    1034    1098    1151    1218
    1113    1211    1377    1467    1406    1509    1553    1606    1663    1620
    1785    1854    1754    1865    1961    1945    1830    1913    2017    1905
    1821    1933    1925    1873    1876    1598    1886    1640    1521    1513
    1383    1364    1289    1204    1153    1132     946     944     937     901
     867     714     695     697     683     628     635     590     561     598
     565     540     531     475     539     467     463  270474
