$Informacoes da Fluorescencia de Raios-X:
"Sample    : GHA-712",                                                                    
"Operator  : THIAGO",                                                                     
"Comment  : ",                                                                            
"Group     : thiago_acra2010ma",                                                          
"Date       : 2010-06-19 20:49:16",                                                       
"",                                                                                       
"Mesurement Condition",                                                                   
"------------------------------------------------------------------------------------",   
"Instrument : 700HS2   Atmosphere : Vac.   Collimator : 10(mm)   Spin : No",              
"------------------------------------------------------------------------------------",   
"Analyte               TG kV   uA      FI Acq.(keV)  Anal.(keV)  Time(sec)     DT(%)",    
"------------------------------------------------------------------------------------",   
"Na                    Rh 50 1000-Auto Al  0 - 20    0.8 - 1.2   Live -  960   12",       
"Channel_info_start",                                                                     
"Channel : Na",                                                                           
"Points : 2048
"Range : 0.000000 - 20.480000",                                                           
"Step : 0.010000",                                                                        
"Channel_info_end",                                                                       
$DATA:
       0    2047
       0       0       0       0       0       0       0       0       0    2048
       0       0       0       0       0       0       0       0       0       0
       0       0       0       0       0       0       0       0       0       0
       0       0       0       0       0       0       0       1       0       5
      57     165     144     125     119     149     156     150     149     156
     160     133     142     148     161     170     151     180     170     228
     182     206     214     237     232     237     247     234     243     228
     251     240     216     284     231     281     262     267     279     265
     291     243     224     222     207     197     197     177     204     221
     232     264     286     362     375     381     419     369     423     387
     381     382     342     323     286     270     266     236     240     209
     223     282     246     287     296     268     239     292     264     247
     246     234     193     207     216     181     186     178     194     206
     209     246     231     239     250     282     239     277     239     246
     207     244     206     205     236     239     243     255     261     299
     404     480     573     727     796     995    1094    1194    1317    1363
    1359    1461    1350    1403    1336    1232    1165    1127     920     940
     840     846     740     833     943    1179    1451    1948    2327    2970
    3351    4069    4425    4864    4710    4952    4535    4207    3599    3126
    2534    2139    1569    1281     994     784     615     575     474     433
     409     424     375     406     357     339     370     439     399     397
     364     384     359     339     400     394     389     412     356     384
     408     413     387     414     430     464     465     573     624     676
     861    1096    1317    1695    2094    2709    3101    3790    3924    4466
    4683    4856    4612    4560    4065    3877    3211    2862    2244    1923
    1542    1402    1111     953     956     939     918    1076    1179    1336
    1648    2135    2874    3810    4827    6908    8045   10206   11417   13607
   14694   16378   16038   17128   15430   14948   13128   11984    9902    8195
    6317    5235    3637    2954    2241    1991    1764    1843    1790    1885
    1967    2024    1969    1967    1929    1753    1584    1492    1336    1277
     972     903     805     725     645     602     601     581     539     553
     553     587     557     589     572     634     562     583     628     676
     702     760     786     910    1003    1260    1498    2215    2885    4358
    5709    8497   10860   14954   18858   24516   28984   35265   39051   44319
   45746   48484   48341   48233   43866   43021   35281   31614   25200   20928
   16208   12541    8792    6377    4473    3287    2289    1913    1714    1877
    2121    2521    3009    3730    4128    4878    5354    6312    6329    7121
    7436    7919    7700    7983    8243    8226    7897    8314    7999    7729
    6904    6641    6204    5594    4619    4195    3339    2745    2190    1691
    1381     957     743     557     479     398     347     349     375     367
     438     421     480     561     589     631     760     846     838     946
     919     971     913     878     922     826     700     705     586     562
     466     460     380     321     323     338     274     302     284     291
     280     286     274     264     258     284     240     273     272     270
     264     275     289     296     292     322     357     386     420     501
     568     657     723     839    1056    1186    1289    1463    1591    1643
    1591    1819    1658    1703    1513    1498    1291    1271    1072     950
     807     793     626     619     545     510     480     454     431     442
     420     420     399     440     398     391     435     436     451     427
     475     463     472     499     508     544     569     579     599     619
     581     633     645     674     642     670     632     625     605     562
     606     591     535     493     494     487     419     459     450     442
     420     448     443     456     430     467     477     456     435     464
     451     478     475     475     512     503     485     520     512     558
     502     554     558     546     612     591     624     612     623     635
     683     668     632     699     639     670     629     661     609     642
     597     713     611     614     609     637     648     633     620     661
     611     599     560     668     663     645     584     690     631     638
     653     671     642     656     621     735     698     731     756     791
     826     943     886     942     953    1033     917    1095    1111    1060
    1114    1177    1079    1077    1071    1056    1029     965     994     963
     915     895     844     923     811     883     886     863     855     858
     831     873     857     911     849     927     977     953     941    1087
    1213    1340    1530    1866    2165    2830    3426    4307    5354    6576
    7773    9533   11013   12778   13981   15833   17380   19066   18872   20817
   19804   20228   18678   17959   17030   15515   13592   12486   10251    8983
    7345    6055    5078    4172    3220    2838    2153    1870    1449    1462
    1206    1206    1084    1050    1026    1074     978    1082    1097    1034
    1014    1008     982    1100    1035     980    1013    1024     997    1008
    1059    1034    1098    1121    1165    1140    1099    1114    1228    1311
    1387    1445    1578    1721    1806    1976    2162    2448    2474    2706
    2975    3198    3303    3378    3455    3423    3428    3510    3398    3244
    2978    2892    2605    2426    2212    2101    1855    1793    1524    1462
    1428    1273    1217    1180    1147    1166    1010    1150    1085    1069
     999    1104    1114    1051    1048    1097    1159    1069    1065    1080
    1079    1140    1096    1107    1121    1168    1098    1082    1079    1121
    1129    1123    1155    1073    1084    1103    1065    1121    1057    1020
    1038    1092    1050    1003    1055    1067    1047    1044    1181    1171
    1021    1100    1114    1089    1086    1089    1085    1091    1055    1037
    1162    1145    1056    1199    1088    1098    1102    1140    1173    1230
    1206    1272    1305    1342    1336    1351    1369    1576    1491    1620
    1672    1753    1651    1701    1708    1731    1624    1622    1572    1492
    1449    1435    1402    1283    1268    1311    1159    1152    1094    1060
    1055    1078     974     992     990     963     976     961    1026     956
     935     943    1078     991     967     966     990     954     940     983
     990    1025     977     990    1039    1005    1140    1212    1228    1330
    1350    1430    1594    1643    1696    1898    1985    2108    2063    2174
    2435    2441    2285    2333    2437    2365    2269    2303    2111    2053
    1876    1796    1700    1596    1378    1365    1269    1265    1135    1138
    1063    1071     989    1096    1027    1034    1007    1019    1013    1053
     996     991     996    1030     966    1022    1028    1026     923     940
     932     964     982     926     971     993     874     899     886     946
     986     954     901     934     919     870     896     935     927     965
     959     982     886     904     920     938     915     924     887     902
     880     912     882     948     915     927     883     913     868     912
     881     915     876    1014     989     963     926     938    1022    1097
    1018    1020    1083    1082    1023    1045    1053    1139    1065    1110
    1084    1026     984    1030     992    1063     943     976     985     991
     905     935     945     962     884     951     931     859     861     844
     961     915     864     895     862     954     881     788     877     897
     927     842     922     925     843     807     842     853     894     867
     835     895     872     838     867     873     935     831     892     845
     850     887     866     874     870     845     852     917     863     858
     906     869     866     874     895     850     851     948     928     919
     876     897     860     947     870     969     878     989     881     969
     953     982     902     942     931     992     992     956    1012     968
     959    1035    1008    1050     990    1009    1027    1062     996    1054
    1005     947     987    1018     985    1053     927     895     923     924
     891     946     898     909     822     843     868     947     897     865
     930     887     772     905     902     912     889     903     859     950
     868     846     950     917     849     876     909     905     865     873
     849     833     896     952     880     892     858     870     872     922
     849     938     853     896     913     882     922     867     821     858
     898     904     909     891     901     909     936     908     932     907
     867     859     862     913     821     903     888     919     845     926
     898     821     887     866     907     873     842     873     888     828
     931     938     858     893     874     823     851     903     801     921
     851     842     805     859     858     924     869     906     917     902
     894     967     959     950     926    1039    1036    1155    1074    1136
    1157    1223    1185    1215    1354    1465    1344    1442    1428    1487
    1394    1392    1488    1390    1375    1444    1323    1320    1233    1218
    1187    1133    1057    1056     994     989     899     935     892     934
     892     881     863     889     847     865     833     895     790     828
     849     816     833     791     816     809     799     863     822     770
     807     815     832     829     781     766     844     770     787     766
     823     873     760     802     839     779     800     873     892     858
     820     858     867     778     882     906     880     896     892     849
     884     855     796     870     884     861     884     837     866     858
     847     807     836     858     836     819     835     791     776     795
     834     746     770     757     722     774     712     830     800     816
     754     765     810     751     712     759     764     752     788     778
     737     733     737     754     754     736     750     758     776     743
     762     754     786     807     773     796     818     830     814     866
     859     904     864     895     942     961     909     908     980    1006
     911     968     971    1012    1042     926     999     996     986     990
     933     971     919     950     953     933     901     834     843     866
     836     782     793     734     784     712     769     799     745     779
     736     731     713     750     722     731     723     726     765     706
     719     706     708     770     704     704     699     764     662     713
     742     737     716     715     705     715     662     709     702     687
     672     677     684     748     720     709     779     758     737     749
     784     752     719     760     788     766     698     772     855     778
     737     801     822     806     766     762     811     738     745     720
     786     825     760     675     706     772     715     665     752     704
     646     677     704     646     689     653     673     741     655     641
     670     713     655     599     662     657     657     673     706     661
     646     639     664     688     654     642     641     673     623     649
     689     660     610     648     658     669     648     630     640     681
     644     655     721     627     619     679     689     661     606     692
     689     687     665     637     677     672     719     640     720     628
     671     683     649     647     646     632     609     716     615     643
     659     649     696     613     657     662     644     619     621     631
     574     629     595     649     552     652     655     635     595     635
     627     642     600     615     568     582     577     601     620     631
     561     611     639     631     645     531     698     633     565     594
     613     619     591     679     586     608     552     615     589     588
     582     542     620     581     536     596     596     644     571     548
     632     627     617     613     615     602     582     611     648     652
     600     643     653     606     590     610     675     667     591     612
     594     638     639     674     614     638     579     571     601     639
     586     546     629     612     584     606     617     562     540     611
     585     573     542     595     562     619     565     579     557     595
     588     591     601     560     576     619     540     550     553     526
     560     520     598     591     560     560     572     562     576     547
     554     554     617     605     562     551     591     529     564     509
     531     538     548     506     564     573     514     584     569     540
     562     501     606     553     561     566     575     546     598     539
     573     587     561     536     614     587     511     529     584     527
     522     608     550     586     573     569     571     566     513     575
     548     561     510     527     571     570     561     531     526     557
     570     525     585     531     538     499     574     569     569     513
     548     597     508     510     551     550     575     554     541     521
     538     533     487     545     547     503     555     609     554     561
     542     544     557     560     550     530     550     564     539     557
     515     524     536     586     550     594     530     564     523     547
     517     518     542     572     575     545     539     546     530     529
     536     557     587     617     532     582     602     552     595     537
     570     564     561     557     568     586     550     584     579     543
     598     511     554     612     553     557     592     554     556     579
     581     559     511     536     602     576     573     522     597     559
     592     557     619     604     544     536     601     586     531     599
     597     644     606     596     608     581     598     557     601     628
     599     589     596     608     611     606     640     662     576     611
     639     629     608     589     630     687     637     652     678     648
     638     655     706     659     727     646     685     703     665     729
     704     761     752     725     754     745     718     756     833     750
     780     803     875     819     834     861     936     854     924     947
     997     995    1004    1039    1082    1047    1068    1117    1115    1216
    1155    1211    1291    1336    1316    1388    1475    1450    1513    1635
    1626    1660    1724    1766    1873    1925    1835    1899    2186    2195
    2242    2188    2291    2477    2320    2452    2580    2721    2711    2732
    2894    2972    2943    3118    3131    3078    3175    3254    3327    3386
    3311    3344    3540    3556    3310    3522    3580    3622    3395    3303
    3946    3579    3388    3552    3436    3452    3290    3455    3466    3371
    3115    3084    3121    3026    2868    2922    2828    2866    2630    2595
    2624    2526    2461    2390    2399    2313    2193    2071    2035    1928
    1875    1717    1915    1682    1577    1549    1475    1466    1366    1357
    1260    1237    1221    1083    1215    1092    1132    1042     980     979
     983     924     937     878     815     860     925     870     852     865
     946     919     926     947    1038     975     997    1035    1083    1168
    1135    1186    1363    1355    1406    1465    1545    1629    1678    1706
    1797    1840    1752    1819    1871    1890    1971    1912    1949    1890
    1937    1757    1884    1790    1652    1513    1688    1513    1409    1450
    1401    1264    1135    1196    1130    1077     962     897     854     877
     731     688     744     704     610     562     587     591     494     542
     536     501     486     506     503     475     487  259061
