$Informacoes da Fluorescencia de Raios-X:
"Sample    : GHA-744",                                                                    
"Operator  : THIAGO",                                                                     
"Comment  : ",                                                                            
"Group     : thiago_acra2010ma",                                                          
"Date       : 2010-06-20 10:27:22",                                                       
"",                                                                                       
"Mesurement Condition",                                                                   
"------------------------------------------------------------------------------------",   
"Instrument : 700HS2   Atmosphere : Vac.   Collimator : 10(mm)   Spin : No",              
"------------------------------------------------------------------------------------",   
"Analyte               TG kV   uA      FI Acq.(keV)  Anal.(keV)  Time(sec)     DT(%)",    
"------------------------------------------------------------------------------------",   
"Na                    Rh 50  530-Auto Al  0 - 20    0.8 - 1.2   Live -  959   21",       
"Channel_info_start",                                                                     
"Channel : Na",                                                                           
"Points : 2048
"Range : 0.000000 - 20.480000",                                                           
"Step : 0.010000",                                                                        
"Channel_info_end",                                                                       
$DATA:
       0    2047
       0       0       0       0       0       0       0       0       0    2048
       0       0       0       0       0       0       0       0       0       0
       0       0       0       0       0       0       0       0       0       0
       0       0       0       0       0       0       0       2       1       3
      95     198     188     183     203     207     221     206     203     207
     209     219     222     180     208     234     172     209     240     212
     240     231     253     240     260     298     284     246     284     270
     261     264     226     264     249     222     234     253     250     231
     256     273     231     222     232     216     223     230     216     265
     257     293     277     327     385     412     387     395     413     419
     422     370     330     337     291     256     261     265     259     267
     296     309     328     360     351     352     319     302     338     296
     279     258     246     219     238     234     266     264     268     325
     304     388     371     448     445     436     410     562     411     432
     369     338     315     315     336     365     345     420     490     674
     861    1159    1524    2139    2419    3132    3253    3745    3980    4023
    3719    3706    3193    2985    2456    2103    1788    1447    1185    1086
    1004    1021    1249    1487    2059    3167    4168    6119    8126   10436
   12033   14472   15652   17109   16872   17318   15140   14278   11591   10037
    7778    6001    4320    3374    2396    1877    1367    1241    1075     989
     867     947     902     968     928     972     956    1025     902    1026
     867     927     818     765     681     670     539     629     490     553
     458     424     432     482     470     505     467     537     595     668
     775     984    1278    1708    1961    2539    2806    3425    3700    4101
    4043    4348    4090    4063    3469    3255    2676    2297    1885    1668
    1346    1142     928     919     861     886     919     924     991    1258
    1406    1714    2357    3230    4082    5963    6879    8879   10332   11939
   12888   14222   14070   14602   13322   12464   10864    9543    7904    6352
    4883    3876    2823    2238    1863    1555    1510    1523    1513    1713
    1636    1743    1693    1710    1587    1564    1316    1222    1047     925
     821     718     696     601     520     539     514     501     494     506
     515     548     501     553     543     587     567     587     584     643
     609     680     768     764     819     935    1177    1533    1904    2706
    3542    5009    6327    8858   11047   14364   16691   20531   22808   25468
   26168   27882   27741   27357   24977   23376   19268   17337   13363   11021
    8260    6359    4612    3503    2581    2034    1603    1457    1461    1587
    1794    2095    2692    3303    3792    4933    6191    7970    9980   12700
   15591   20038   23522   28158   33164   38378   40862   45794   46209   48067
   45531   44875   41218   37726   31480   27580   22556   17762   13078   10067
    7356    5287    3553    2513    1762    1360    1038    1024    1092    1188
    1341    1704    2025    2577    2907    3581    4248    4802    5013    5801
    5887    6259    5873    5917    5524    5062    4304    3952    3366    2744
    2093    1721    1328    1099     825     720     562     473     391     374
     390     322     397     317     300     390     351     363     352     371
     381     451     378     492     489     649     732     894    1069    1420
    1844    2386    2799    3578    4236    5077    5699    6521    6880    7518
    7227    7597    7302    7161    6396    6187    5165    4850    3926    3394
    2913    2333    1978    1689    1357    1366    1069    1073     929     841
     843     810     770     747     715     761     720     789     764     866
     889     898    1005    1034    1090    1258    1243    1475    1559    1667
    1588    1707    1664    1703    1697    1764    1564    1560    1407    1285
    1202    1051     992     911     877     795     708     691     691     673
     675     737     588     647     700     712     640     727     655     786
     679     767     709     723     759     752     749     813     760     778
     743     793     879     886     837     922     941    1042     976     971
     954     993    1027    1033     939    1007     936     939     995     880
     921     912     906     937     824     833     803     850     885     889
     866     892     864     886     880     838     880     886     844     867
     858     922     909    1045     970    1076    1143    1267    1291    1484
    1518    1630    1896    2004    2307    2370    2396    2647    2611    2728
    2560    2695    2414    2523    2324    2163    2052    1966    1720    1677
    1524    1462    1286    1346    1263    1281    1229    1293    1286    1379
    1233    1390    1376    1487    1411    1620    1674    1943    2185    2546
    3297    4142    5298    7210    9436   13010   16271   21748   28171   36007
   42776   53121   62665   74079   81508   91549  101616  108353  110598  120515
  114178  114762  104402  101852   93005   85696   71909   64948   53647   45332
   35626   29179   22801   17884   13060   10326    7325    5741    4295    3222
    2581    2171    1768    1600    1527    1496    1323    1367    1395    1376
    1377    1320    1352    1398    1370    1351    1403    1479    1342    1496
    1486    1444    1510    1729    1661    1810    1982    2199    2423    2865
    3334    3701    4365    5190    5865    7060    8064    9502   10290   11532
   12642   13777   14189   15163   16104   15962   15082   15094   14492   13938
   12301   11448   10066    9091    7783    6709    5719    4796    3949    3434
    2756    2391    2044    1867    1658    1506    1374    1387    1263    1288
    1183    1234    1233    1272    1223    1203    1284    1243    1238    1256
    1310    1363    1329    1274    1323    1311    1248    1308    1375    1314
    1268    1294    1338    1302    1196    1241    1200    1243    1172    1204
    1208    1206    1211    1228    1193    1209    1221    1191    1288    1316
    1135    1170    1238    1292    1219    1226    1169    1193    1222    1228
    1303    1277    1202    1312    1280    1239    1306    1298    1286    1368
    1377    1455    1404    1509    1498    1535    1638    1635    1696    1757
    1833    1856    1753    1867    1886    1827    1792    1797    1758    1716
    1599    1610    1497    1486    1361    1456    1409    1390    1280    1284
    1237    1217    1216    1126    1205    1151    1105    1139    1125    1099
    1240    1186    1094    1161    1156    1139    1171    1182    1154    1209
    1165    1189    1207    1286    1400    1433    1450    1626    1782    2004
    2046    2314    2616    2812    3023    3427    3718    4018    4271    4334
    4523    4695    4649    4606    4987    4502    4257    4271    3906    3695
    3294    3183    2913    2560    2321    2218    1948    1824    1633    1506
    1444    1371    1272    1216    1250    1191    1212    1194    1249    1199
    1220    1147    1186    1206    1116    1154    1142    1160    1080    1177
    1150    1144    1092    1123    1222    1148    1086    1166    1057    1120
    1069    1200    1113    1150    1087    1161    1146    1113     978    1129
    1147    1123    1136    1107    1176    1100    1100    1133    1094    1099
    1066    1085    1069    1103    1048    1113    1095    1114    1053    1069
    1180    1232    1137    1208    1237    1289    1180    1281    1354    1465
    1369    1519    1421    1522    1499    1474    1574    1508    1500    1490
    1585    1486    1418    1410    1386    1351    1364    1300    1271    1224
    1180    1189    1197    1209    1075    1116    1100    1127    1093    1128
    1125    1056    1044    1049    1045    1096    1050    1054    1048    1071
    1032     992    1085    1010     991    1064    1084    1056    1011    1068
    1138    1043    1065    1109    1064    1091    1108    1113    1153    1087
    1064    1083    1100    1142    1065    1074    1117    1058    1057    1049
    1125    1160    1051    1079    1042    1134    1043    1062    1104    1119
    1050    1136    1042    1061    1024    1048    1119    1087    1078    1225
    1123    1114    1182    1193    1208    1260    1182    1265    1282    1312
    1311    1300    1303    1360    1195    1337    1352    1286    1273    1328
    1262    1225    1186    1242    1221    1199    1099    1126    1173    1100
    1083    1109    1085    1079    1049     995    1064    1033    1071     985
    1025    1059    1022    1021    1010    1058    1024    1031    1099    1087
    1042    1002    1069    1067    1028    1024    1047    1015    1042    1022
    1007    1013     975    1017     973    1068    1014    1006    1059    1030
    1051    1041    1076    1021    1048    1028    1026    1073     976     944
    1094    1039    1005    1005    1023    1018    1078    1057     978     935
     956    1021    1031    1017     983     995    1054    1057     984    1002
    1082     987     952    1017     991    1042     971     984    1023    1016
     923    1073     982     954     918     915    1036    1038     999    1006
     946     984     989     962    1018    1091     947    1041    1083    1010
     941    1025    1056    1050    1071    1120    1129    1113    1142    1195
    1256    1251    1294    1318    1337    1390    1327    1446    1532    1465
    1430    1496    1444    1430    1289    1448    1323    1366    1233    1295
    1256    1219    1138    1139    1076    1062    1011    1036    1038     991
     959     967    1064     985     907     879     992     954     992     966
     933     975     954     979     922    1030     892     921     950     927
     862    1011     954     978     858     907     884     872     912     927
     963     940     963     905     948     987     965     948    1023     979
     995     993    1064    1015    1023    1080    1052    1052    1079    1021
    1076    1102    1033    1013    1121    1069    1023    1058    1094    1062
    1022    1011    1073    1107    1009    1022    1069    1068    1053    1069
    1038    1013     993     989    1017     939     949     982    1023     972
     945     907     966     909     901     954     889     966     852     877
     896     901     855     932     976     931     844     868     862     895
     858     876     897     887     890     911     928     914     937     911
     946    1013     913     979     981     985     970    1039    1025    1009
    1032    1066    1087    1040    1113    1123    1086    1088    1002    1064
    1073    1057     971    1019    1122     995     979    1019    1016     973
     941     903     904     931     906     841     904     855     846     823
     843     873     862     811     808     845     781     860     829     829
     763     764     834     845     804     810     829     833     807     837
     836     837     813     760     837     828     809     835     844     860
     884     863     888     945     893     899     958     941     932     999
    1048    1050    1056    1073    1125    1136    1170    1084    1299    1332
    1234    1195    1350    1276    1249    1294    1260    1153    1174    1183
    1144    1146    1059    1069    1019    1018     945     910     988     932
     862     927     828     868     781     806     799     775     750     792
     766     807     756     767     759     774     786     699     747     747
     724     738     705     759     778     754     786     812     777     761
     800     772     709     803     801     747     735     815     765     764
     729     808     820     808     758     751     811     836     763     800
     787     837     766     825     783     841     820     790     830     801
     835     800     789     734     846     774     808     801     760     735
     759     770     730     741     787     760     739     738     740     715
     739     759     808     734     748     675     739     729     703     737
     714     706     705     714     732     703     744     721     705     692
     678     716     690     714     704     695     709     722     742     729
     757     691     703     638     704     689     630     722     657     746
     731     766     735     784     681     691     740     775     754     752
     790     849     767     826     905     815     793     901     952     913
     940     912     895     931     915     803     968     870     853     834
     863     894     858     844     873     862     810     817     862     783
     816     758     785     712     707     708     738     734     738     679
     741     734     670     645     663     642     665     661     611     619
     661     689     593     643     651     640     690     635     662     655
     698     619     664     632     669     689     614     639     645     680
     645     636     700     664     618     664     683     664     594     582
     687     636     686     648     663     663     651     662     668     635
     636     665     669     665     615     658     698     694     688     664
     649     695     661     643     608     689     627     656     662     637
     635     670     601     662     643     634     638     610     632     610
     651     658     671     609     622     638     601     602     673     614
     619     637     625     665     640     608     673     605     602     638
     613     727     626     637     660     621     646     585     591     645
     668     588     602     627     642     568     655     685     587     611
     716     665     604     617     632     617     595     610     640     646
     612     636     621     634     623     625     612     584     635     642
     643     605     583     619     629     646     653     645     653     626
     613     621     672     654     611     632     653     635     643     604
     740     618     668     665     647     655     678     602     604     626
     654     673     691     628     643     620     680     600     653     672
     653     640     673     638     692     670     677     639     729     680
     662     629     730     640     665     671     699     673     722     688
     664     653     712     642     724     718     653     723     713     687
     668     695     697     726     654     664     703     689     672     741
     742     768     697     730     767     740     724     738     778     712
     758     759     845     783     746     783     849     849     754     830
     894     844     811     882     922     911     849     819     915     982
     909     931     928     990     923     962    1076    1035     959     987
    1112    1131    1099    1091    1122    1137    1133    1231    1318    1341
    1366    1345    1381    1437    1488    1604    1639    1637    1704    1813
    1815    1903    1857    1957    2152    2201    2184    2181    2572    2486
    2473    2516    2652    2715    2744    2778    3048    3007    2995    3092
    3230    3393    3318    3260    3574    3527    3421    3540    3756    3650
    3641    3718    3882    3703    3762    3790    3916    3828    3822    3780
    4386    3856    3777    3825    3766    3742    3636    3616    3658    3653
    3515    3309    3367    3327    3202    3249    3134    3135    2936    2873
    2891    2744    2663    2641    2462    2448    2408    2301    2215    2171
    1992    1920    2017    1867    1715    1729    1715    1601    1547    1508
    1482    1367    1375    1299    1314    1267    1182    1212    1183    1068
    1082    1049    1050    1025     993    1010    1035     962     973    1008
     993    1014     978     966    1199    1088    1110    1234    1266    1311
    1256    1364    1532    1512    1570    1534    1699    1834    1808    1897
    1991    2082    1969    2143    2219    2166    2135    2271    2251    2275
    2173    2141    2279    2054    1987    1922    2129    1870    1782    1779
    1738    1624    1438    1466    1379    1350    1273    1126    1082    1026
     937     869     920     812     791     686     685     696     582     638
     589     602     556     574     552     520     562  296344
