$Informacoes da Fluorescencia de Raios-X:
"Sample    : GHA-729",                                                                    
"Operator  : THIAGO",                                                                     
"Comment  : ",                                                                            
"Group     : thiago_acra2010ma",                                                          
"Date       : 2010-06-20 03:06:41",                                                       
"",                                                                                       
"Mesurement Condition",                                                                   
"------------------------------------------------------------------------------------",   
"Instrument : 700HS2   Atmosphere : Vac.   Collimator : 10(mm)   Spin : No",              
"------------------------------------------------------------------------------------",   
"Analyte               TG kV   uA      FI Acq.(keV)  Anal.(keV)  Time(sec)     DT(%)",    
"------------------------------------------------------------------------------------",   
"Na                    Rh 50  849-Auto Al  0 - 20    0.8 - 1.2   Live -  960   21",       
"Channel_info_start",                                                                     
"Channel : Na",                                                                           
"Points : 2048
"Range : 0.000000 - 20.480000",                                                           
"Step : 0.010000",                                                                        
"Channel_info_end",                                                                       
$DATA:
       0    2047
       0       0       0       0       0       0       0       0       0    2048
       0       0       0       0       0       0       0       0       0       0
       0       0       0       0       0       0       0       0       0       0
       0       0       0       0       0       0       0       5       0      10
     105     248     216     252     230     232     221     244     210     247
     212     221     212     244     224     232     258     246     252     273
     269     275     295     333     295     318     299     346     305     366
     286     310     349     363     308     306     329     337     305     326
     342     292     279     243     292     300     224     265     284     278
     276     363     375     356     417     484     476     485     451     435
     417     467     406     375     321     373     290     317     337     367
     390     369     443     408     414     422     376     416     419     354
     317     339     282     283     261     273     274     323     339     385
     451     433     436     579     592     588     547     644     537     545
     539     488     475     467     435     485     462     555     654     829
    1131    1469    1942    2661    2774    3506    3803    4121    4307    4529
    4167    4206    3687    3503    2764    2447    2087    1633    1388    1318
    1143    1319    1458    2040    2871    4134    5669    7856    9673   12781
   14232   16693   18055   19357   18690   19644   17579   16611   14140   12389
    9880    7753    5760    4440    3166    2481    1710    1454    1124    1081
     924     825     866     810     772     782     768     803     765     784
     742     747     638     663     598     588     571     596     518     514
     470     480     494     536     459     561     510     679     690     810
    1077    1297    1601    1984    2550    3055    3460    3981    4311    4867
    4728    5096    4811    4969    4334    3979    3361    2921    2417    2030
    1618    1348    1171    1095    1022    1056    1004    1107    1173    1350
    1722    2066    2911    3712    4794    6801    7556    9720   10702   12596
   13418   14641   14242   15168   13842   13577   11359   10506    8886    7355
    5503    4733    3275    2764    2190    1888    1673    1704    1547    1682
    1727    1870    1730    1682    1634    1569    1328    1351    1101    1048
     832     763     614     555     501     478     471     479     419     423
     475     467     427     482     423     512     445     501     545     529
     526     586     621     590     670     811     943    1285    1558    2271
    2790    3917    5078    6638    8502   10732   12226   15212   16611   18335
   18569   19956   19819   19509   17735   17162   14319   13044   10644    8650
    6765    5412    4006    3070    2200    1708    1384    1249    1188    1301
    1450    1736    1980    2594    3034    3895    4763    6136    7403    9497
   11449   14544   16580   19758   23179   26366   27789   31166   31224   32427
   31016   30362   28386   26373   22376   20211   16457   13560   10158    7933
    5980    4486    3062    2339    1596    1246     971     950     905    1070
    1190    1449    1636    1950    2211    2692    3124    3545    3633    4096
    4053    4415    4072    4151    3875    3666    3150    3045    2516    2221
    1771    1463    1191    1027     808     729     588     507     445     440
     422     410     444     389     393     439     392     458     453     483
     436     522     519     548     628     733     914    1050    1324    1746
    2074    2722    3026    3849    4517    5469    5796    6802    7304    7928
    7453    7852    7720    7727    6924    6415    5902    5316    4381    3807
    3145    2791    2266    1984    1628    1470    1197    1203    1041    1018
     892     928     891     911     789     836     809     935     831     925
    1030    1066    1074    1250    1258    1403    1435    1545    1610    1793
    1677    1896    1891    1865    1769    1828    1759    1711    1611    1555
    1382    1242    1180    1113    1052     961     854     833     808     818
     805     860     734     786     720     817     819     873     798     852
     844     853     868     873     907     939     895     947     890     944
     937     972    1020     989    1075    1121    1113    1117    1070    1147
    1074    1201    1165    1202    1086    1155    1151    1130    1066    1142
    1054    1046     997    1003     996    1022     976     964    1060    1016
     964     964    1010     978    1026    1045    1010    1047    1032    1118
    1002    1115    1135    1118    1149    1297    1268    1470    1431    1635
    1794    1931    2041    2200    2358    2572    2602    2828    2882    2933
    2754    2886    2818    2702    2651    2414    2239    2162    2008    1938
    1780    1746    1528    1602    1555    1520    1461    1567    1583    1518
    1526    1661    1572    1683    1686    1852    1887    2099    2325    2732
    3536    4460    5388    7410    9630   12892   15933   21055   26991   33955
   40271   49302   57557   67918   74540   83634   92098   99222  100293  110316
  104712  105462   97872   95742   87155   81662   69403   63249   52691   45453
   35963   30287   23601   19381   14294   11305    8205    6582    4753    4004
    3177    2563    2150    2020    1873    1739    1608    1654    1653    1634
    1624    1675    1678    1648    1627    1642    1685    1768    1588    1762
    1696    1823    1810    1898    2011    2094    2127    2467    2805    3106
    3315    3926    4388    5344    5869    6766    7785    9146    9760   10896
   12178   13016   13360   14484   14969   15162   14203   14319   13815   13458
   11808   11324   10171    9244    7945    6874    6057    5278    4308    3865
    3266    2825    2461    2100    1909    1818    1664    1654    1529    1678
    1472    1511    1461    1563    1523    1516    1573    1603    1534    1575
    1509    1633    1521    1661    1626    1649    1679    1598    1605    1679
    1597    1634    1568    1666    1506    1614    1635    1651    1454    1625
    1580    1499    1464    1550    1551    1526    1384    1478    1606    1475
    1446    1599    1575    1583    1470    1575    1537    1571    1511    1575
    1626    1601    1533    1566    1515    1652    1601    1640    1658    1753
    1694    1770    1796    1822    1878    1996    2043    2142    2132    2279
    2197    2312    2299    2207    2257    2367    2289    2245    2262    2178
    2071    1976    2034    1857    1748    1753    1694    1707    1518    1607
    1518    1501    1471    1518    1514    1479    1486    1437    1384    1523
    1388    1487    1409    1501    1379    1415    1376    1445    1388    1405
    1395    1466    1401    1486    1452    1507    1501    1669    1644    1880
    1809    2053    2104    2244    2339    2556    2686    2874    2824    2992
    3175    3277    3185    3146    3197    3176    2970    3022    2919    2734
    2477    2510    2338    2237    2018    1911    1833    1764    1634    1642
    1580    1603    1466    1555    1455    1449    1419    1492    1437    1490
    1372    1385    1454    1443    1393    1436    1443    1458    1422    1386
    1392    1413    1351    1372    1316    1339    1393    1305    1351    1410
    1358    1373    1405    1384    1271    1338    1282    1367    1361    1389
    1393    1361    1278    1360    1460    1359    1334    1335    1430    1420
    1206    1316    1346    1287    1350    1330    1361    1304    1233    1312
    1373    1443    1343    1322    1371    1492    1426    1365    1435    1513
    1445    1433    1591    1579    1465    1547    1525    1549    1521    1535
    1456    1477    1385    1474    1482    1405    1413    1458    1362    1395
    1329    1343    1364    1279    1339    1414    1283    1337    1279    1293
    1287    1329    1241    1294    1312    1260    1226    1227    1268    1269
    1198    1308    1295    1386    1214    1283    1330    1300    1257    1231
    1362    1253    1184    1276    1354    1334    1265    1318    1326    1299
    1273    1291    1301    1312    1278    1294    1249    1301    1237    1356
    1209    1280    1226    1293    1312    1265    1284    1336    1241    1350
    1310    1404    1484    1401    1545    1548    1586    1765    1765    1924
    1981    2152    2087    2418    2529    2665    2690    2952    2920    3133
    3122    3231    3254    3394    3142    3342    3094    3085    2748    2875
    2542    2553    2373    2283    2203    2033    1949    1830    1650    1594
    1585    1549    1409    1414    1370    1329    1416    1354    1313    1299
    1320    1327    1308    1284    1267    1280    1237    1321    1239    1369
    1251    1248    1260    1256    1206    1382    1317    1285    1268    1256
    1338    1412    1184    1358    1307    1282    1190    1284    1328    1292
    1193    1319    1232    1379    1253    1266    1237    1316    1270    1256
    1311    1285    1242    1190    1317    1308    1237    1263    1257    1301
    1206    1245    1228    1259    1261    1282    1253    1239    1223    1296
    1234    1279    1256    1162    1244    1263    1177    1223    1297    1324
    1230    1185    1265    1288    1206    1257    1279    1329    1262    1341
    1312    1389    1355    1339    1454    1385    1411    1461    1533    1530
    1511    1580    1554    1651    1622    1702    1750    1806    1760    1792
    1874    1962    1932    1964    1999    2128    2056    2020    2130    2195
    2022    2062    2091    2133    1906    1929    1983    1857    1787    1738
    1758    1640    1540    1530    1501    1443    1330    1333    1320    1276
    1220    1210    1263    1129    1165    1171    1207    1137    1098    1097
    1067    1147    1138    1201    1128    1151    1180    1126    1155    1172
    1071    1156    1140    1166    1146    1180    1157    1164    1150    1150
    1131    1173    1089    1031    1196    1116    1150    1172    1152    1248
    1072    1209    1173    1286    1240    1303    1275    1270    1277    1273
    1270    1236    1307    1314    1313    1329    1117    1265    1233    1182
    1147    1217    1286    1200    1177    1224    1244    1269    1162    1245
    1210    1174    1197    1175    1173    1202    1089    1169    1124    1210
    1103    1139    1107    1106     993    1105    1120    1112    1033    1104
    1116    1104    1021    1057    1044    1079    1100    1114    1151    1083
    1111    1094    1139    1172    1165    1206    1175    1198    1117    1142
    1147    1213    1199    1209    1243    1211    1231    1263    1254    1261
    1310    1307    1313    1279    1292    1354    1263    1269    1286    1241
    1227    1335    1172    1190    1216    1124    1200    1150    1173    1163
    1197    1112    1060    1132    1082    1077    1097    1106    1075    1056
    1023    1064     995    1086    1030    1056    1005    1001    1004    1037
     926    1018     982     992     961     994    1084    1016     919    1041
     992    1078     998     976    1032    1062    1011     969    1037     944
     941    1035    1061    1040     987    1113    1074    1097    1148    1150
    1202    1138    1118    1210    1244    1227    1242    1198    1367    1353
    1331    1280    1360    1328    1219    1295    1330    1326    1297    1248
    1330    1203    1173    1268    1207    1148    1182    1103    1114    1101
     938     981    1067     951     999    1011     975     950     919     934
     987     890     953     913     978     945     922     905     944     931
     938     867     967     946     938     914     988     986     947     967
     894     930     833     930     961     982     908     852     951     965
     947     900    1010     920     999     962     871     999     885     888
     956     930     959     927     955     959     929     989    1014     965
     933     938     982    1031     921     960     988     981     926     944
     986     899     909     901     948     852     893     824     900     897
     840     827     939     937     843     890     913     908     868     870
     886     886     819     859     883     844     810     901     852     878
     820     840     903     860     828     803     936     935     826     866
     877     840     870     835     837     840     892     876     828     885
     880     862     902     925     868     863     970     939     922     918
     945     903     927     910    1048    1003     953    1054    1052    1073
    1066     994    1108    1088     955    1088    1164    1035    1062    1029
    1009    1095    1050     972    1035    1045     961     944     981     930
     918     922     918     994     900     839     912     879     848     865
     850     822     795     844     868     818     839     784     831     793
     799     871     832     834     848     841     831     849     809     769
     873     791     711     825     807     773     749     793     815     848
     810     802     843     801     767     793     761     824     761     811
     797     815     809     814     809     799     811     831     866     807
     793     819     809     839     774     789     757     797     783     832
     802     816     789     857     884     858     772     810     748     798
     757     765     806     809     748     763     781     746     768     782
     785     831     711     768     724     772     749     786     815     764
     767     726     819     757     715     705     776     809     754     767
     760     797     810     748     780     757     754     776     799     794
     715     815     842     723     792     706     751     740     748     729
     759     788     707     723     797     773     690     765     785     777
     726     803     791     800     749     775     772     767     820     708
     782     775     764     809     771     817     773     786     781     728
     752     759     848     767     745     793     831     822     772     808
     836     799     800     815     834     832     786     758     834     790
     801     852     834     784     743     797     749     837     806     803
     827     793     828     811     823     757     789     858     798     886
     756     722     941     884     795     835     827     794     820     824
     816     863     871     852     900     895     780     868     935     860
     844     918     867     890     900     886     809     937     837     877
     943     936     859     891     985     933     868     925     960     916
     890     934     946     897     939     944     980    1056     950     984
    1058    1077    1003    1038    1005    1084    1077    1055    1044    1104
    1131    1123    1175    1207    1104    1166    1278    1274    1188    1275
    1314    1393    1414    1415    1515    1542    1506    1479    1628    1641
    1603    1669    1724    1909    1744    1943    2054    2108    1997    2125
    2223    2363    2343    2360    2581    2685    2665    2677    3070    2908
    3011    3153    3344    3353    3209    3410    3701    3710    3647    3737
    3894    4009    3896    4142    4322    4381    4283    4351    4567    4643
    4584    4542    4681    4750    4717    4594    4942    4930    4855    4589
    5340    4940    4742    4668    4651    4756    4597    4477    4606    4417
    4218    4147    4294    4290    4015    4056    3888    3776    3643    3648
    3657    3528    3277    3251    3389    3146    2979    2831    2927    2765
    2570    2517    2558    2399    2185    2224    2163    2159    1986    1979
    1921    1805    1695    1649    1664    1560    1496    1488    1478    1420
    1308    1295    1316    1256    1202    1263    1222    1279    1253    1292
    1201    1271    1231    1213    1381    1395    1341    1381    1551    1609
    1631    1677    1741    1819    1862    1925    2099    2071    2206    2154
    2413    2406    2458    2512    2601    2638    2581    2597    2764    2768
    2714    2598    2695    2691    2573    2388    2581    2483    2210    2071
    2136    2034    1915    1784    1788    1698    1540    1467    1380    1301
    1181    1148    1108    1029     931     890     879     829     827     750
     827     760     709     677     716     701     671  368359
