$Informacoes da Fluorescencia de Raios-X:
"Sample    : GHA-826",                                                                    
"Operator  : THIAGO",                                                                     
"Comment  : ",                                                                            
"Group     : thiago_acra2010ma",                                                          
"Date       : 2010-06-21 15:45:29",                                                       
"",                                                                                       
"Mesurement Condition",                                                                   
"------------------------------------------------------------------------------------",   
"Instrument : 700HS2   Atmosphere : Vac.   Collimator : 10(mm)   Spin : No",              
"------------------------------------------------------------------------------------",   
"Analyte               TG kV   uA      FI Acq.(keV)  Anal.(keV)  Time(sec)     DT(%)",    
"------------------------------------------------------------------------------------",   
"Na                    Rh 50  767-Auto Al  0 - 20    0.8 - 1.2   Live -  959   21",       
"Channel_info_start",                                                                     
"Channel : Na",                                                                           
"Points : 2048
"Range : 0.000000 - 20.480000",                                                           
"Step : 0.010000",                                                                        
"Channel_info_end",                                                                       
$DATA:
       0    2047
       0       0       0       0       0       0       0       0       0    2048
       0       0       0       0       0       0       0       0       0       0
       0       0       0       0       0       0       0       0       0       0
       0       0       0       0       0       0       0       1       1      12
      69     197     201     190     179     206     181     181     184     192
     210     207     193     237     197     188     214     230     232     206
     221     232     254     292     263     262     254     264     266     240
     245     263     231     297     254     266     277     252     275     278
     263     289     271     270     223     255     256     236     243     286
     255     270     325     322     368     405     407     452     456     465
     403     411     334     386     275     303     280     256     281     299
     299     338     341     358     366     381     334     326     316     330
     278     238     262     269     240     244     261     296     308     385
     420     417     474     466     533     549     549     600     521     487
     473     441     423     390     364     393     449     507     627     906
    1166    1676    2267    2983    3494    4340    4593    5335    5508    5557
    5285    5201    4491    4045    3265    2815    2182    1774    1383    1346
    1175    1343    1627    2396    3412    4981    6887    9862   12673   16697
   19272   22666   24810   26611   26050   26527   23842   22523   18318   16057
   12554    9807    6994    5409    3752    2786    2020    1735    1394    1190
    1055    1057     954    1001     849     919     847     887     911     883
     791     764     753     695     610     598     533     561     479     502
     500     454     443     461     420     471     504     521     562     666
     751     964    1080    1459    1839    2150    2387    2902    3116    3403
    3367    3648    3484    3473    3041    2744    2346    2082    1674    1429
    1158    1049     902     881     835     844     860     857     997    1286
    1489    1967    2658    3513    4488    6483    7656    9369   10848   12591
   13711   14832   14710   15341   13866   13347   11490   10435    8434    6956
    5224    4284    3012    2357    1880    1712    1535    1595    1584    1689
    1694    1809    1688    1779    1566    1530    1335    1249    1028    1043
     757     651     564     505     478     415     399     449     406     419
     428     408     445     445     415     452     444     487     476     534
     491     590     590     634     691     772     969    1120    1427    1924
    2569    3467    4419    6055    7572    9680   10948   13731   14950   17039
   16912   18256   17784   17839   16184   15589   12782   11597    9059    7468
    5850    4513    3299    2358    1859    1561    1185    1156    1123    1234
    1401    1626    2062    2545    3057    3961    5003    6608    8185   10914
   13568   17290   20513   24661   28809   33223   35644   40067   40291   41702
   39722   38935   35838   33045   27852   24200   19703   16147   11753    9226
    6782    4881    3256    2480    1598    1280     963     935     949    1099
    1243    1587    1889    2399    2719    3360    3696    4266    4420    5194
    5083    5493    5284    5125    4804    4494    3882    3598    2985    2456
    1991    1702    1294    1071     823     615     521     512     388     382
     402     341     360     371     331     356     363     388     390     372
     383     406     454     510     589     723     892    1147    1544    1889
    2264    2997    3732    4676    5574    6520    7141    8256    9090    9282
    9233    9810    9392    9103    8230    7917    6730    6120    4956    4296
    3628    3052    2397    2056    1664    1498    1266    1121    1018    1020
     872     895     815     823     733     807     751     806     817     861
     962    1093    1045    1176    1301    1340    1420    1630    1729    1953
    1937    1929    2145    2076    2007    1963    1804    1810    1598    1527
    1379    1308    1112    1113     919     840     794     732     768     690
     678     724     685     698     708     749     687     785     687     787
     775     782     791     762     813     838     794     898     864     792
     808     916     921     945     920    1057     937    1049    1005    1083
    1100    1161    1097    1057    1023    1028    1008    1074    1000     951
     898     918     896     894     801     899     808     860     850     862
     881     834     890     853     827     841     911     865     850     889
     900     932     970     998    1088    1121    1140    1318    1440    1649
    1734    1974    2082    2336    2481    2796    2671    3049    3080    3194
    3105    3306    2897    2950    2652    2516    2227    2131    1946    1871
    1703    1633    1512    1499    1386    1345    1370    1336    1353    1376
    1401    1464    1477    1494    1493    1720    1736    2152    2340    2939
    3779    4887    6168    8410   11249   14977   19356   25372   32497   41719
   48896   61114   72712   85058   92007  103436  114135  122844  123946  135704
  128437  128105  117928  114451  105044   96204   81906   73631   60978   51700
   40557   33279   26398   20085   14966   11789    8291    6376    4610    3639
    2821    2295    1893    1737    1569    1385    1284    1321    1359    1397
    1287    1293    1336    1304    1374    1350    1450    1413    1366    1495
    1484    1514    1454    1677    1729    1936    1964    2261    2612    2993
    3340    4134    4745    5769    6661    8110    9153   10473   11672   12810
   14173   15730   15948   17028   17930   18081   17129   16848   15910   15535
   13799   12979   11495   10412    8578    7415    6278    5344    4374    3689
    3135    2604    2073    1913    1607    1480    1338    1284    1316    1190
    1154    1110    1107    1113    1175    1134    1231    1184    1123    1130
    1286    1198    1207    1292    1214    1244    1165    1213    1199    1258
    1241    1233    1252    1257    1190    1192    1205    1264    1129    1159
    1213    1175    1119    1089    1128    1166    1178    1204    1306    1147
    1150    1226    1225    1165    1136    1249    1224    1215    1173    1189
    1230    1252    1193    1239    1176    1319    1180    1368    1388    1377
    1462    1572    1615    1710    1692    1867    1964    2149    2045    2295
    2331    2361    2362    2383    2330    2458    2264    2249    2135    2147
    1871    1944    1752    1671    1521    1550    1474    1346    1324    1257
    1175    1199    1155    1191    1159    1105    1059    1117    1111    1128
    1111    1089    1073    1086    1056    1048    1133    1053    1013    1085
    1019    1068    1083    1093    1100    1205    1219    1283    1295    1350
    1400    1486    1571    1735    1649    1843    2001    2068    2122    2191
    2232    2424    2262    2369    2425    2298    2106    2183    2071    1939
    1829    1768    1708    1623    1473    1504    1387    1348    1190    1257
    1221    1218    1167    1165    1234    1212    1182    1221    1159    1165
    1161    1204    1243    1205    1151    1142    1136    1145    1165    1137
    1103    1097    1056    1070    1079    1065    1091    1091    1074    1089
    1057    1096    1074    1059    1074    1040    1128    1120    1088    1107
    1093    1108    1063    1069    1094    1097    1083    1003    1122    1001
    1055    1064    1060    1029     967    1105    1079    1115    1030    1023
    1051    1081    1106    1064    1136    1052    1038    1122    1174    1138
    1081    1178    1078    1168    1137    1174    1164    1153    1087    1134
    1238    1195    1088    1146    1068    1158    1036    1068    1136    1059
    1032    1063    1055    1070    1060    1030    1001    1074     996     976
     995     985    1021     910     991     953     963     975     983     985
     980     903    1000     978     909     949     997     918     974     954
     997     964     993    1017    1074    1009    1051    1103    1045    1056
    1000    1027    1088    1060    1020    1008    1044    1055     969     968
    1040     984     958     979    1042     989     961     969     966     952
    1002    1048     970    1020    1018     994    1015    1052    1054    1089
    1032    1089    1093    1148    1145    1083    1094    1120    1180    1225
    1157    1193    1216    1131    1153    1226    1182    1188    1150    1141
    1179    1119    1163    1111    1115    1089    1065    1040    1090    1039
     970    1065    1026    1022    1027    1044    1048     937     915     987
     993    1000     984     987    1040     994     935    1018    1005     986
     942    1004     923     959     975     992     992    1029     986     961
     971     955     918     938     940     967     915     936     915    1054
     937     949     974     952     919     951     935     980     924     988
     959     926     866     958     949     980     881     980     960    1020
     949     924     936     976     949     962     918     887     923     887
     981     934     847     940     950     942     952     853     946     942
     921     908     961     991     900     891     915     896     970     963
     889     850     873     883     819     936     971     972     882     957
     891    1000    1006     967     940    1002     992    1091    1029    1014
    1071    1129    1139    1089    1219    1229    1167    1265    1171    1234
    1173    1244    1181    1205    1147    1200    1236    1173    1083    1167
    1063    1034     942    1044     996     985     954     974     928     916
     909     938     890     909     861     845     926     850     971     934
     912     867     821     886     822     943     882     859     900     885
     853     920     851     893     800     841     843     844     804     819
     881     872     840     805     886     869     810     851     992     944
     868     935     937     915     910     941     940     972     909     962
     979    1030    1031    1055     954     968     927    1017    1020     927
     947     970     958     970     947     964     947     983     963     929
     959     991     971     955     992     974     898     887    1008     885
     869     824     872     855     850     901     898     845     800     814
     852     886     838     838     845     828     808     808     787     806
     739     807     832     852     794     902     758     876     818     849
     805     851     853     960     923     957     860     923     925    1031
     953     975     954     957     942    1010     951     974     896    1018
     980     947     913     909     981    1028     901     883     869     901
     839     808     852     852     775     750     754     756     751     791
     770     784     741     788     772     758     755     749     739     768
     746     715     787     757     768     737     746     716     700     740
     762     754     728     742     738     698     782     729     770     758
     821     809     798     867     815     838     896     866     921     923
     974     938     936     996    1027    1059     981    1082    1171    1150
    1171    1161    1200    1149    1130    1136    1085    1082    1090    1022
    1070    1111     974     981     953     927     864     853     882     885
     839     806     787     767     725     774     717     767     731     725
     716     722     704     707     673     692     698     720     675     723
     700     715     660     688     680     732     711     724     658     675
     742     671     636     704     724     668     715     635     716     794
     720     682     759     724     681     689     657     720     720     700
     708     773     711     714     732     731     751     746     731     728
     725     683     771     720     767     696     713     758     757     671
     703     715     712     765     729     741     677     660     645     716
     621     674     694     653     657     627     716     666     652     656
     643     706     672     669     661     689     627     660     674     675
     619     645     689     629     635     635     747     666     631     649
     643     666     638     662     614     713     652     635     666     664
     680     680     687     728     632     702     763     719     699     750
     782     785     729     797     832     856     885     866     902     934
     920     895     974     974     958     927     920     938     876     886
     890     876     802     808     881     814     866     830     745     792
     743     682     724     709     678     661     688     712     655     647
     653     658     669     605     640     674     592     617     623     635
     577     613     614     597     613     648     643     620     607     594
     621     585     619     579     593     569     590     617     662     602
     622     583     671     572     566     590     584     594     610     636
     656     611     581     597     606     587     547     617     645     658
     614     590     596     641     585     569     652     621     671     589
     661     647     576     628     640     594     571     602     590     602
     597     643     635     613     546     606     618     522     545     613
     600     596     541     580     572     600     544     588     584     580
     571     600     619     576     577     562     601     589     575     543
     544     527     533     559     550     596     524     542     610     585
     538     586     587     580     586     611     583     611     587     546
     606     581     554     546     604     605     539     554     594     553
     561     560     580     568     549     556     594     569     549     535
     623     619     566     572     592     623     597     570     589     635
     576     598     610     589     590     626     657     634     581     587
     610     636     609     630     612     624     620     590     645     618
     603     600     612     601     614     601     635     566     606     566
     579     671     623     558     634     618     609     566     626     604
     575     547     669     644     575     609     632     610     617     612
     637     605     586     629     641     646     596     628     653     627
     653     623     620     672     656     652     627     656     634     662
     662     643     647     624     683     640     685     673     738     723
     678     685     675     751     709     756     730     739     757     736
     817     774     784     739     777     798     822     807     858     825
     809     841     890     860     879     895     966     933     960     979
    1014    1028    1057    1019    1095    1047    1134    1187    1266    1200
    1216    1277    1399    1292    1374    1418    1461    1515    1552    1590
    1702    1741    1786    1782    1915    1909    2015    1982    2312    2194
    2100    2271    2425    2491    2432    2532    2745    2836    2694    2779
    2953    2897    2993    2918    3113    3185    3189    3156    3212    3321
    3288    3351    3369    3437    3314    3406    3471    3508    3433    3305
    3913    3395    3213    3385    3309    3381    3356    3230    3283    3269
    3071    3117    3031    3025    2870    2803    2813    2715    2613    2615
    2676    2562    2326    2228    2276    2181    2060    1981    2097    1995
    1813    1825    1827    1708    1540    1596    1587    1527    1430    1280
    1367    1266    1193    1128    1164    1130    1134    1032    1094     996
    1022    1019     981     935     885     915     943     918     839     913
     974     911     920     966    1091    1079    1086    1081    1151    1232
    1207    1286    1371    1471    1489    1582    1650    1676    1723    1825
    1875    1940    1896    1886    2135    2030    2114    2074    2149    2134
    2125    1964    2001    2026    1958    1818    1958    1884    1673    1643
    1579    1455    1377    1272    1368    1140    1121    1009     972     955
     872     780     811     758     644     645     629     603     634     558
     581     546     500     542     560     487     549  268365
