$Informacoes da Fluorescencia de Raios-X:
"Sample    : GHA-855",                                                                    
"Operator  : THIAGO",                                                                     
"Comment  : ",                                                                            
"Group     : thiago_acra2010ma",                                                          
"Date       : 2010-06-22 02:15:38",                                                       
"",                                                                                       
"Mesurement Condition",                                                                   
"------------------------------------------------------------------------------------",   
"Instrument : 700HS2   Atmosphere : Vac.   Collimator : 10(mm)   Spin : No",              
"------------------------------------------------------------------------------------",   
"Analyte               TG kV   uA      FI Acq.(keV)  Anal.(keV)  Time(sec)     DT(%)",    
"------------------------------------------------------------------------------------",   
"Na                    Rh 50 1000-Auto Al  0 - 20    0.8 - 1.2   Live -  959   16",       
"Channel_info_start",                                                                     
"Channel : Na",                                                                           
"Points : 2048
"Range : 0.000000 - 20.480000",                                                           
"Step : 0.010000",                                                                        
"Channel_info_end",                                                                       
$DATA:
       0    2047
       0       0       0       0       0       0       0       0       0    2048
       0       0       0       0       0       0       0       0       0       0
       0       0       0       0       0       0       0       0       0       0
       0       0       0       0       0       0       0       2       2      11
      82     178     182     192     187     202     190     195     184     206
     181     235     202     198     188     196     194     213     198     211
     182     214     217     225     217     210     227     238     238     248
     262     246     257     313     283     352     319     330     313     347
     312     296     285     305     239     251     204     233     200     248
     219     267     247     273     296     320     279     347     309     316
     291     271     255     284     223     230     233     250     258     246
     246     303     295     308     347     309     305     322     274     244
     257     245     234     216     200     222     237     268     260     301
     326     350     342     427     410     461     409     469     415     405
     341     351     346     290     282     318     328     397     433     595
     807    1079    1354    1832    2105    2568    2708    3154    3124    3233
    3058    3087    2645    2515    2004    1781    1494    1214     961     969
     778     880    1057    1592    2109    3232    4317    6160    7692    9904
   11169   13515   14253   15706   15163   15781   14335   13625   11401   10076
    8095    6578    4811    3739    2587    1952    1398    1233     860     811
     736     661     598     673     552     618     554     586     526     539
     500     510     494     478     428     424     350     384     318     335
     311     340     361     335     307     325     323     390     405     483
     557     683     731     985    1098    1431    1539    1827    2049    2191
    2146    2388    2221    2294    2022    1868    1726    1433    1240    1088
     853     791     626     628     568     552     581     640     712     876
     992    1278    1661    2270    2878    4167    4519    5990    6533    7755
    8161    9020    8990    9392    8603    8543    7277    6788    5653    4845
    3563    3052    2178    1807    1396    1182    1093    1039    1039    1100
    1038    1101    1096    1088    1044    1049     899     815     687     611
     554     519     410     372     371     324     311     297     303     303
     284     295     270     330     272     292     303     306     338     337
     348     377     362     437     405     481     519     734     808    1102
    1477    2060    2423    3345    4078    5258    6034    7276    8046    8949
    9115    9791    9851    9775    8644    8686    7155    6502    5237    4595
    3513    2865    2038    1654    1248    1004     753     723     741     771
     773    1014    1125    1523    1715    2292    2761    3870    4684    6188
    7579    9912   11264   13910   16068   18884   19753   23124   22853   23906
   22849   22828   21192   20052   16789   14909   12502   10280    7661    6141
    4577    3478    2292    1870    1149     911     736     642     715     719
     808    1006    1188    1440    1653    1914    2176    2537    2646    3023
    2951    3250    3058    3094    2979    2824    2471    2266    1950    1771
    1387    1147     946     788     607     571     466     428     386     347
     369     365     340     323     337     372     331     348     323     351
     337     433     412     449     425     538     612     762     854    1160
    1375    1778    2046    2458    2926    3593    3844    4454    4698    5198
    5096    5200    5232    5005    4634    4464    3931    3536    3030    2714
    2224    1999    1550    1496    1180    1123     917     875     790     774
     668     762     696     708     685     595     633     718     692     720
     811     853     825     897     917    1017    1010    1122    1151    1280
    1260    1300    1370    1400    1248    1327    1215    1254    1197    1114
    1000     919     932     841     776     723     660     725     681     686
     654     713     634     631     638     660     666     729     660     721
     714     699     670     751     718     759     725     863     748     776
     747     814     773     835     813     830     879     895     867     891
     923     983     921     974     886     924     903     920     906     879
     856     899     848     863     768     843     891     875     890     922
     879     889     880     791     844     877     825     864     854     855
     833     902     968     938     944    1119    1120    1237    1259    1291
    1412    1599    1598    1783    1897    2059    1977    2172    2175    2314
    2285    2326    2137    2121    1987    1983    1850    1762    1619    1484
    1520    1479    1337    1311    1307    1260    1214    1280    1283    1325
    1286    1293    1276    1337    1273    1463    1520    1661    1725    2001
    2436    2978    3647    4875    6098    8246   10137   13444   16675   21173
   25151   30857   36019   42788   46314   52725   57276   62747   62942   69894
   65423   67059   61556   61096   55762   52199   44210   40849   34125   29867
   23308   19975   15653   12869    9575    7879    5728    4763    3438    2896
    2385    2038    1740    1638    1473    1499    1375    1409    1387    1411
    1389    1351    1405    1432    1386    1458    1402    1412    1402    1480
    1425    1523    1546    1502    1644    1736    1815    2007    1959    2290
    2460    2776    3115    3661    3892    4712    5312    6137    6372    7050
    7893    8545    8641    9440    9836    9804    9299    9563    9116    8791
    8051    7683    6946    6377    5148    4999    4373    3835    3085    2856
    2481    2227    1882    1783    1593    1623    1458    1477    1421    1499
    1272    1408    1373    1382    1329    1343    1357    1449    1395    1360
    1366    1467    1395    1370    1421    1473    1456    1479    1379    1495
    1412    1487    1375    1368    1338    1391    1326    1486    1336    1355
    1397    1345    1274    1449    1411    1366    1360    1393    1421    1327
    1252    1362    1353    1348    1364    1445    1332    1397    1301    1389
    1405    1477    1359    1531    1410    1498    1416    1445    1522    1510
    1499    1582    1599    1608    1731    1781    1836    1894    1868    2004
    1957    2084    1993    2053    2059    1977    1950    1906    1913    1965
    1767    1832    1630    1612    1507    1620    1575    1510    1352    1422
    1409    1395    1250    1314    1274    1272    1235    1269    1199    1238
    1227    1244    1199    1309    1169    1247    1232    1278    1260    1288
    1254    1296    1232    1258    1334    1360    1315    1479    1419    1615
    1498    1641    1841    1879    1964    2116    2311    2345    2294    2607
    2638    2645    2518    2701    2749    2706    2405    2527    2431    2332
    2059    2035    1998    1859    1709    1670    1594    1526    1425    1406
    1316    1450    1300    1291    1236    1257    1286    1250    1206    1282
    1225    1250    1298    1282    1161    1232    1246    1206    1239    1201
    1280    1250    1168    1274    1180    1214    1098    1169    1172    1246
    1100    1288    1115    1158    1175    1172    1209    1221    1158    1180
    1195    1197    1171    1271    1167    1193    1119    1164    1210    1157
    1137    1205    1215    1203    1169    1171    1190    1214    1086    1120
    1141    1230    1108    1247    1221    1257    1174    1172    1208    1274
    1250    1300    1316    1363    1296    1253    1351    1325    1227    1307
    1332    1387    1283    1312    1252    1244    1204    1235    1260    1208
    1191    1140    1176    1149    1145    1094    1203    1128    1156    1083
    1101    1160    1151    1124    1130    1132    1044    1055    1184    1090
    1094    1108    1147    1111    1085    1122    1036    1175    1041    1119
    1145    1129    1048    1079    1091    1164    1067    1198    1143    1102
    1070    1105    1185    1169    1116    1126    1152    1137    1093    1154
    1135    1074    1138    1150    1092    1218    1102    1071    1122    1132
    1120    1137    1127    1199    1116    1181    1159    1147    1078    1153
    1199    1221    1201    1141    1193    1228    1140    1210    1182    1246
    1139    1148    1225    1254    1201    1224    1177    1250    1148    1226
    1148    1206    1140    1183    1145    1173    1118    1114    1201    1165
    1085    1203    1123    1131    1061    1214    1074    1175    1108    1154
    1112    1167    1085    1132    1183    1214    1092    1126    1113    1119
    1045    1158    1103    1203    1085    1072    1139    1151    1067    1159
    1039    1177    1111    1147    1040    1159    1072    1119    1108    1147
    1119    1072    1170    1123    1074    1159    1128    1095    1103    1141
    1187    1108    1086    1112    1060    1084    1039    1114    1123    1092
    1067    1070    1060    1136    1075    1118    1147    1098    1074    1148
    1088    1082    1126    1113    1064    1109    1022    1108    1092    1201
    1050    1136    1140    1125    1096    1093    1061    1071    1018    1047
    1115    1092    1003    1028    1091    1093    1022    1126    1043    1101
    1085    1107    1116    1101    1106    1148    1108    1212    1003    1149
    1205    1182    1180    1199    1149    1255    1207    1208    1201    1235
    1244    1305    1218    1236    1177    1193    1282    1153    1135    1151
    1176    1113    1103    1097    1106    1061    1109    1068    1089    1120
    1044    1038    1030    1037    1004    1043    1057     961     909    1045
     971    1043     967    1001    1047    1011    1013     989    1046    1051
     956    1025    1000    1032    1040     979    1028    1016     919    1003
    1022    1004     984     969     966    1028     921     981    1078    1044
     983    1023    1015    1001    1007     947    1046    1096    1015    1085
    1093    1074     965    1000    1060    1022     994    1044    1033    1037
    1024    1030    1023    1043     998    1038     994     999    1022     995
    1027     971     984    1025     983    1027     961     974     923     981
     917     996     993     979     968    1059     906     996     908     960
     974     951     906     984     996     985     888     935     954     969
     875    1014     946     926     942     959     979     984     995    1018
     981     972     973     969     960    1012     970    1038    1025    1007
     995    1058    1068    1001    1006    1034    1014     991     972    1060
     992    1003     973    1004    1016    1003     942     982    1005     972
     959     889     914     990     868     943     904     984     888     920
     922     898     928     925     916     942     888     897     939     936
     875     844     905     871     891     887     928     852     880     884
     942     939     814     940     870     889     834     945     906     931
     852     940     894     987     838     895     866     939     960    1034
    1001    1008    1027    1016    1043    1075     962    1037    1134    1075
    1052    1089    1082    1080    1049    1122    1091    1046    1068    1086
    1051    1046    1005    1008    1000    1027     915     945     955     908
     865     870     920     912     864     865     867     856     819     842
     922     891     792     843     836     848     784     796     827     776
     820     867     835     841     770     850     789     819     782     812
     815     834     726     826     837     825     868     834     760     843
     827     788     886     815     796     766     858     898     841     796
     811     875     798     750     811     815     790     784     808     870
     821     830     829     847     774     758     812     826     724     780
     833     814     802     762     813     831     774     800     769     833
     801     795     831     833     747     759     811     858     801     756
     781     778     735     760     767     734     726     752     777     751
     752     766     795     785     776     715     788     779     726     771
     781     799     726     786     746     816     699     775     758     808
     787     760     770     774     767     775     833     818     791     871
     861     818     819     868     933     883     866     874     916     920
     899     897     796     928     890     880     891     837     897     933
     849     942     898     886     869     835     795     802     837     825
     774     807     803     776     776     782     766     755     752     678
     770     718     725     824     731     745     709     733     737     672
     735     695     745     720     721     742     757     695     702     676
     713     748     686     751     691     726     713     690     744     775
     697     760     762     774     698     645     692     763     729     735
     713     697     689     697     750     679     641     781     685     741
     777     713     742     711     719     692     709     696     720     718
     715     689     689     735     760     717     725     717     706     673
     710     719     720     735     654     686     726     702     690     751
     681     698     719     652     712     678     718     690     679     694
     644     670     719     710     702     712     694     710     642     667
     721     699     618     667     665     691     638     640     680     696
     721     719     725     699     660     710     619     650     680     713
     689     711     728     681     672     678     665     673     755     691
     639     706     697     698     662     668     701     692     655     676
     694     680     664     649     710     674     673     657     706     729
     718     734     732     724     643     705     734     728     719     658
     754     728     680     722     773     723     782     736     709     746
     639     699     745     691     685     687     765     724     775     768
     668     724     720     723     756     698     713     706     744     756
     688     695     868     790     644     790     769     726     771     786
     753     760     743     737     777     764     718     789     754     788
     756     752     782     764     795     779     816     847     765     766
     776     809     795     797     797     865     795     899     836     853
     854     832     820     910     819     899     867     936     849     966
     934    1017     909     944     976     971     968     958    1072     987
    1003    1011    1008    1111    1046    1112    1126    1141    1124    1180
    1168    1217    1269    1232    1273    1309    1356    1432    1447    1513
    1594    1484    1702    1683    1723    1761    1815    1918    1906    1889
    2096    2094    2059    2210    2244    2323    2517    2367    2728    2650
    2715    2770    2885    3041    2993    3148    3306    3368    3352    3565
    3655    3710    3626    3786    3891    4030    3899    3931    4147    4044
    4115    4149    4441    4246    4154    4314    4349    4485    4205    4127
    4642    4470    4166    4221    4195    4240    3988    4025    4026    4182
    3790    3795    3793    3782    3663    3620    3539    3581    3226    3194
    3164    3163    2875    2899    2935    2862    2689    2695    2540    2447
    2294    2232    2221    2307    1998    1953    1948    1845    1799    1733
    1743    1666    1517    1519    1441    1435    1337    1306    1309    1238
    1170    1146    1156    1101    1100    1162    1176    1186    1050    1055
    1118    1114    1081    1141    1264    1280    1102    1337    1412    1405
    1444    1528    1649    1665    1700    1750    1853    1926    1938    2051
    2137    2200    2168    2227    2360    2450    2274    2404    2475    2416
    2270    2405    2381    2388    2138    2054    2280    2003    1868    1928
    1811    1776    1594    1613    1543    1409    1312    1284    1227    1117
     977     992     914     899     808     764     744     725     723     675
     657     699     654     615     626     658     599  326572
