$Informacoes da Fluorescencia de Raios-X:
"Sample    : GHA-913",                                                                    
"Operator  : THIAGO",                                                                     
"Comment  : ",                                                                            
"Group     : thiago_acra2010ma",                                                          
"Date       : 2010-06-23 00:35:24",                                                       
"",                                                                                       
"Mesurement Condition",                                                                   
"------------------------------------------------------------------------------------",   
"Instrument : 700HS2   Atmosphere : Vac.   Collimator : 10(mm)   Spin : No",              
"------------------------------------------------------------------------------------",   
"Analyte               TG kV   uA      FI Acq.(keV)  Anal.(keV)  Time(sec)     DT(%)",    
"------------------------------------------------------------------------------------",   
"Na                    Rh 50 1000-Auto Al  0 - 20    0.8 - 1.2   Live -  959   16",       
"Channel_info_start",                                                                     
"Channel : Na",                                                                           
"Points : 2048
"Range : 0.000000 - 20.480000",                                                           
"Step : 0.010000",                                                                        
"Channel_info_end",                                                                       
$DATA:
       0    2047
       0       0       0       0       0       0       0       0       0    2048
       0       0       0       0       0       0       0       0       0       0
       0       0       0       0       0       0       0       0       0       0
       0       0       0       0       0       0       0       0       1      10
      84     178     182     178     170     153     170     169     171     181
     170     157     160     198     168     198     196     226     173     204
     203     224     214     272     226     269     259     270     298     272
     283     280     272     334     303     292     287     296     306     281
     264     248     256     290     242     224     200     180     211     236
     240     252     308     313     307     397     377     425     400     411
     366     373     317     300     308     326     268     274     254     317
     285     336     340     344     337     372     355     336     300     343
     295     294     256     237     223     231     243     247     263     277
     269     345     344     403     405     428     414     462     350     434
     384     345     335     299     290     321     322     402     440     587
     731    1050    1149    1618    1867    2174    2351    2610    2800    2880
    2636    2802    2455    2294    1956    1691    1367    1097     937     862
     794     889     928    1297    1824    2601    3524    4794    6129    7776
    8807   10429   11407   12220   11636   12539   11066   10736    9086    8154
    6505    5574    3878    3064    2286    1750    1294     996     868     775
     687     707     669     705     612     685     641     652     663     643
     614     571     528     484     502     501     444     457     443     407
     381     418     454     455     430     483     463     523     582     699
     891    1116    1247    1712    2128    2577    2815    3458    3625    4075
    4038    4322    4221    4105    3709    3553    3001    2650    2185    1948
    1498    1275    1061    1054     911     864     927     968    1134    1330
    1555    2086    2646    3569    4532    6463    7172    9178   10068   12132
   13043   14232   13800   14506   13546   13525   11283   10650    8919    7688
    5859    4906    3376    2783    2109    1889    1591    1559    1565    1588
    1549    1638    1520    1646    1496    1480    1237    1249     986     916
     811     685     529     536     413     413     320     365     318     326
     322     356     284     329     342     351     359     378     391     368
     381     445     453     475     456     546     639     849    1054    1528
    1875    2528    3257    4357    5372    6921    7700    9507   10553   11884
   11777   12728   12617   13022   11631   11786    9537    9044    7174    6123
    4875    3789    2911    2196    1630    1254     998     959     878     939
    1049    1187    1402    1808    2105    2829    3444    4521    5449    7078
    8704   11204   12750   15819   17902   21034   21671   25128   25045   26760
   24912   25073   23124   21955   18727   16893   14109   11721    8878    7210
    5192    3928    2703    2225    1419    1198     899     860     812     905
     976    1239    1269    1533    1863    2240    2449    2824    2982    3352
    3190    3544    3337    3366    3224    3092    2613    2458    2035    1774
    1537    1264    1094     850     639     577     487     434     411     363
     342     344     315     343     363     354     317     372     399     369
     312     396     365     424     469     511     610     718     831    1101
    1288    1683    1967    2352    2944    3232    3560    4036    4392    4755
    4616    4869    4829    4987    4352    4311    3643    3420    2807    2567
    2215    1882    1575    1454    1118    1076     912     863     835     708
     652     662     653     647     647     606     597     616     646     732
     749     755     762     852     923    1034    1031    1054    1077    1223
    1188    1195    1233    1282    1260    1298    1215    1267    1021    1064
     981     915     850     775     763     762     639     646     608     612
     564     612     595     630     635     596     609     616     635     663
     628     701     632     627     653     720     680     791     669     753
     687     723     768     789     737     841     822     863     789     860
     894     918     861     845     855     939     806     886     830     845
     812     865     809     831     727     798     766     782     764     831
     782     779     724     779     788     791     709     843     764     878
     776     866     881     856     902     941     917    1001    1037    1223
    1222    1408    1453    1585    1679    1753    1775    1954    1943    2076
    1995    2182    1908    1931    1826    1804    1685    1604    1529    1431
    1365    1294    1230    1245    1110    1222    1070    1130    1165    1211
    1144    1203    1132    1223    1270    1407    1416    1612    1685    1937
    2326    2938    3547    4900    6110    8494   10269   13745   17198   21980
   26012   31927   37584   45026   47990   56091   59886   65865   66084   75247
   69322   71600   66711   65727   59681   56551   48759   45202   37643   32967
   25896   22262   17437   14491   10517    8708    6421    4917    3691    3047
    2327    2109    1708    1612    1441    1386    1230    1258    1311    1402
    1275    1305    1250    1304    1254    1300    1297    1338    1288    1333
    1385    1439    1374    1432    1575    1572    1596    1803    1932    2231
    2369    2672    3034    3484    3850    4626    5226    6278    6707    7427
    8014    8797    9088    9860   10125   10455    9847    9999    9598    9367
    8287    8102    7419    6797    5656    5074    4450    3870    3216    2956
    2406    2128    1848    1699    1614    1444    1319    1305    1223    1229
    1255    1222    1187    1248    1112    1245    1265    1310    1211    1252
    1218    1260    1216    1313    1256    1306    1232    1272    1228    1316
    1254    1282    1240    1293    1245    1296    1233    1280    1216    1292
    1260    1232    1221    1211    1194    1215    1209    1172    1236    1205
    1144    1180    1210    1231    1172    1234    1239    1341    1223    1285
    1205    1324    1184    1317    1262    1378    1222    1266    1299    1417
    1409    1430    1562    1529    1585    1603    1708    1693    1727    1732
    1772    1915    1793    1931    1832    1878    1752    1853    1754    1739
    1699    1604    1541    1496    1380    1462    1336    1343    1154    1292
    1199    1193    1129    1236    1196    1222    1079    1147    1148    1136
    1038    1177    1078    1196    1092    1133    1128    1152    1096    1111
    1197    1156    1111    1251    1249    1265    1327    1478    1474    1570
    1660    1905    1909    2168    2151    2404    2666    2826    2754    3050
    3202    3240    3152    3266    3380    3381    3001    3098    2934    2826
    2607    2478    2328    2186    1939    1852    1771    1549    1454    1448
    1319    1289    1231    1177    1244    1249    1138    1169    1167    1199
    1138    1132    1111    1212    1156    1174    1125    1173    1068    1171
    1061    1162    1043    1147    1030    1173    1118    1111    1026    1141
    1056    1086    1030    1127    1015    1085    1084    1125    1033    1134
    1126    1054    1086    1112    1063    1136    1076    1063    1078    1095
    1116    1032    1029    1073    1028    1094    1055    1082    1030    1090
    1057    1123    1100    1204    1001    1198    1142    1201    1158    1229
    1165    1254    1297    1363    1225    1262    1306    1371    1321    1309
    1370    1332    1186    1241    1226    1177    1167    1200    1132    1131
    1134    1119    1093    1044     990    1081    1105    1111    1009    1030
    1037    1045     995    1006    1049     999    1000    1039    1007    1028
     952     966    1017    1006     939    1007    1012    1037     974     981
     990    1041    1001    1074    1073    1006     977     992    1029    1007
     988    1041    1023    1054    1028    1031    1041    1023     989    1087
     963    1017     946     959    1012    1053     976    1016     998    1065
     984    1023    1049    1037     985    1064    1066    1063    1075    1125
    1001    1149    1062    1108    1147    1155    1099    1150    1178    1214
    1206    1188    1183    1249    1210    1175    1185    1185    1140    1234
    1227    1171    1093    1116    1141    1114    1016    1071    1104    1094
     995    1019    1051    1050     996     966    1007    1110     941    1050
    1022    1000    1009     999     999     994     990    1061    1026    1032
     970     992    1005    1030     966    1028    1015     973    1005    1015
     996     977     994    1103     979    1020     962     971    1021    1048
     983     971    1032     996     986    1031    1028    1082    1021    1031
    1009     959     887    1014     974    1018    1037    1023    1005    1009
    1023     993     989    1009     998    1062     962     989     970    1023
     988    1020     963     966     942     950     935     942     983     933
     943    1012     894    1003     904    1004     973     949     978     977
     995     971     916     994    1000    1027     975     986    1025    1063
    1008    1138    1134    1165    1123    1221    1314    1274    1291    1444
    1409    1571    1582    1713    1726    1746    1680    1871    1805    1836
    1817    1791    1825    1831    1803    1807    1735    1702    1565    1583
    1477    1410    1326    1286    1321    1250    1145    1141    1142    1075
    1012     963    1003     993     907     950     945     967     922     906
     916     946     882     921     913     967     954     972     873     906
     877     931     893     912     887     872     965     941     901     900
     952     942     930     973     924     962     950     972     906    1005
     924     890     926     959     979     944    1042     945    1000    1027
     923     990     950    1034    1020    1065     978     968     971     988
     950     915     998     953     930     982     948     983     931     923
     912     930     893     898     905     919     894     957     898     944
     934     898     843     921     844     899     846     899     828     857
     868     913     823     881     857     870     831     873     840     928
     793     865     945     970     856     866     887     870     953     895
     976     984     959     997    1028    1023     949    1022    1025    1019
    1046    1027     990    1109    1001    1065    1033    1025     885    1041
     949     993     940    1015     960    1033     887     895     905     917
     815     905     889     883     852     884     883     824     845     876
     804     842     812     810     817     826     797     806     830     778
     766     819     809     776     820     760     810     834     815     818
     804     807     833     809     828     823     769     796     818     829
     822     805     842     834     815     808     853     889     850     877
     881     876     873     906     937     959     900     932    1030     987
     967    1021    1006    1040    1018     996    1028    1028    1057     971
     976     946     937     894     885     929     873     862     824     851
     881     785     854     779     799     785     818     831     794     793
     749     751     739     745     797     819     724     747     739     784
     702     713     797     791     739     726     730     750     772     743
     710     783     786     791     777     720     694     751     809     753
     737     755     816     774     733     718     762     728     676     760
     780     717     709     765     760     739     764     747     728     744
     664     806     731     774     732     751     763     765     755     720
     737     721     719     706     743     764     693     740     751     689
     732     716     753     701     684     753     691     698     687     701
     743     712     671     718     716     696     643     711     712     728
     695     660     734     712     691     669     774     709     682     640
     666     709     654     702     672     695     664     632     702     720
     684     713     722     696     712     752     710     784     712     695
     749     777     762     751     756     818     749     774     777     782
     745     813     838     819     726     812     831     826     741     775
     810     841     754     797     813     787     722     763     739     779
     713     705     745     707     707     662     661     705     671     669
     699     685     610     645     686     656     616     705     650     640
     649     660     605     717     641     675     639     675     666     671
     639     662     656     631     617     653     591     619     632     633
     614     603     674     660     635     614     645     640     624     664
     616     654     609     611     644     640     614     655     605     603
     647     618     644     660     634     622     636     672     680     585
     650     662     642     682     653     623     640     596     652     632
     645     616     639     641     631     657     619     627     590     654
     628     683     585     623     672     596     591     590     610     660
     636     625     628     623     569     568     623     679     616     639
     628     629     619     622     658     647     654     605     611     614
     644     656     635     612     571     618     639     635     591     579
     590     640     586     606     631     653     629     595     685     657
     568     639     609     588     591     576     611     630     602     635
     663     595     610     612     601     636     641     645     633     632
     603     660     606     598     611     614     625     632     563     640
     677     656     643     662     613     618     641     665     644     656
     641     639     652     652     612     600     651     665     617     631
     624     660     606     598     649     655     629     588     695     678
     638     598     688     718     650     657     689     644     664     658
     619     666     683     718     645     706     684     683     722     706
     672     717     663     710     654     700     709     730     729     726
     732     704     682     709     760     727     740     776     806     745
     723     741     789     786     775     729     806     823     764     798
     875     829     811     795     828     882     832     849     870     931
     860     902     874     932     935     954    1009    1029     986    1075
    1092    1060    1071    1111    1151    1153    1138    1270    1254    1299
    1367    1420    1420    1411    1407    1557    1571    1624    1719    1612
    1780    1842    1862    1927    2047    2087    2093    2001    2397    2446
    2340    2558    2448    2671    2728    2709    2936    2983    2973    3038
    3086    3297    3178    3156    3490    3542    3424    3611    3568    3593
    3648    3602    3870    3965    3835    3795    3864    3862    3844    3650
    4217    3941    3706    3936    3941    3958    3678    3662    3650    3640
    3486    3523    3495    3470    3187    3293    3209    3148    2949    3110
    2976    2880    2759    2800    2631    2571    2364    2328    2466    2203
    2078    2020    2084    1943    1859    1826    1754    1691    1570    1527
    1521    1508    1364    1355    1342    1250    1217    1172    1273    1132
    1104    1076    1103    1051    1006     918     994    1031     942     997
     962    1028    1020     945    1154    1098    1068    1142    1204    1266
    1286    1389    1494    1525    1472    1525    1590    1759    1685    1835
    1997    2009    1968    2028    2119    2118    2020    2136    2324    2274
    2064    2129    2174    2014    2011    1857    2037    1929    1820    1773
    1649    1682    1486    1408    1441    1328    1169    1125    1088    1006
     931     860     866     832     712     737     687     664     618     634
     617     627     546     552     525     563     528  296131
