$Informacoes da Fluorescencia de Raios-X:
"Sample    : GHA-915",                                                                    
"Operator  : THIAGO",                                                                     
"Comment  : ",                                                                            
"Group     : thiago_acra2010ma",                                                          
"Date       : 2010-06-23 01:14:59",                                                       
"",                                                                                       
"Mesurement Condition",                                                                   
"------------------------------------------------------------------------------------",   
"Instrument : 700HS2   Atmosphere : Vac.   Collimator : 10(mm)   Spin : No",              
"------------------------------------------------------------------------------------",   
"Analyte               TG kV   uA      FI Acq.(keV)  Anal.(keV)  Time(sec)     DT(%)",    
"------------------------------------------------------------------------------------",   
"Na                    Rh 50 1000-Auto Al  0 - 20    0.8 - 1.2   Live -  960   15",       
"Channel_info_start",                                                                     
"Channel : Na",                                                                           
"Points : 2048
"Range : 0.000000 - 20.480000",                                                           
"Step : 0.010000",                                                                        
"Channel_info_end",                                                                       
$DATA:
       0    2047
       0       0       0       0       0       0       0       0       0    2048
       0       0       0       0       0       0       0       0       0       0
       0       0       0       0       0       0       0       0       0       0
       0       0       0       0       0       0       0       1       5       3
      64     162     127     147     156     179     134     142     141     187
     145     153     138     167     152     152     163     194     177     175
     174     178     187     225     210     214     229     234     234     242
     226     263     227     273     224     230     226     278     259     275
     227     266     222     212     207     200     188     202     194     248
     203     253     272     281     293     357     345     366     377     397
     358     346     325     290     222     271     207     228     207     266
     265     306     314     310     307     311     313     300     275     276
     264     257     200     180     204     179     175     213     207     276
     257     286     335     395     358     385     403     411     358     338
     333     320     265     264     285     278     304     333     424     504
     727     962    1196    1633    1741    2339    2509    2708    2841    3007
    2770    2846    2454    2318    1901    1716    1375    1186     930     836
     774     848     916    1226    1662    2595    3536    4708    5939    7709
    8743   10553   11345   12398   11963   12688   11290   10943    9113    8343
    6606    5579    3741    3034    2210    1738    1222    1034     798     819
     627     705     641     667     633     643     652     637     596     665
     621     558     549     550     484     442     437     432     368     365
     371     396     384     433     376     392     382     516     527     598
     822     969    1132    1522    1831    2279    2587    3001    3464    3873
    3770    3995    3844    3726    3263    3099    2782    2414    1952    1737
    1347    1232     951     923     841     855     777     824     981    1199
    1345    1855    2402    3205    4165    6063    6714    8760    9428   11469
   12473   13724   13380   14205   13145   12871   10994   10218    8569    7305
    5445    4647    3223    2644    1962    1785    1451    1537    1374    1500
    1547    1647    1529    1617    1541    1388    1263    1197    1009     898
     760     675     566     476     411     428     356     357     330     340
     352     329     334     344     324     330     346     349     376     406
     395     401     463     485     495     579     629     879    1136    1600
    2023    2787    3541    4874    6102    7766    8899   11201   11767   13916
   13802   15134   14625   15234   13612   13520   11076   10272    8124    7083
    5451    4169    3075    2379    1828    1447    1124     979     908     963
    1054    1256    1485    1900    2162    2809    3460    4567    5620    7464
    9158   11389   12995   16400   18649   21945   22861   26308   25921   27870
   26112   26395   24208   23146   19323   17443   14379   12370    9212    7100
    5349    4042    2722    2125    1379    1002     812     738     680     815
     840    1098    1234    1510    1754    2178    2426    2835    2969    3386
    3306    3572    3405    3636    3296    3223    2740    2578    2183    1916
    1494    1205    1020     789     666     565     483     387     343     342
     292     332     294     309     269     292     250     271     290     340
     280     300     296     366     366     448     492     694     769    1062
    1302    1599    1967    2385    2802    3289    3644    4300    4560    4921
    4989    5194    4939    5156    4472    4367    3898    3510    2984    2657
    2176    1933    1534    1394    1132    1027     865     801     765     718
     644     602     587     582     509     526     554     532     530     654
     657     675     716     757     845     931     879    1030    1011    1106
    1137    1195    1199    1236    1267    1227    1118    1175     995     990
     887     915     762     740     672     638     574     543     526     555
     508     575     483     511     479     558     485     528     550     545
     506     581     532     597     545     572     566     628     555     691
     579     688     663     676     689     667     744     800     738     801
     818     810     793     845     797     829     702     799     726     745
     655     708     646     745     655     694     654     667     640     660
     697     684     622     611     685     682     677     704     665     725
     655     741     712     769     770     864     833     905     927     987
    1151    1196    1232    1344    1470    1594    1599    1727    1724    1872
    1744    1878    1806    1700    1548    1585    1412    1489    1287    1248
    1140    1127    1003    1080    1013    1057     935     987    1014    1024
    1008    1003    1042    1101    1059    1165    1241    1411    1483    1746
    2257    2772    3378    4697    6046    8183   10091   13417   17000   21919
   25880   32334   38165   45326   49104   56722   62028   67568   68226   77661
   72329   74893   68086   68724   61967   58193   50056   46474   38805   33784
   26304   22224   17772   14166   10447    8597    6093    4961    3510    2909
    2222    1865    1416    1430    1252    1185     996    1079    1073    1091
    1076    1096    1073    1047    1002    1060     989    1041    1089    1139
    1163    1141    1181    1235    1196    1380    1330    1703    1711    1958
    2042    2448    2851    3445    3657    4489    5143    6135    6329    7451
    8218    8917    9199    9634   10121   10573    9835   10027    9456    9386
    8399    8068    7160    6620    5511    5057    4301    3805    3104    2734
    2256    1993    1674    1487    1387    1321    1073    1134    1044    1023
     987     988     936     985     952     946     998    1003     973     993
    1017    1024    1023    1053    1035    1078    1050    1059    1054    1083
    1011    1049    1090    1032    1033    1050    1019     965     946     985
    1005     970     988     966     950     990     963     927    1045    1001
     978     965     967     983     924    1019     977    1027    1023    1058
     993    1091    1037    1057    1020    1045    1017    1067    1067    1131
    1032    1180    1201    1142    1180    1266    1272    1363    1364    1451
    1389    1484    1436    1460    1389    1497    1407    1450    1460    1349
    1302    1294    1311    1291    1160    1132    1093     969     999     954
     977    1017     874     918     966     911     857     951     876     906
     922     853     852     895     832     926     837     969     918     901
     930     911     886    1009     983    1015     994    1106    1107    1161
    1220    1342    1418    1589    1592    1745    1901    1958    1997    2131
    2139    2351    2330    2377    2417    2309    2171    2235    2188    1988
    1777    1823    1589    1576    1430    1395    1302    1191    1095    1056
     993    1053     991     945     883     916     855     916     961     926
     887     936    1007     916     883     911     978     988     858     844
     853     914     831     904     847     906     764     904     878     824
     845     863     815     925     850     906     874     910     889     901
     833     889     840     913     896     905     827     938     942     907
     872     886     803     872     881     823     852     890     812     833
     850     840     860     893     881     978     888     904     999     993
     960     993    1027    1008     941    1039    1039    1008     950    1039
    1053     987     962     981    1000    1003     996     989     942     902
     877     855     879     977     791     844     787     913     796     821
     811     794     772     807     835     782     854     825     807     817
     792     765     850     817     806     886     833     857     848     836
     783     853     817     797     781     858     742     841     799     832
     811     834     799     815     793     865     813     844     846     859
     830     834     797     848     841     865     780     842     795     865
     755     852     786     809     818     857     857     840     810     879
     843     934     880     935     908     876     871     928     966     948
     946     951     952     987     969    1005     943     978     988     934
     949     966     927     949     878     935     871     923     907     847
     852     823     830     879     783     797     842     890     791     843
     795     789     807     799     813     835     785     850     820     821
     742     863     859     847     809     801     827     800     810     792
     803     769     816     798     820     789     771     819     844     796
     775     818     844     806     806     820     819     788     777     878
     857     890     824     833     761     867     796     781     786     865
     836     811     819     806     791     798     845     800     772     828
     818     791     755     787     761     788     761     765     740     818
     805     822     780     812     786     772     840     831     751     781
     734     815     753     821     744     800     796     847     756     878
     863     828     806     812     819     856     893     915     934     965
     994    1038     997    1037    1093    1140    1045    1155    1119    1167
    1142    1155    1076    1117    1102    1033    1081    1074    1033    1020
     961     942     894     952     872     846     815     867     832     841
     773     794     751     799     741     762     810     781     750     777
     679     758     735     770     654     723     685     769     737     734
     730     709     705     751     720     709     710     769     716     687
     703     735     688     728     720     748     725     710     823     764
     748     780     723     819     798     797     789     759     756     836
     800     809     821     791     811     830     785     809     794     799
     757     753     788     821     755     779     740     770     712     777
     807     807     700     737     755     785     711     748     758     759
     694     751     724     703     682     755     669     753     650     716
     662     680     686     702     688     717     658     690     710     747
     674     708     684     745     664     666     723     702     684     807
     692     736     701     729     775     783     765     758     787     788
     783     797     793     805     746     853     800     853     786     767
     782     839     737     785     823     783     772     775     686     749
     753     753     715     725     651     673     722     631     643     664
     649     690     672     684     694     651     661     691     654     630
     611     674     669     691     654     655     667     690     653     665
     646     644     575     635     641     616     634     622     638     629
     630     655     700     717     663     693     663     673     715     661
     752     789     744     750     716     868     818     792     835     877
     806     864     860     859     808     828     848     875     841     801
     863     830     717     794     788     764     716     720     713     656
     656     721     676     677     631     678     639     611     599     591
     638     642     638     607     560     607     605     578     616     606
     535     609     575     637     626     607     601     619     569     580
     589     589     566     593     598     609     556     572     609     596
     579     599     646     582     516     608     586     622     577     602
     652     649     619     632     625     616     593     650     577     604
     572     601     656     590     556     563     613     649     583     638
     597     566     639     570     633     626     558     540     614     557
     569     560     562     601     531     574     597     590     502     594
     593     569     528     567     538     575     554     560     596     532
     542     542     534     527     539     502     599     578     506     526
     545     546     530     540     554     566     553     530     547     548
     501     602     545     571     563     522     610     571     578     597
     603     652     609     607     610     645     619     668     653     684
     609     685     677     717     661     665     696     674     645     679
     632     697     627     660     648     615     602     603     629     635
     635     594     645     594     536     569     571     553     568     575
     522     586     528     540     547     581     489     485     522     536
     526     531     536     500     554     546     519     534     473     537
     546     549     464     514     483     521     474     538     486     448
     474     499     559     512     500     527     562     509     500     501
     491     518     496     486     528     557     477     510     495     530
     471     557     484     534     510     432     509     550     491     534
     488     515     486     535     497     515     516     503     533     504
     478     507     514     540     443     494     516     497     496     535
     462     536     492     461     477     477     490     507     503     483
     466     496     458     536     492     502     482     482     438     502
     442     501     495     461     506     525     449     461     513     477
     494     486     488     487     473     472     502     502     440     479
     516     510     494     470     466     472     445     494     479     490
     462     491     496     496     525     459     502     524     480     487
     492     486     514     501     515     536     496     508     482     468
     470     492     479     535     530     503     468     500     510     474
     526     510     522     514     584     518     491     524     496     494
     483     518     553     528     453     519     489     499     523     498
     515     530     540     533     507     519     526     494     511     548
     509     494     597     542     482     504     557     559     501     532
     503     526     495     568     553     569     513     563     534     572
     535     512     537     543     542     561     557     578     511     571
     538     569     568     593     590     536     515     596     616     601
     551     605     637     668     558     618     642     680     597     631
     678     672     642     665     691     630     702     685     662     681
     666     750     716     737     776     729     815     789     769     805
     832     831     859     914     947     953     892    1020    1009    1052
     924    1110    1124    1126    1163    1197    1235    1272    1257    1314
    1511    1464    1471    1560    1591    1678    1673    1624    1885    1848
    1820    1963    2013    2126    2067    2105    2284    2276    2260    2393
    2385    2487    2486    2682    2813    2781    2759    2799    2841    2838
    2839    2819    2892    3114    2913    3018    3039    3117    3055    2945
    3268    3104    2922    3051    3032    3079    2908    2801    2986    2963
    2706    2760    2758    2716    2567    2589    2523    2591    2322    2342
    2380    2233    2183    2164    2182    2006    1917    1946    1877    1820
    1667    1561    1599    1538    1463    1510    1394    1345    1294    1222
    1234    1203    1071     991    1072    1030     900     999     940     874
     847     824     801     857     759     807     786     799     771     820
     745     825     767     820     950     902     876     970     937    1018
    1043    1089    1113    1229    1244    1344    1319    1426    1422    1567
    1529    1647    1629    1594    1650    1719    1652    1722    1818    1706
    1743    1714    1664    1694    1609    1577    1637    1580    1418    1392
    1336    1250    1169    1077    1089     984     958     867     841     804
     745     711     692     703     627     605     530     478     510     503
     480     477     435     439     449     416     454  231897
