$Informacoes da Fluorescencia de Raios-X:
"Sample    : GHA-908",                                                                    
"Operator  : THIAGO",                                                                     
"Comment  : ",                                                                            
"Group     : thiago_acra2010ma",                                                          
"Date       : 2010-06-22 21:28:16",                                                       
"",                                                                                       
"Mesurement Condition",                                                                   
"------------------------------------------------------------------------------------",   
"Instrument : 700HS2   Atmosphere : Vac.   Collimator : 10(mm)   Spin : No",              
"------------------------------------------------------------------------------------",   
"Analyte               TG kV   uA      FI Acq.(keV)  Anal.(keV)  Time(sec)     DT(%)",    
"------------------------------------------------------------------------------------",   
"Na                    Rh 50 1000-Auto Al  0 - 20    0.8 - 1.2   Live -  959    9",       
"Channel_info_start",                                                                     
"Channel : Na",                                                                           
"Points : 2048
"Range : 0.000000 - 20.480000",                                                           
"Step : 0.010000",                                                                        
"Channel_info_end",                                                                       
$DATA:
       0    2047
       0       0       0       0       0       0       0       0       0    2048
       0       0       0       0       0       0       0       0       0       0
       0       0       0       0       0       0       0       0       0       0
       0       0       0       0       0       0       0       1       0       5
      45     142     115     128     122     117     109     129     130     117
     140     123     121     126     132     143     121     151     131     153
     133     163     191     184     184     176     211     192     197     215
     200     228     200     261     228     281     229     262     250     269
     218     234     206     177     167     157     153     136     141     156
     138     148     137     147     131     143     154     132     155     154
     152     151     145     160     132     136     141     130     145     154
     158     148     177     176     148     190     172     161     171     165
     129     163     155     113     140     134     108     156     136     158
     163     149     148     199     155     192     173     208     180     196
     168     172     171     168     135     178     188     197     199     247
     264     377     426     550     579     691     794     844     861     931
     874     930     861     872     729     672     581     541     464     412
     416     401     420     480     574     817    1013    1390    1592    2085
    2449    2815    3019    3301    3172    3391    2983    2860    2567    2321
    1909    1529    1128     964     725     573     440     394     321     348
     261     284     270     286     239     264     287     258     267     290
     280     282     249     265     270     268     239     247     223     261
     214     247     264     227     243     272     292     301     347     447
     562     699     893    1170    1504    1929    2045    2510    2801    3084
    3086    3369    3209    3155    2768    2696    2257    1997    1525    1294
    1036     900     720     554     514     484     426     443     436     426
     431     470     538     698     713     996    1031    1266    1457    1632
    1761    2066    1910    2093    1952    1936    1638    1545    1367    1172
     892     872     616     528     427     418     393     402     357     415
     430     453     413     436     384     364     363     383     313     336
     301     281     247     256     230     290     228     234     231     235
     231     239     243     238     247     241     255     280     229     276
     288     281     331     337     411     460     606     726     975    1455
    1823    2598    3416    4581    5799    7440    8391   10501   11407   12881
   13015   14043   14089   14049   12679   12732   10725    9613    7941    6744
    5240    4305    2986    2261    1599    1234     889     724     675     676
     721     900    1042    1246    1402    1723    1894    2281    2511    2782
    3088    3558    3773    4182    4679    5182    5074    5576    5503    5610
    5213    5360    4727    4641    3812    3406    2848    2471    1874    1543
    1157     918     657     570     398     373     362     295     296     334
     321     399     420     470     526     578     626     693     740     831
     766     823     761     818     795     771     667     689     565     512
     451     369     353     324     287     290     261     255     230     250
     256     257     214     265     267     260     275     281     274     282
     264     299     270     300     287     281     339     367     374     480
     470     603     704     753     879     995    1077    1271    1318    1409
    1422    1441    1422    1396    1334    1241    1128    1092     979     864
     699     681     579     589     527     471     440     429     438     445
     403     434     396     396     377     422     382     424     404     428
     415     471     494     480     459     513     499     552     547     611
     594     581     627     625     594     615     582     580     565     521
     530     539     516     486     487     456     402     429     459     460
     408     473     390     449     444     428     445     432     485     474
     477     466     489     451     518     501     488     548     449     540
     492     537     518     560     546     603     526     563     558     592
     617     610     623     613     628     617     560     658     585     620
     561     596     612     583     539     591     615     605     601     609
     628     611     624     622     619     630     631     594     652     633
     605     663     687     671     615     691     665     738     728     750
     779     833     780     864     870     968     945     994     995    1092
     935     962     929     986     939     958     877     908     800     874
     870     849     773     863     852     840     792     816     826     837
     818     870     835     836     879     924     838     937     917    1012
    1178    1278    1382    1777    1957    2655    2948    3674    4608    5683
    6577    7945    9152   10905   11770   13392   14470   15901   15770   17807
   16716   17101   15686   15714   14356   13562   11768   10823    9312    8372
    6591    5781    4636    3837    3045    2730    2211    1799    1593    1417
    1234    1134    1003    1064    1014    1109    1009    1003     961     974
    1015    1037    1008    1078    1035    1057    1027    1051     944    1038
    1088    1142    1093    1116    1108    1107    1046    1178    1138    1290
    1249    1429    1493    1502    1673    1841    2010    2147    2220    2363
    2646    2758    2891    3031    3170    3110    3078    3034    2878    3019
    2627    2616    2399    2376    1995    2010    1827    1748    1496    1500
    1360    1320    1190    1128    1116    1131    1048    1091    1078    1099
     971    1034    1112    1034    1009    1075    1103    1105    1042    1094
    1066    1155    1018    1197    1021    1156    1115    1093    1085    1092
    1089    1288    1117    1108    1050    1065    1069    1108     977    1061
    1053    1034     991    1021    1050    1120    1126    1051    1091    1118
    1000    1105    1005    1124    1028    1062    1053    1079    1014    1152
    1134    1051    1090    1178    1117    1085    1091    1089    1134    1146
    1147    1178    1223    1267    1232    1321    1320    1382    1361    1468
    1517    1533    1405    1584    1606    1602    1488    1452    1443    1425
    1346    1298    1261    1309    1158    1210    1214    1116    1088    1079
    1026    1045     990     964     975    1034     971    1006     939     967
     971    1019     983    1025     932     918     933    1044     950     992
     935     964     941    1001     950    1001    1029    1125    1083    1120
    1202    1281    1394    1480    1457    1494    1633    1675    1716    1708
    1864    2021    1851    1898    1899    2002    1747    1783    1712    1757
    1534    1574    1396    1448    1311    1291    1170    1174    1123    1096
    1027    1058    1018     955     930     999     923     950     986    1050
     939     888     976     937     935     940    1005     964     885     975
     906     948     896     906     898     880     924     893     911     976
     872     896     871     924     895     942     872     945     882     902
     947     951     861     956     927     901     895     915     993     908
     915     921     961     921     865     898     937     892     886     904
     904     947     923     930     862     929     870    1012     934     999
     916    1029     981    1033     945    1014    1010    1030    1009    1015
    1013     990     940    1010     903    1002     905     909     945     901
     883     908     906     916     860     911     880     861     838     922
     889     905     841     854     886     903     830     857     839     900
     839     874     841     908     877     858     873     892     863     897
     889     850     862     850     821     871     845     880     861     879
     842     847     805     955     856     872     870     903     841     891
     904     820     889     909     831     901     871     865     883     895
     871     912     875     920     841     977     859     953     899     950
     894     978     899     905     984     984     953     992    1026    1089
    1058    1022    1046    1081     999    1014    1026    1006    1046    1029
    1057     982    1001     944     927     997     933     915     977     936
     870     913     941     966     886     905     916     897     812     873
     905     908     871     940     830     930     851     932     912     904
     853     865     884     886     833     892     918     885     874     895
     856     884     849     877     905     908     845     900     865     917
     873     918     894     866     876     845     840     878     892     891
     924     896     796     899     896     947     901     910     901     901
     813     854     828     943     883     881     816     870     816     841
     869     928     816     854     874     832     850     864     866     861
     834     908     852     904     850     893     873     912     875     885
     871     866     830     835     845     875     860     874     885     902
     858     923     914     964     883     939     933     987     968    1036
    1032    1078    1026    1070    1157    1166    1122    1158    1130    1164
    1193    1218    1176    1194    1151    1115    1126    1066    1077    1079
    1028    1044     987    1032     931     930     841     886     888     891
     831     863     851     832     817     781     874     826     804     795
     836     874     794     804     815     832     817     852     831     815
     750     805     815     774     838     797     786     834     814     815
     838     857     786     775     759     870     740     795     878     835
     819     849     826     908     827     920     906     874     903     827
     855     931     867     862     867     889     792     865     828     886
     776     814     846     850     778     752     815     850     806     800
     833     842     724     785     784     780     745     754     754     791
     729     726     769     765     800     804     785     784     726     781
     771     777     716     814     781     742     709     767     833     783
     786     786     785     765     746     776     739     793     783     793
     819     805     794     763     882     854     814     832     806     853
     796     797     875     858     832     832     891     915     835     834
     800     874     785     837     831     711     753     846     742     759
     775     806     767     745     762     739     739     777     722     737
     746     707     735     693     698     753     696     739     764     732
     685     734     741     671     694     750     661     724     676     713
     727     760     690     738     759     727     701     642     720     743
     717     695     713     666     729     714     754     776     734     691
     726     728     671     763     716     771     727     769     799     772
     761     723     752     745     650     745     749     754     739     711
     740     743     761     735     732     734     708     671     717     772
     676     686     672     697     704     686     714     667     622     668
     675     704     641     699     707     669     624     680     682     672
     665     671     630     678     616     706     644     689     715     667
     657     656     608     572     640     721     655     675     657     686
     644     644     711     696     613     624     701     671     612     660
     706     680     619     656     663     668     642     617     626     647
     677     720     622     682     644     702     627     656     606     621
     650     629     623     624     701     679     622     641     612     626
     656     593     648     648     604     627     586     660     630     629
     626     612     564     676     617     637     593     607     640     652
     644     626     640     600     583     588     680     668     605     633
     569     588     593     590     621     627     583     604     587     600
     564     604     598     613     588     626     624     678     585     599
     672     619     624     596     646     606     611     628     664     620
     626     603     635     648     588     638     601     647     616     636
     565     617     579     619     611     637     549     608     552     641
     581     617     564     646     559     570     613     607     600     631
     591     609     559     592     530     591     564     563     545     581
     559     557     607     605     548     568     544     572     557     572
     568     580     584     559     576     599     572     567     610     605
     570     535     594     549     541     564     552     593     549     579
     597     562     544     571     547     599     521     562     608     609
     578     564     573     570     554     551     584     588     553     553
     586     582     548     573     573     583     516     552     513     586
     547     532     584     565     505     563     584     589     568     535
     615     549     506     538     569     531     511     567     561     571
     524     562     594     560     529     561     601     621     535     576
     560     547     543     560     535     584     551     527     539     548
     552     548     579     549     582     550     590     570     544     554
     580     530     577     535     552     580     502     519     651     538
     511     574     554     568     544     524     537     554     601     564
     509     558     542     535     589     532     533     574     603     585
     554     585     594     552     589     545     608     576     582     501
     582     582     548     565     573     560     528     550     601     621
     580     559     570     564     582     507     617     567     616     559
     582     591     567     601     619     647     589     573     594     586
     565     549     671     581     557     515     621     570     577     593
     561     608     593     618     602     645     589     628     651     648
     577     676     577     650     624     619     603     638     615     632
     670     703     661     666     724     679     610     690     660     723
     698     664     696     690     682     694     734     707     713     707
     738     795     722     769     772     807     749     746     756     778
     789     836     797     898     821     860     927     952     857     943
     970     969     943    1045     976    1074    1065    1084    1108    1236
    1150    1279    1274    1346    1276    1372    1408    1485    1480    1589
    1721    1699    1592    1717    1855    2001    1934    1905    2207    2133
    2089    2317    2365    2497    2483    2529    2761    2704    2713    2804
    2958    2971    2922    2981    3402    3293    3231    3126    3366    3373
    3365    3397    3626    3516    3331    3594    3667    3494    3513    3458
    3796    3627    3426    3562    3479    3503    3419    3407    3383    3502
    3212    3218    3174    3225    2903    2982    2998    2957    2773    2633
    2733    2630    2490    2419    2470    2432    2229    2138    2145    2070
    1895    1874    1970    1872    1628    1671    1631    1443    1393    1451
    1369    1330    1284    1218    1214    1177    1126    1049    1047    1000
    1009     964     951     938     881     925     935     940     841     885
     951     862     882     933    1017     998    1055    1098    1189    1194
    1152    1270    1307    1384    1417    1429    1520    1553    1620    1683
    1725    1757    1732    1807    1862    1958    1793    1810    1961    1841
    1815    1814    1867    1701    1757    1574    1710    1600    1433    1386
    1335    1380    1128    1080    1047    1067    1000     896     807     804
     774     719     677     616     600     580     627     630     511     537
     528     501     525     477     551     519     462  265096
