$Informacoes da Fluorescencia de Raios-X:
"Sample    : GHA-969",                                                                    
"Operator  : luisf",                                                                      
"Comment  : ",                                                                            
"Group     : thiago_acra2010ma",                                                          
"Date       : 2010-06-23 22:25:18",                                                       
"",                                                                                       
"Mesurement Condition",                                                                   
"------------------------------------------------------------------------------------",   
"Instrument : 700HS2   Atmosphere : Vac.   Collimator : 10(mm)   Spin : No",              
"------------------------------------------------------------------------------------",   
"Analyte               TG kV   uA      FI Acq.(keV)  Anal.(keV)  Time(sec)     DT(%)",    
"------------------------------------------------------------------------------------",   
"Na                    Rh 50  712-Auto Al  0 - 20    0.8 - 1.2   Live -  959   20",       
"Channel_info_start",                                                                     
"Channel : Na",                                                                           
"Points : 2048
"Range : 0.000000 - 20.480000",                                                           
"Step : 0.010000",                                                                        
"Channel_info_end",                                                                       
$DATA:
       0    2047
       0       0       0       0       0       0       0       0       0    2048
       0       0       0       0       0       0       0       0       0       0
       0       0       0       0       0       0       0       0       0       0
       0       0       0       0       0       0       1       1       6      10
     102     241     217     269     236     227     218     226     230     226
     256     236     226     223     250     258     210     216     237     225
     218     272     248     307     285     311     272     316     270     273
     280     291     318     302     296     330     327     315     283     326
     266     265     280     261     265     257     246     273     266     264
     288     323     330     355     368     397     410     466     394     452
     365     405     356     330     279     301     288     285     258     285
     311     310     317     342     343     388     335     338     310     312
     266     266     271     291     242     263     248     288     287     309
     373     401     357     436     416     466     443     457     383     433
     399     421     315     357     324     343     353     421     474     587
     705    1000    1189    1669    1799    2304    2421    2729    2738    3030
    2774    2836    2568    2504    2075    1795    1608    1451    1243    1141
     970     956     997    1224    1494    2212    2833    3910    4811    6424
    7067    8661    9244   10013    9670   10360    9027    8970    7178    6324
    5080    4202    3073    2469    1790    1507    1188    1096     982     974
     901     987     951    1068    1034    1254    1142    1281    1230    1313
    1283    1298    1085    1087     990     917     810     836     617     622
     600     539     508     490     461     532     526     589     611     664
     793     969    1198    1417    1733    2169    2351    2860    3131    3587
    3450    3759    3475    3502    2943    2861    2384    2143    1779    1482
    1250    1121     933     920     896     889     883     917     956    1206
    1310    1721    2277    3010    3783    5483    6161    7996    8808   10777
   11369   12617   12140   12919   12097   11595    9838    9143    7613    6281
    4705    3950    2689    2301    1725    1641    1568    1568    1587    1626
    1591    1733    1655    1716    1643    1636    1399    1392    1163    1079
     916     853     771     751     655     674     634     691     643     671
     659     665     686     731     678     749     690     766     711     810
     792     881     914    1040    1109    1235    1573    2008    2579    3922
    4990    7285    9174   12727   15617   20563   23706   29820   32301   36914
   37510   40384   39515   40054   35779   35392   28721   26357   20440   17354
   13166   10288    7150    5407    3876    3021    2212    2105    1981    2112
    2330    2881    3437    4159    5024    6231    7690    9814   11457   14885
   17872   22142   25223   31225   35163   40927   42514   48902   48298   51389
   47801   48005   43620   41142   34655   30412   24978   20454   15086   11619
    8771    6425    4240    3196    2157    1629    1191    1160    1106    1278
    1460    1826    2167    2810    3093    3805    4420    4888    5270    6303
    6152    6550    6251    6293    5721    5533    4720    4338    3619    3218
    2464    2003    1548    1350     935     872     657     557     527     498
     415     435     374     397     444     400     381     393     433     429
     387     443     474     514     536     653     641     819     989    1228
    1585    1906    2277    2879    3172    3896    4279    4811    5196    5763
    5524    5754    5648    5562    4956    4930    4271    3732    3170    2837
    2313    2089    1608    1475    1244    1094     951     920     856     817
     787     728     795     725     731     690     741     834     769     808
     840     987     907    1049    1101    1204    1156    1277    1314    1401
    1349    1436    1478    1442    1375    1450    1412    1358    1234    1141
    1080    1083     942     924     825     818     779     781     724     781
     704     746     679     771     716     741     732     790     705     780
     782     825     796     819     756     810     849     858     808     781
     756     862     783     891     855     942     910    1005     904     991
     976    1007     977    1000     919    1053     962    1088     990     972
     969     992    1014     978     926     933     968     982     902    1001
     953     904     971     986     997    1036     953     992     982     944
     996    1038    1034    1117    1019    1186    1105    1269    1167    1379
    1423    1571    1597    1769    1847    1990    1943    2175    2196    2343
    2212    2304    2098    2076    1923    1996    1813    1816    1663    1645
    1524    1464    1346    1425    1368    1343    1310    1391    1351    1348
    1272    1366    1382    1431    1375    1463    1570    1724    1830    2104
    2397    3016    3427    4670    5768    7686    9308   12156   15425   19672
   22974   28481   33704   40217   43438   50205   54344   59282   59532   67113
   61978   64695   58236   58160   52580   49692   41788   38812   32536   28057
   21943   18483   14936   12017    8729    7365    5359    4501    3290    2831
    2350    2160    1771    1761    1644    1673    1509    1590    1480    1635
    1503    1590    1571    1566    1516    1658    1536    1672    1612    1544
    1637    1680    1644    1761    1743    1841    1877    2074    2202    2387
    2492    2770    3095    3539    3932    4576    5166    5925    6266    7121
    7484    8418    8467    9235    9425    9828    9074    9443    8938    8665
    7648    7613    6802    6227    5363    4799    4320    3835    3178    3009
    2495    2390    2068    1996    1789    1761    1632    1651    1625    1528
    1559    1611    1527    1596    1563    1557    1573    1667    1612    1648
    1605    1711    1614    1712    1579    1675    1528    1664    1581    1709
    1559    1658    1689    1735    1434    1551    1597    1568    1494    1570
    1581    1606    1513    1606    1523    1546    1531    1536    1598    1551
    1609    1602    1490    1524    1452    1620    1672    1661    1509    1602
    1606    1589    1562    1715    1562    1621    1577    1671    1636    1757
    1661    1838    1858    2006    1886    2009    1959    2096    2068    2214
    2281    2339    2192    2315    2277    2289    2233    2251    2179    2180
    2053    1912    1907    1960    1648    1726    1733    1696    1530    1621
    1587    1608    1482    1467    1498    1499    1362    1514    1458    1436
    1430    1514    1485    1478    1515    1418    1437    1479    1353    1476
    1464    1513    1417    1532    1589    1616    1685    1821    1958    2097
    2111    2356    2552    2848    2866    3223    3476    3719    3705    4100
    4113    4415    4310    4239    4375    4419    3983    4061    3782    3847
    3410    3212    2906    2793    2390    2386    2184    2039    1718    1733
    1706    1658    1551    1531    1518    1568    1414    1502    1413    1496
    1416    1454    1553    1482    1431    1506    1484    1493    1341    1363
    1391    1444    1383    1401    1334    1312    1381    1421    1318    1460
    1335    1445    1382    1425    1281    1416    1380    1418    1441    1397
    1399    1436    1256    1462    1371    1330    1289    1366    1413    1454
    1289    1355    1375    1416    1414    1341    1369    1405    1288    1386
    1358    1471    1332    1481    1454    1546    1476    1578    1612    1621
    1540    1681    1704    1718    1604    1745    1651    1712    1589    1659
    1817    1708    1676    1606    1564    1639    1480    1499    1403    1514
    1487    1486    1371    1433    1288    1352    1344    1415    1323    1326
    1304    1355    1286    1346    1376    1408    1310    1292    1340    1348
    1312    1278    1414    1314    1261    1309    1385    1333    1276    1344
    1309    1335    1241    1354    1345    1368    1325    1342    1435    1357
    1270    1351    1423    1413    1235    1323    1394    1334    1323    1348
    1283    1315    1362    1342    1316    1363    1240    1325    1276    1396
    1325    1317    1333    1396    1286    1310    1334    1400    1362    1403
    1368    1409    1321    1463    1478    1527    1517    1523    1524    1550
    1562    1553    1604    1680    1440    1553    1531    1542    1499    1519
    1509    1541    1404    1389    1458    1431    1337    1433    1382    1410
    1325    1422    1350    1422    1279    1370    1328    1373    1260    1282
    1364    1312    1313    1348    1346    1305    1312    1395    1353    1307
    1245    1354    1296    1325    1285    1342    1367    1337    1282    1277
    1351    1381    1276    1391    1354    1376    1271    1321    1261    1339
    1273    1318    1354    1328    1282    1226    1376    1353    1244    1339
    1337    1313    1276    1305    1304    1326    1278    1298    1240    1336
    1330    1335    1316    1314    1290    1328    1260    1216    1265    1281
    1265    1353    1363    1225    1286    1224    1221    1230    1245    1308
    1223    1349    1281    1355    1212    1230    1224    1250    1259    1283
    1218    1342    1204    1265    1221    1342    1240    1373    1240    1339
    1246    1351    1276    1366    1317    1366    1423    1441    1398    1337
    1546    1578    1494    1509    1641    1687    1602    1637    1706    1817
    1659    1671    1685    1630    1629    1554    1580    1654    1504    1584
    1460    1439    1407    1403    1362    1318    1352    1261    1265    1295
    1176    1223    1200    1221    1217    1287    1287    1222    1208    1164
    1177    1199    1152    1192    1262    1239    1246    1181    1126    1251
    1158    1219    1181    1219    1149    1201    1223    1231    1141    1199
    1195    1173    1132    1177    1237    1256    1158    1217    1276    1317
    1209    1274    1290    1316    1221    1279    1336    1376    1209    1279
    1362    1330    1228    1337    1337    1337    1292    1254    1254    1292
    1239    1300    1214    1322    1215    1303    1155    1198    1190    1251
    1222    1216    1088    1128    1133    1199    1168    1213    1080    1165
    1116    1156    1143    1196    1147    1149    1121    1218    1137    1194
    1106    1153    1069    1133    1177    1159    1138    1101    1136    1221
    1114    1121    1106    1188    1156    1159    1108    1231    1132    1213
    1234    1224    1185    1197    1224    1296    1210    1341    1327    1315
    1254    1352    1325    1370    1261    1239    1344    1342    1273    1321
    1314    1274    1258    1280    1215    1348    1146    1227    1142    1189
    1116    1225    1137    1147    1188    1162    1092    1106    1101    1124
    1006    1018    1050    1133    1058    1086    1029     976    1045    1076
    1046    1017    1068    1071    1025    1054    1116    1050    1062    1046
    1020    1161    1073    1026    1072    1109    1071    1109    1069    1082
    1069    1169    1163    1122    1158    1196    1170    1210    1215    1271
    1383    1326    1363    1392    1414    1470    1394    1488    1589    1604
    1504    1676    1541    1620    1590    1637    1624    1751    1540    1457
    1582    1541    1324    1375    1349    1366    1203    1339    1277    1221
    1154    1196    1132    1149    1070    1063    1076    1112    1072    1068
     992    1010     950    1023    1020    1023     976    1020     940    1024
     989     989     980     989     995    1045     947    1013     940     988
     978    1024     907     955     972    1036     952     986    1005     972
     956     931    1047     996     969     916    1006    1011     955    1011
    1015     968     965    1019     967     968     998     956     965     971
     915     940     969    1024     995     999    1004    1031     908     992
    1019    1015     944     884    1010    1013     945     941     947     945
     909     950    1018     943     952     914     973     968     897     926
     947     971     856     915     877     940     882     867     870     892
     895     934     961     950     815     854    1011     924     904     917
     895     950     890     907     910     891     886     962     955     920
     851     923     873     856     868     881     947     981     945     962
     959    1040     992     995    1035    1024    1027    1082    1092    1152
    1046    1069    1071    1112    1016    1130    1044    1115    1055    1052
    1063    1077    1124    1099    1053    1081    1031    1106    1018     985
     919     961    1008    1036     907     927     936     899     926     907
     981     909     915     873     856     887     835     895     829     925
     856     920     905     897     802     831     842     838     823     823
     828     905     791     780     889     923     836     808     873     888
     886     843     881     849     815     876     813     878     827     810
     852     874     819     808     873     891     847     808     793     853
     818     837     895     861     843     860     787     896     829     846
     854     891     845     837     879     864     823     863     823     849
     856     847     896     844     773     759     823     850     740     855
     751     814     780     771     823     806     789     793     799     810
     807     844     817     863     762     804     851     855     809     841
     817     816     813     770     825     840     828     792     805     795
     800     761     837     860     804     842     836     850     778     887
     801     854     782     831     823     797     773     789     865     835
     804     818     822     804     809     801     788     777     828     778
     853     847     790     805     835     856     800     854     851     893
     809     826     862     782     792     799     891     890     806     782
     889     826     855     805     829     906     868     849     872     897
     847     843     818     883     828     804     864     872     807     870
     880     962     808     800     890     895     823     882     887     876
     858     825     999     889     808     923     913     914     838     914
     876     889     841     870     924     936     892     869     941     908
     890     860     951     943     898     850     952     971     935    1001
     953     925     947     991     979     954     919    1000    1036    1016
     935    1050    1027    1014     994    1013     996    1079    1011    1035
    1072    1131    1117    1085    1124    1204    1088    1099    1126    1203
    1144    1171    1203    1242    1252    1267    1357    1323    1335    1313
    1404    1407    1478    1495    1536    1507    1627    1588    1717    1757
    1799    1841    1835    1930    1994    1996    2117    2199    2235    2158
    2408    2543    2407    2407    2615    2775    2775    2846    3290    3259
    3179    3313    3547    3523    3528    3691    3917    3959    3771    4215
    4209    4465    4298    4424    4669    4734    4525    4667    4859    4869
    4811    4823    5050    5169    4959    5093    5302    5263    5088    5002
    5533    5236    5164    5134    5033    5056    4816    4888    4942    4791
    4507    4678    4689    4343    4322    4286    4285    4268    3903    3863
    3904    3792    3585    3468    3500    3439    3210    3187    3158    2961
    2765    2655    2810    2671    2424    2413    2364    2292    2068    2169
    2052    1947    1741    1708    1816    1722    1571    1595    1596    1509
    1392    1395    1415    1341    1303    1303    1373    1304    1221    1274
    1242    1283    1287    1310    1458    1457    1413    1478    1479    1631
    1598    1669    1799    1891    1885    1959    2193    2176    2242    2349
    2502    2506    2453    2634    2674    2786    2727    2804    2942    2850
    2750    2771    2822    2636    2539    2424    2805    2429    2322    2248
    2253    2153    1902    1936    1827    1802    1612    1563    1468    1379
    1231    1204    1119    1058    1009     949     919     887     829     752
     784     798     771     734     760     781     725  389107
