Acquisition date and time: 00-00-   0 (00:00:00)
Live Time:,        0
Real Time:,        0
 
Photopeaks:,    15
  11,      1.041,        618,         79,       2.10
  12,      1.254,        489,         83,       1.89
  13,      1.487,      12463,        159,       1.35
  14,      1.740,      61900,        370,       8.18
  15,      2.013,        808,        111,       1.72
  16,      2.307,      51173,        324,       9.08
  17,      2.622,      23902,        283,       3.77
  19,      3.313,     156058,        480,       6.40
  20,      3.691,     121772,        499,       4.02
  22,      4.509,      25796,        255,       1.28
  23,      4.950,       1039,        174,       1.68
  24,      5.412,       2038,        173,       1.90
  25,      5.895,       7478,        216,       3.92
  45,      2.696,       -876,        144,       2.89
  56,      4.464,       1291,        242,       1.39
Incoherent scattering peaks:,     5
  14,      1.734,       2248,        395,       8.18
  16,      2.297,       4543,        353,       7.14
  17,      2.609,       5908,        459,       4.05
  19,      3.292,       2298,        354,       6.20
  20,      3.665,       6694,        540,       4.04
