Acquisition date and time: 00-00-   0 (00:00:00)
Live Time:,        0
Real Time:,        0
 
Photopeaks:,    15
  11,      1.041,        140,         90,       2.13
  12,      1.254,       2689,        112,       1.66
  13,      1.487,      56655,        297,       5.68
  14,      1.740,     297454,        764,      24.76
  15,      2.013,       1308,        146,       3.95
  16,      2.307,      54930,        339,       2.19
  17,      2.622,      42848,        336,       3.85
  19,      3.313,     298762,        648,      12.81
  20,      3.691,     359352,        785,       8.09
  22,      4.509,     113293,        442,       4.63
  23,      4.950,       2153,        246,       1.76
  24,      5.412,       4035,        213,       1.02
  25,      5.895,      24443,        297,      21.02
  45,      2.696,       1262,        177,       3.74
  56,      4.464,       4808,        320,       3.57
Incoherent scattering peaks:,     5
  14,      1.734,       9665,        748,      24.76
  16,      2.297,        412,        384,       2.25
  17,      2.609,      -5109,        488,       3.92
  19,      3.292,       6355,        463,      12.39
  20,      3.665,       5463,        762,       7.98
