Acquisition date and time: 00-00-   0 (00:00:00)
Live Time:,        0
Real Time:,        0
 
Photopeaks:,    15
  11,      1.041,         65,         60,       1.15
  12,      1.254,        278,         64,       1.64
  13,      1.487,       2619,         88,       1.39
  14,      1.740,      10805,        171,       1.44
  15,      2.013,        102,         68,       1.61
  16,      2.307,       5628,        136,       1.54
  17,      2.622,      11510,        183,       2.18
  19,      3.313,      31184,        238,       2.94
  20,      3.691,      21620,        232,       2.32
  22,      4.509,       3724,        163,       1.17
  23,      4.950,        295,        138,       1.03
  24,      5.412,       1428,        152,       1.29
  25,      5.895,       1809,        180,       2.70
  45,      2.696,        699,         95,       1.68
  56,      4.464,        860,        199,       0.95
Incoherent scattering peaks:,     5
  14,      1.734,        121,        200,       1.44
  16,      2.297,        -36,        181,       1.38
  17,      2.609,       -305,        247,       2.03
  19,      3.292,       -200,        212,       2.99
  20,      3.665,      -2480,        271,       2.12
