Acquisition date and time: 00-00-   0 (00:00:00)
Live Time:,        0
Real Time:,        0
 
Photopeaks:,    15
  11,      1.041,        244,         86,       2.28
  12,      1.254,       1362,         98,       2.42
  13,      1.487,       5778,        131,       2.15
  14,      1.740,      22079,        249,       2.75
  15,      2.013,       2664,        126,       1.53
  16,      2.307,      16398,        227,       1.65
  17,      2.622,      84031,        424,       6.68
  19,      3.313,     146876,        472,       7.55
  20,      3.691,     209444,        619,       6.49
  22,      4.509,      13203,        231,       1.83
  23,      4.950,        800,        183,       1.09
  24,      5.412,       1503,        196,       1.81
  25,      5.895,      12698,        254,       9.17
  45,      2.696,        304,        188,       4.65
  56,      4.464,       1220,        256,       1.76
Incoherent scattering peaks:,     5
  14,      1.734,      -1542,        303,       2.74
  16,      2.297,      -1163,        304,       1.64
  17,      2.609,       1536,        493,       5.98
  19,      3.292,       2179,        369,       7.18
  20,      3.665,       -538,        610,       6.54
