Acquisition date and time: 00-00-   0 (00:00:00)
Live Time:,        0
Real Time:,        0
 
Photopeaks:,    15
  11,      1.041,         56,         57,       0.78
  12,      1.254,        162,         60,       1.49
  13,      1.487,       4122,         97,       1.46
  14,      1.740,      17201,        203,       2.44
  15,      2.013,         24,         70,       1.85
  16,      2.307,       6819,        140,       1.53
  17,      2.622,       3033,        122,       0.82
  19,      3.313,      13186,        169,       2.12
  20,      3.691,      85567,        371,       3.94
  22,      4.509,       7459,        173,       1.65
  23,      4.950,        169,        135,       0.99
  24,      5.412,       1308,        147,       1.16
  25,      5.895,       1548,        173,       2.48
  45,      2.696,        476,         78,       1.02
  56,      4.464,        974,        191,       2.23
Incoherent scattering peaks:,     5
  14,      1.734,        723,        226,       2.44
  16,      2.297,       -181,        180,       1.46
  17,      2.609,       -766,        202,       0.70
  19,      3.292,        383,        180,       2.10
  20,      3.665,        307,        333,       3.98
