Acquisition date and time: 00-00-   0 (00:00:00)
Live Time:,        0
Real Time:,        0
 
Photopeaks:,    15
  11,      1.041,        332,         65,       0.70
  12,      1.254,        215,         65,       1.25
  13,      1.487,       2038,         85,       1.36
  14,      1.740,       8012,        152,       1.87
  15,      2.013,        155,         74,       1.47
  16,      2.307,      11757,        173,       1.35
  17,      2.622,      23680,        242,       2.73
  19,      3.313,      18909,        191,       2.13
  20,      3.691,      40684,        283,       2.12
  22,      4.509,       3897,        163,       2.22
  23,      4.950,        855,        142,       0.88
  24,      5.412,       1736,        156,       1.39
  25,      5.895,       1385,        180,       2.21
  45,      2.696,        790,        110,       2.15
  56,      4.464,        834,        197,       2.17
Incoherent scattering peaks:,     5
  14,      1.734,        -18,        184,       1.87
  16,      2.297,        523,        209,       1.37
  17,      2.609,       -295,        305,       2.71
  19,      3.292,       -222,        189,       2.05
  20,      3.665,       -830,        292,       1.91
