Acquisition date and time: 00-00-   0 (00:00:00)
Live Time:,        0
Real Time:,        0
 
Photopeaks:,    15
  11,      1.041,         96,         67,       1.41
  12,      1.254,        136,         67,       1.42
  13,      1.487,        617,         75,       1.24
  14,      1.740,       1897,        110,       1.21
  15,      2.013,         68,         69,       1.10
  16,      2.307,       1846,        112,       1.54
  17,      2.622,       4323,        141,       1.83
  19,      3.313,       4622,        132,       1.08
  20,      3.691,      10470,        185,       1.30
  22,      4.509,        262,        160,       1.53
  23,      4.950,        277,        153,       0.82
  24,      5.412,       1738,        175,       1.86
  25,      5.895,       1208,        201,       1.46
  45,      2.696,       1111,         90,       1.47
  56,      4.464,        846,        216,       1.51
Incoherent scattering peaks:,     5
  14,      1.734,        -12,        155,       1.49
  16,      2.297,        123,        174,       1.57
  17,      2.609,       -519,        219,       1.79
  19,      3.292,       -145,        169,       0.98
  20,      3.665,      -1049,        226,       1.25
