Acquisition date and time: 00-00-   0 (00:00:00)
Live Time:,        0
Real Time:,        0
 
Photopeaks:,    15
  11,      1.041,         29,         59,       0.84
  12,      1.254,        214,         63,       1.09
  13,      1.487,       2609,         87,       1.41
  14,      1.740,      11232,        173,       2.81
  15,      2.013,         94,         67,       1.11
  16,      2.307,       2566,        113,       0.53
  17,      2.622,       6757,        150,       1.19
  19,      3.313,      30687,        238,       2.01
  20,      3.691,      17032,        215,       2.60
  22,      4.509,       3564,        162,       1.46
  23,      4.950,        206,        141,       1.43
  24,      5.412,       1559,        157,       1.13
  25,      5.895,       1237,        184,       1.42
  45,      2.696,        604,         88,       1.82
  56,      4.464,        720,        199,       1.96
Incoherent scattering peaks:,     5
  14,      1.734,        254,        200,       2.81
  16,      2.297,       -239,        166,       0.59
  17,      2.609,       -529,        215,       1.19
  19,      3.292,       -331,        213,       2.24
  20,      3.665,      -1168,        263,       2.67
