Acquisition date and time: 00-00-   0 (00:00:00)
Live Time:,        0
Real Time:,        0
 
Photopeaks:,    15
  11,      1.041,         89,         61,       1.57
  12,      1.254,        335,         65,       1.48
  13,      1.487,        352,         66,       1.67
  14,      1.740,       -167,         86,       0.74
  15,      2.013,         56,         61,       2.06
  16,      2.307,        159,         85,       1.05
  17,      2.622,        -37,         93,       2.21
  19,      3.313,         76,         91,       1.09
  20,      3.691,        581,        109,       1.26
  22,      4.509,       -429,        153,       1.67
  23,      4.950,        146,        148,       1.72
  24,      5.412,       1136,        167,       1.96
  25,      5.895,        945,        195,       1.38
  45,      2.696,        818,         69,       2.93
  56,      4.464,        784,        211,       1.44
Incoherent scattering peaks:,     5
  14,      1.734,        873,        136,       0.74
  16,      2.297,        134,        145,       1.09
  17,      2.609,       -115,        165,       1.59
  19,      3.292,         -9,        141,       1.34
  20,      3.665,         68,        163,       1.23
