Acquisition date and time: 00-00-   0 (00:00:00)
Live Time:,        0
Real Time:,        0
 
Photopeaks:,    15
  11,      1.041,       1973,        110,       2.93
  12,      1.254,       1101,        113,       4.45
  13,      1.487,      23093,        215,       3.15
  14,      1.740,     114672,        499,       9.74
  15,      2.013,       2120,        158,       2.62
  16,      2.307,      54712,        373,       3.76
  17,      2.622,     339133,        813,      15.39
  19,      3.313,     334570,        686,      17.05
  20,      3.691,     417629,        853,      12.76
  22,      4.509,      56848,        341,       3.56
  23,      4.950,       1005,        208,       2.21
  24,      5.412,       2613,        195,       1.12
  25,      5.895,      13734,        260,       9.94
  45,      2.696,       -138,        298,      11.87
  56,      4.464,       3567,        285,       3.18
Incoherent scattering peaks:,     5
  14,      1.734,       -890,        532,       9.74
  16,      2.297,       7419,        453,       3.35
  17,      2.609,      14739,        864,      15.37
  19,      3.292,       4602,        491,      15.79
  20,      3.665,       3969,        828,      12.60
