Acquisition date and time: 00-00-   0 (00:00:00)
Live Time:,        0
Real Time:,        0
 
Photopeaks:,    15
  11,      1.041,         23,         73,       1.70
  12,      1.254,       1630,         88,       1.34
  13,      1.487,      28935,        216,       4.60
  14,      1.740,     124140,        525,       9.70
  15,      2.013,       2010,        124,       4.36
  16,      2.307,      13083,        201,       1.18
  17,      2.622,      25762,        258,       1.90
  19,      3.313,     185015,        521,       8.77
  20,      3.691,     417208,        822,      10.40
  22,      4.509,      78291,        365,       2.65
  23,      4.950,       1419,        205,       1.06
  24,      5.412,       1930,        178,       0.78
  25,      5.895,      12274,        235,      10.13
  45,      2.696,        763,        141,       2.07
  56,      4.464,       2708,        265,       2.83
Incoherent scattering peaks:,     5
  14,      1.734,       3287,        553,      10.32
  16,      2.297,      -2073,        270,       1.43
  17,      2.609,      -2512,        354,       1.90
  19,      3.292,       7255,        392,       8.65
  20,      3.665,       6668,        751,      10.23
