Acquisition date and time: 00-00-   0 (00:00:00)
Live Time:,        0
Real Time:,        0
 
Photopeaks:,    15
  11,      1.041,        211,         78,       3.83
  12,      1.254,       2311,         96,       3.21
  13,      1.487,      49135,        267,       5.43
  14,      1.740,     316681,        729,      30.10
  15,      2.013,        670,        136,       7.89
  16,      2.307,      20041,        233,       2.64
  17,      2.622,      91517,        413,       6.42
  19,      3.313,     286017,        625,      17.24
  20,      3.691,     733863,       1007,      18.01
  22,      4.509,     146395,        470,       4.82
  23,      4.950,       2954,        237,       1.91
  24,      5.412,       4009,        185,       2.90
  25,      5.895,      40997,        311,      48.56
  45,      2.696,       1439,        192,       5.99
  56,      4.464,       7651,        289,       4.54
Incoherent scattering peaks:,     5
  14,      1.734,      13528,        663,      30.64
  16,      2.297,      -1111,        308,       2.58
  17,      2.609,        896,        481,       5.62
  19,      3.292,      15684,        458,      16.64
  20,      3.665,      22058,        829,      17.20
