Acquisition date and time: 00-00-   0 (00:00:00)
Live Time:,        0
Real Time:,        0
 
Photopeaks:,    15
  11,      1.041,        104,         86,       1.37
  12,      1.254,        273,         90,       1.04
  13,      1.487,        942,         98,       1.22
  14,      1.740,       3571,        150,       1.41
  15,      2.013,        132,         93,       1.72
  16,      2.307,       7240,        173,       1.66
  17,      2.622,      12542,        214,       1.97
  19,      3.313,      57344,        337,       2.49
  20,      3.691,      33958,        311,       3.01
  22,      4.509,        604,        206,       3.30
  23,      4.950,        799,        194,       1.26
  24,      5.412,       1869,        217,       2.54
  25,      5.895,       2131,        258,       2.14
  45,      2.696,       1025,        126,       1.37
  56,      4.464,       1385,        279,       2.97
Incoherent scattering peaks:,     5
  14,      1.734,        -13,        213,       1.41
  16,      2.297,        -82,        244,       1.72
  17,      2.609,       -688,        315,       2.16
  19,      3.292,       -450,        311,       2.36
  20,      3.665,      -3176,        379,       2.67
