Acquisition date and time: 00-00-   0 (00:00:00)
Live Time:,        0
Real Time:,        0
 
Photopeaks:,    15
  11,      1.041,        402,         85,       1.67
  12,      1.254,        360,         85,       1.70
  13,      1.487,       2407,        107,       1.35
  14,      1.740,      11621,        192,       2.93
  15,      2.013,        200,         98,       1.11
  16,      2.307,      13689,        205,       1.45
  17,      2.622,      40202,        316,       3.07
  19,      3.313,      64071,        331,       3.92
  20,      3.691,      87371,        424,       3.96
  22,      4.509,       5448,        209,       1.82
  23,      4.950,        933,        186,       1.33
  24,      5.412,       1618,        202,       1.59
  25,      5.895,       3137,        241,       2.49
  45,      2.696,       1182,        150,       2.78
  56,      4.464,        958,        260,       1.79
Incoherent scattering peaks:,     5
  14,      1.734,       -857,        241,       2.93
  16,      2.297,        191,        267,       1.41
  17,      2.609,       -126,        396,       2.53
  19,      3.292,        181,        289,       3.93
  20,      3.665,      -2596,        447,       3.87
