Acquisition date and time: 00-00-   0 (00:00:00)
Live Time:,        0
Real Time:,        0
 
Photopeaks:,    15
  11,      1.041,         54,         57,       0.86
  12,      1.254,        150,         59,       1.05
  13,      1.487,       1075,         70,       1.11
  14,      1.740,       3715,        119,       1.29
  15,      2.013,         35,         59,       1.13
  16,      2.307,       2317,        103,       1.45
  17,      2.622,        360,         89,       0.76
  19,      3.313,       5200,        125,       1.57
  20,      3.691,       8698,        161,       1.61
  22,      4.509,        934,        141,       1.38
  23,      4.950,         39,        131,       1.05
  24,      5.412,       1597,        150,       1.64
  25,      5.895,        761,        173,       2.17
  45,      2.696,        558,         67,       1.04
  56,      4.464,        627,        186,       1.49
Incoherent scattering peaks:,     5
  14,      1.734,        446,        153,       1.58
  16,      2.297,       -313,        149,       1.46
  17,      2.609,       -298,        164,       0.74
  19,      3.292,        -63,        149,       1.44
  20,      3.665,      -1101,        196,       1.62
