Acquisition date and time: 00-00-   0 (00:00:00)
Live Time:,        0
Real Time:,        0
 
Photopeaks:,    15
  11,      1.041,         13,         79,       1.21
  12,      1.254,        620,         89,       2.36
  13,      1.487,       7287,        138,       1.91
  14,      1.740,      41977,        318,       3.55
  15,      2.013,        927,        124,       1.45
  16,      2.307,      15290,        228,       1.68
  17,      2.622,     119389,        493,       6.77
  19,      3.313,     169919,        505,       7.84
  20,      3.691,     473613,        876,       7.29
  22,      4.509,      27409,        258,       1.15
  23,      4.950,       1443,        178,       1.47
  24,      5.412,       1117,        173,       1.11
  25,      5.895,       6560,        219,       3.77
  45,      2.696,        -42,        207,       5.91
  56,      4.464,       1461,        241,       1.32
Incoherent scattering peaks:,     5
  14,      1.734,      -1194,        361,       3.66
  16,      2.297,       -282,        309,       1.74
  17,      2.609,       5273,        548,       6.49
  19,      3.292,       5403,        396,       7.15
  20,      3.665,       8625,        797,       7.64
