Acquisition date and time: 00-00-   0 (00:00:00)
Live Time:,        0
Real Time:,        0
 
Photopeaks:,    15
  11,      1.041,        154,         69,       0.35
  12,      1.254,        521,         74,       1.16
  13,      1.487,       4644,        108,       1.52
  14,      1.740,      20539,        224,       2.85
  15,      2.013,         96,         82,       2.29
  16,      2.307,      10861,        173,       1.53
  17,      2.622,      18464,        221,       2.12
  19,      3.313,      20028,        202,       1.99
  20,      3.691,      91965,        398,       3.41
  22,      4.509,       6759,        188,       2.34
  23,      4.950,       1319,        157,       2.00
  24,      5.412,       1742,        169,       1.43
  25,      5.895,       2441,        200,       2.57
  45,      2.696,        460,        110,       2.65
  56,      4.464,       1338,        216,       2.11
Incoherent scattering peaks:,     5
  14,      1.734,        655,        251,       2.85
  16,      2.297,        123,        220,       1.42
  17,      2.609,        -97,        299,       2.01
  19,      3.292,         15,        208,       1.52
  20,      3.665,        129,        374,       3.42
