Acquisition date and time: 00-00-   0 (00:00:00)
Live Time:,        0
Real Time:,        0
 
Photopeaks:,    15
  11,      1.041,        192,         67,       1.40
  12,      1.254,        140,         67,       1.00
  13,      1.487,       1515,         85,       1.64
  14,      1.740,       5686,        141,       2.29
  15,      2.013,        -40,         75,       1.89
  16,      2.307,       8846,        163,       1.67
  17,      2.622,      28933,        262,       3.13
  19,      3.313,      79229,        349,       3.81
  20,      3.691,      28335,        264,       2.34
  22,      4.509,       2121,        157,       1.21
  23,      4.950,        199,        142,       1.28
  24,      5.412,       1464,        158,       1.20
  25,      5.895,       1293,        186,       1.27
  45,      2.696,        515,        125,       2.09
  56,      4.464,        714,        201,       1.20
Incoherent scattering peaks:,     5
  14,      1.734,       -682,        184,       2.29
  16,      2.297,        153,        212,       1.70
  17,      2.609,        741,        325,       3.06
  19,      3.292,        272,        274,       3.82
  20,      3.665,      -2757,        317,       2.54
