Acquisition date and time: 00-00-   0 (00:00:00)
Live Time:,        0
Real Time:,        0
 
Photopeaks:,    22
  11,      1.041,        255,         77,       2.49
  12,      1.254,       1909,        104,       2.36
  13,      1.487,      58185,        274,      11.38
  14,      1.740,     364448,        621,      50.14
  16,      2.307,      20869,        187,       3.95
  17,      2.622,      34372,        250,       9.81
  19,      3.313,     313495,        581,      30.40
  20,      3.691,     548753,        739,      21.28
  22,      4.509,     144437,        409,       5.44
  23,      4.950,       3228,        246,       2.37
  24,      5.412,       3521,        193,       2.02
  25,      5.895,      41764,        300,       2.33
  26,      6.399,    2485246,       1579,      55.35
  28,      7.472,       1113,        349,       3.61
  29,      8.041,       7020,        379,       2.05
  30,      8.631,      41429,        397,       1.75
  35,     11.908,       4752,        340,       1.11
  37,     13.375,       5777,        320,       2.93
  38,     14.142,      12127,        327,       2.32
  40,     15.746,       6929,        311,       1.53
  45,      2.696,       -696,        150,       5.14
  82,     10.542,       4678,        341,       2.12
Incoherent scattering peaks:,     3
  26,      6.320,      26594,        707,      44.31
  26,      6.963,      15698,        500,      55.76
  29,      7.917,       2070,        389,       1.96
