Acquisition date and time: 00-00-   0 (00:00:00)
Live Time:,        0
Real Time:,        0
 
Photopeaks:,    22
  11,      1.041,        216,         89,       2.89
  12,      1.254,       2432,        117,       4.37
  13,      1.487,      58733,        282,       6.60
  14,      1.740,     381492,        638,      44.73
  16,      2.307,      40983,        245,       4.33
  17,      2.622,      93367,        377,       8.68
  19,      3.313,     341407,        604,      23.29
  20,      3.691,     457103,        684,      19.23
  22,      4.509,     119354,        381,       3.96
  23,      4.950,       1981,        239,       2.04
  24,      5.412,       3417,        195,       1.89
  25,      5.895,      35276,        294,       2.38
  26,      6.399,    1959214,       1425,      42.43
  28,      7.472,        957,        373,       2.10
  29,      8.041,       7918,        404,       1.81
  30,      8.631,      23521,        398,       1.07
  35,     11.908,       8060,        364,       1.13
  37,     13.375,       4942,        349,       2.60
  38,     14.142,      10344,        346,       1.51
  40,     15.746,       6377,        327,       1.43
  45,      2.696,       -883,        187,       5.48
  82,     10.542,       4921,        361,       1.98
Incoherent scattering peaks:,     3
  26,      6.320,      22297,        701,      34.30
  26,      6.963,      12020,        497,      36.44
  29,      7.917,       2946,        419,       1.51
