Acquisition date and time: 00-00-   0 (00:00:00)
Live Time:,        0
Real Time:,        0
 
Photopeaks:,    22
  11,      1.041,         28,         62,       1.41
  12,      1.254,        157,         64,       1.32
  13,      1.487,       1172,         77,       1.68
  14,      1.740,       6958,        111,       2.74
  16,      2.307,       5031,        101,       1.12
  17,      2.622,       5364,        121,       2.26
  19,      3.313,      88175,        308,       4.67
  20,      3.691,      60169,        269,       2.61
  22,      4.509,       3526,        126,       1.30
  23,      4.950,        335,        144,       1.71
  24,      5.412,       1883,        158,       1.08
  25,      5.895,       2242,        190,       1.60
  26,      6.399,      42826,        373,       3.85
  28,      7.472,       2169,        371,       2.35
  29,      8.041,       7223,        412,       1.80
  30,      8.631,       6069,        380,       1.63
  35,     11.908,       2081,        375,       2.13
  37,     13.375,       1378,        366,       1.51
  38,     14.142,       1513,        355,       1.34
  40,     15.746,        109,        340,       0.93
  45,      2.696,        339,         87,       1.85
  82,     10.542,        906,        366,       1.61
Incoherent scattering peaks:,     3
  26,      6.320,       5180,        443,       3.04
  26,      6.963,       7903,        336,       1.31
  29,      7.917,       8333,        432,       1.73
