Acquisition date and time: 00-00-   0 (00:00:00)
Live Time:,        0
Real Time:,        0
 
Photopeaks:,    22
  11,      1.041,        250,         99,       1.74
  12,      1.254,        640,        105,       2.46
  13,      1.487,       6418,        140,       3.29
  14,      1.740,      24068,        197,       6.14
  16,      2.307,      20212,        188,       2.55
  17,      2.622,      55394,        306,       5.41
  19,      3.313,     239250,        505,      12.18
  20,      3.691,     135496,        410,       7.04
  22,      4.509,      15076,        212,       3.18
  23,      4.950,        560,        227,       1.47
  24,      5.412,       1629,        241,       1.60
  25,      5.895,       4978,        296,       2.21
  26,      6.399,     165302,        650,       7.66
  28,      7.472,       4617,        582,       2.52
  29,      8.041,       8284,        636,       3.57
  30,      8.631,      12784,        599,       1.78
  35,     11.908,      11301,        602,       2.31
  37,     13.375,       3379,        583,       2.00
  38,     14.142,       4375,        567,       2.82
  40,     15.746,        649,        540,       1.56
  45,      2.696,        723,        169,       4.10
  82,     10.542,       3864,        583,       2.28
Incoherent scattering peaks:,     3
  26,      6.320,      12749,        716,       7.63
  26,      6.963,      22445,        536,       3.18
  29,      7.917,      19450,        674,       3.30
