Acquisition date and time: 00-00-   0 (00:00:00)
Live Time:,        0
Real Time:,        0
 
Photopeaks:,    22
  11,      1.041,       1937,        109,       2.92
  12,      1.254,        929,        110,       4.22
  13,      1.487,      21622,        201,       5.38
  14,      1.740,     110735,        367,      16.41
  16,      2.307,      55494,        288,       6.74
  17,      2.622,     342280,        672,      18.05
  19,      3.313,     330769,        596,      19.54
  20,      3.691,     413888,        655,      14.84
  22,      4.509,      60261,        290,       4.00
  23,      4.950,       1085,        213,       2.68
  24,      5.412,       2893,        196,       1.32
  25,      5.895,      15450,        261,       1.64
  26,      6.399,     928685,       1044,      23.00
  28,      7.472,       1008,        430,       2.66
  29,      8.041,      11219,        479,       1.76
  30,      8.631,      43053,        479,       1.85
  35,     11.908,      18765,        443,       1.96
  37,     13.375,       3346,        413,       1.14
  38,     14.142,       7734,        404,       1.82
  40,     15.746,       3739,        382,       1.83
  45,      2.696,        695,        273,      12.76
  82,     10.542,       6204,        421,       1.87
Incoherent scattering peaks:,     3
  26,      6.320,      11851,        660,      19.29
  26,      6.963,      11625,        490,      10.98
  29,      7.917,       5372,        491,       2.18
