Acquisition date and time: 00-00-   0 (00:00:00)
Live Time:,        0
Real Time:,        0
 
Photopeaks:,    22
  11,      1.041,        269,         68,       1.02
  12,      1.254,        234,         68,       1.71
  13,      1.487,       2097,         87,       0.93
  14,      1.740,       8548,        122,       2.57
  16,      2.307,       9746,        130,       1.55
  17,      2.622,      67475,        312,       4.97
  19,      3.313,      73226,        284,       4.69
  20,      3.691,      54381,        257,       3.59
  22,      4.509,       4930,        133,       1.71
  23,      4.950,        213,        149,       1.54
  24,      5.412,       1562,        161,       1.40
  25,      5.895,       1330,        191,       1.50
  26,      6.399,      77588,        428,       3.42
  28,      7.472,       2113,        379,       3.64
  29,      8.041,       8421,        422,       2.15
  30,      8.631,      22585,        414,       1.34
  35,     11.908,       4347,        387,       1.87
  37,     13.375,       1236,        372,       1.19
  38,     14.142,       1718,        361,       1.34
  40,     15.746,        687,        345,       1.31
  45,      2.696,        716,        143,       3.74
  82,     10.542,       1498,        376,       1.16
Incoherent scattering peaks:,     3
  26,      6.320,       5273,        464,       3.54
  26,      6.963,       8739,        352,       1.81
  29,      7.917,       8374,        442,       2.23
