Acquisition date and time: 00-00-   0 (00:00:00)
Live Time:,        0
Real Time:,        0
 
Photopeaks:,    22
  11,      1.041,        267,         89,       1.60
  12,      1.254,        127,         90,       0.75
  13,      1.487,       2622,        112,       2.09
  14,      1.740,       8597,        137,       2.64
  16,      2.307,      13926,        161,       2.82
  17,      2.622,      76115,        346,       7.83
  19,      3.313,     152007,        402,       7.74
  20,      3.691,      37023,        244,       3.75
  22,      4.509,       5390,        172,       1.26
  23,      4.950,       1021,        205,       1.71
  24,      5.412,       1487,        220,       1.31
  25,      5.895,       1747,        260,       1.69
  26,      6.399,      68982,        512,       3.99
  28,      7.472,       4959,        522,       2.71
  29,      8.041,       7080,        583,       1.87
  30,      8.631,      10037,        536,       1.90
  35,     11.908,      15717,        548,       3.01
  37,     13.375,       3161,        520,       1.22
  38,     14.142,       1632,        512,       2.02
  40,     15.746,        583,        489,       1.98
  45,      2.696,       1080,        172,       4.53
  82,     10.542,       3363,        528,       2.58
Incoherent scattering peaks:,     3
  26,      6.320,       9635,        619,       3.63
  26,      6.963,      17062,        468,       2.67
  29,      7.917,      15067,        606,       1.51
