Acquisition date and time: 00-00-   0 (00:00:00)
Live Time:,        0
Real Time:,        0
 
Photopeaks:,    22
  11,      1.041,         38,         70,       1.45
  12,      1.254,        929,         89,       2.49
  13,      1.487,      27245,        200,       7.60
  14,      1.740,     123222,        372,      23.62
  16,      2.307,      11054,        150,       3.67
  17,      2.622,      24042,        214,       2.93
  19,      3.313,     183972,        453,       9.52
  20,      3.691,     414819,        643,      12.33
  22,      4.509,      80774,        317,       2.54
  23,      4.950,       1561,        210,       1.04
  24,      5.412,       1958,        179,       0.88
  25,      5.895,      13660,        239,       2.38
  26,      6.399,     805855,        965,      17.35
  28,      7.472,       2027,        388,       1.31
  29,      8.041,       6931,        420,       1.44
  30,      8.631,      15348,        400,       1.48
  35,     11.908,       2374,        375,       2.15
  37,     13.375,       3929,        368,       1.77
  38,     14.142,       5737,        359,       2.01
  40,     15.746,       5869,        348,       1.04
  45,      2.696,       -103,        129,       1.69
  82,     10.542,       1146,        371,       1.46
Incoherent scattering peaks:,     3
  26,      6.320,      10280,        597,      13.77
  26,      6.963,       9347,        443,      11.16
  29,      7.917,       3825,        436,       1.86
