Acquisition date and time: 00-00-   0 (00:00:00)
Live Time:,        0
Real Time:,        0
 
Photopeaks:,    22
  11,      1.041,        103,         84,       1.33
  12,      1.254,        259,         86,       1.09
  13,      1.487,        867,         92,       1.06
  14,      1.740,       3392,        108,       1.81
  16,      2.307,       6807,        124,       2.03
  17,      2.622,      11942,        169,       2.04
  19,      3.313,      56326,        260,       2.87
  20,      3.691,      32361,        224,       3.04
  22,      4.509,       2066,        161,       2.32
  23,      4.950,        464,        201,       1.53
  24,      5.412,       2118,        222,       2.64
  25,      5.895,       1855,        261,       2.69
  26,      6.399,      29081,        442,       4.18
  28,      7.472,       4346,        526,       4.67
  29,      8.041,       6716,        589,       3.19
  30,      8.631,       6957,        535,       1.76
  35,     11.908,       3546,        531,       1.85
  37,     13.375,       2086,        516,       2.35
  38,     14.142,       2061,        512,       1.98
  40,     15.746,        429,        488,       1.62
  45,      2.696,        818,        114,       1.40
  82,     10.542,       2058,        526,       2.15
Incoherent scattering peaks:,     3
  26,      6.320,       9045,        590,       3.89
  26,      6.963,      18890,        465,       2.68
  29,      7.917,      17713,        616,       2.38
