Acquisition date and time: 00-00-   0 (00:00:00)
Live Time:,        0
Real Time:,        0
 
Photopeaks:,    22
  11,      1.041,        485,         88,       1.68
  12,      1.254,        463,         89,       1.66
  13,      1.487,       4368,        115,       1.54
  14,      1.740,      19252,        173,       2.58
  16,      2.307,      14407,        160,       2.59
  17,      2.622,      84422,        353,       6.99
  19,      3.313,      98278,        332,       5.79
  20,      3.691,      94249,        334,       4.20
  22,      4.509,       8973,        172,       1.71
  23,      4.950,        754,        191,       1.33
  24,      5.412,       1238,        201,       1.78
  25,      5.895,       2740,        244,       2.77
  26,      6.399,     146498,        574,       4.92
  28,      7.472,       4219,        482,       2.79
  29,      8.041,      11165,        531,       1.51
  30,      8.631,      11326,        495,       2.10
  35,     11.908,       9401,        494,       1.96
  37,     13.375,       1168,        474,       1.32
  38,     14.142,       2959,        461,       1.11
  40,     15.746,        787,        436,       1.48
  45,      2.696,        797,        166,       4.31
  82,     10.542,       3006,        476,       1.43
Incoherent scattering peaks:,     3
  26,      6.320,       8597,        606,       5.77
  26,      6.963,      13891,        448,       2.04
  29,      7.917,      12057,        557,       1.24
