Acquisition date and time: 00-00-   0 (00:00:00)
Live Time:,        0
Real Time:,        0
 
Photopeaks:,    22
  11,      1.041,        247,         77,       1.07
  12,      1.254,        380,         79,       1.91
  13,      1.487,       2027,         96,       1.23
  14,      1.740,       8748,        129,       2.23
  16,      2.307,       7379,        127,       2.08
  17,      2.622,      54461,        291,       4.20
  19,      3.313,      65493,        276,       3.97
  20,      3.691,      66814,        286,       3.49
  22,      4.509,       5118,        155,       1.84
  23,      4.950,        239,        176,       1.32
  24,      5.412,       1347,        191,       1.77
  25,      5.895,       2334,        228,       1.70
  26,      6.399,      47491,        425,       3.27
  28,      7.472,       3013,        448,       3.01
  29,      8.041,       6442,        501,       1.76
  30,      8.631,       3906,        453,       1.42
  35,     11.908,      12138,        463,       2.32
  37,     13.375,       2432,        439,       1.91
  38,     14.142,       1754,        433,       2.01
  40,     15.746,        682,        409,       1.21
  45,      2.696,       1077,        143,       3.90
  82,     10.542,       1027,        442,       1.41
Incoherent scattering peaks:,     3
  26,      6.320,       7243,        524,       3.51
  26,      6.963,      12824,        403,       2.13
  29,      7.917,      11455,        519,       1.75
