Acquisition date and time: 00-00-   0 (00:00:00)
Live Time:,        0
Real Time:,        0
 
Photopeaks:,    22
  11,      1.041,        418,         88,       0.69
  12,      1.254,        532,         90,       2.41
  13,      1.487,       7324,        136,       3.31
  14,      1.740,      29487,        206,       4.11
  16,      2.307,      25165,        203,       2.41
  17,      2.622,     156026,        471,      14.65
  19,      3.313,     279358,        539,      13.13
  20,      3.691,     135500,        403,       7.29
  22,      4.509,      15204,        190,       1.40
  23,      4.950,       9455,        219,       1.60
  24,      5.412,       1698,        201,       1.44
  25,      5.895,       4193,        240,       2.57
  26,      6.399,     235027,        645,       6.50
  28,      7.472,      21739,        487,       2.39
  29,      8.041,       6991,        513,       2.29
  30,      8.631,       8308,        469,       1.94
  35,     11.908,       6047,        462,       2.12
  37,     13.375,       3814,        450,       1.55
  38,     14.142,       3094,        439,       1.68
  40,     15.746,        586,        412,       1.16
  45,      2.696,        998,        211,       7.67
  82,     10.542,       2016,        450,       1.67
Incoherent scattering peaks:,     3
  26,      6.320,       6289,        601,       6.57
  26,      6.963,       8870,        446,       3.95
  29,      7.917,       8113,        528,       2.33
