Acquisition date and time: 00-00-   0 (00:00:00)
Live Time:,        0
Real Time:,        0
 
Photopeaks:,    22
  11,      1.041,        322,         82,       2.61
  12,      1.254,       2280,        107,       3.78
  13,      1.487,      54175,        265,       4.92
  14,      1.740,     348491,        607,      38.37
  16,      2.307,      33436,        220,       4.38
  17,      2.622,      69927,        326,       8.06
  19,      3.313,     218442,        489,      20.90
  20,      3.691,     433192,        657,      19.39
  22,      4.509,     110842,        364,       3.80
  23,      4.950,       1483,        226,       1.19
  24,      5.412,       2808,        187,       1.73
  25,      5.895,      32469,        280,       2.23
  26,      6.399,    1832173,       1373,      38.58
  28,      7.472,       1173,        361,       2.78
  29,      8.041,       7276,        389,       0.87
  30,      8.631,      14519,        368,       1.55
  35,     11.908,      11146,        359,       1.14
  37,     13.375,       4344,        330,       1.45
  38,     14.142,      10047,        334,       2.27
  40,     15.746,       5952,        317,       1.23
  45,      2.696,       -367,        162,       3.46
  82,     10.542,       3715,        349,       1.41
Incoherent scattering peaks:,     3
  26,      6.320,      19739,        663,      28.98
  26,      6.963,      11274,        478,      37.64
  29,      7.917,       2548,        402,       1.48
