Acquisition date and time: 00-00-   0 (00:00:00)
Live Time:,        0
Real Time:,        0
 
Photopeaks:,    22
  11,      1.041,        159,         85,       3.21
  12,      1.254,       1688,        107,       2.72
  13,      1.487,      53128,        265,       6.99
  14,      1.740,     316287,        582,      40.30
  16,      2.307,      34145,        226,       2.34
  17,      2.622,      98269,        376,       8.71
  19,      3.313,     202180,        475,      17.53
  20,      3.691,     508879,        708,      20.43
  22,      4.509,     129945,        392,       3.87
  23,      4.950,       2110,        241,       2.75
  24,      5.412,       3724,        198,       2.26
  25,      5.895,      31721,        286,       2.59
  26,      6.399,    2147247,       1482,      43.31
  28,      7.472,       1354,        372,       2.76
  29,      8.041,       9150,        408,       1.76
  30,      8.631,      24832,        399,       1.69
  35,     11.908,      13649,        378,       1.86
  37,     13.375,       4460,        349,       1.86
  38,     14.142,       9689,        348,       2.05
  40,     15.746,       6860,        332,       1.08
  45,      2.696,       -221,        178,       4.61
  82,     10.542,       4710,        364,       1.51
Incoherent scattering peaks:,     3
  26,      6.320,      23093,        704,      34.09
  26,      6.963,      14860,        507,      39.46
  29,      7.917,       3762,        421,       2.36
