Acquisition date and time: 00-00-   0 (00:00:00)
Live Time:,        0
Real Time:,        0
 
Photopeaks:,    22
  11,      1.041,        120,         64,       1.21
  12,      1.254,        196,         66,       1.38
  13,      1.487,        494,         69,       1.45
  14,      1.740,       1220,         74,       0.92
  16,      2.307,       1610,         76,       1.15
  17,      2.622,        112,         75,       1.35
  19,      3.313,       2701,         91,       2.17
  20,      3.691,       4394,        109,       2.23
  22,      4.509,        500,        121,       1.34
  23,      4.950,        427,        159,       1.87
  24,      5.412,       1921,        174,       0.88
  25,      5.895,        727,        200,       1.17
  26,      6.399,       8403,        319,       2.28
  28,      7.472,       2714,        413,       2.10
  29,      8.041,       6096,        462,       2.43
  30,      8.631,       3443,        405,       1.97
  35,     11.908,       1512,        409,       1.83
  37,     13.375,       1394,        397,       1.77
  38,     14.142,       1381,        387,       1.80
  40,     15.746,        679,        369,       0.81
  45,      2.696,        659,         69,       1.60
  82,     10.542,       1170,        403,       1.80
Incoherent scattering peaks:,     3
  26,      6.320,       5593,        443,       2.79
  26,      6.963,      10955,        352,       2.92
  29,      7.917,      10818,        486,       1.93
