$Informacoes da Fluorescencia de Raios-X:
"Sample    : AFR-166",                                                                    
"Operator  : thiago",                                                                     
"Comment  : ",                                                                            
"Group     : thiago_acra2010ma",                                                          
"Date       : 2010-11-07 22:54:08",                                                       
"",                                                                                       
"Mesurement Condition",                                                                   
"------------------------------------------------------------------------------------",   
"Instrument : 700HS2   Atmosphere : Vac.   Collimator : 10(mm)   Spin : No",              
"------------------------------------------------------------------------------------",   
"Analyte               TG kV   uA      FI Acq.(keV)  Anal.(keV)  Time(sec)     DT(%)",    
"------------------------------------------------------------------------------------",   
"Na                    Rh 50 1000-Auto Al  0 - 20    0.8 - 1.2   Live -  960    8",       
"Channel_info_start",                                                                     
"Channel : Na",                                                                           
"Points : 2048
"Range : 0.000000 - 20.480000",                                                           
"Step : 0.010000",                                                                        
"Channel_info_end",                                                                       
$DATA:
       0    2047
       0       0       0       0       0       0       0       0       0    2048
       0       0       0       0       0       0       0       0       0       0
       0       0       0       0       0       0       0       0       0       0
       0       0       0       0       0       0       1       0       2       6
      53     119     105     123     113     110     102     137     104     134
     109     127     111     126     108     117     116     113     131     136
     133     148     140     128     160     142     161     171     164     149
     153     198     153     198     186     204     222     208     213     187
     181     201     159     191     149     163     136     135     130     129
     113     123     137     142     131     131     148     150     139     180
     176     152     150     142     114     137     127     142     132     140
     142     147     137     160     133     161     187     152     142     155
     136     125     107     134      99     119     119     126     120     164
     142     172     197     191     189     215     188     233     187     197
     189     168     167     156     161     160     124     151     183     183
     222     247     317     412     434     581     680     734     800     860
     842     845     773     757     610     562     492     437     366     383
     305     311     269     346     356     491     606     843    1048    1378
    1640    2037    2192    2423    2578    2749    2428    2380    1973    1825
    1470    1202     938     774     581     491     326     327     277     294
     233     256     225     248     225     253     259     285     269     350
     330     266     261     286     262     234     243     245     185     225
     200     196     193     163     179     167     193     225     239     222
     315     358     422     549     695     987    1069    1261    1468    1622
    1790    1899    1812    1780    1661    1558    1274    1123     947     791
     600     543     430     339     329     291     301     298     303     382
     403     468     536     674     841    1231    1423    1861    2143    2520
    2706    3129    3071    3296    3081    3133    2589    2445    2079    1771
    1398    1152     822     677     560     472     457     448     416     471
     464     471     432     458     415     416     393     386     359     315
     268     257     237     235     212     205     189     170     191     161
     195     197     178     175     172     213     193     210     218     225
     207     247     214     228     236     275     321     439     485     708
     882    1303    1676    2281    2962    3981    4592    5671    6318    7444
    7541    8106    8263    8382    7636    7545    6236    5848    4626    3867
    2982    2342    1644    1383     908     719     511     481     414     487
     453     539     641     821     955    1163    1353    1759    2018    2651
    3017    3940    4298    5420    6214    7059    7591    8658    8675    9252
    8708    8861    8090    7675    6579    5764    4897    4095    3123    2415
    1936    1383     948     778     475     379     304     301     296     315
     318     364     429     565     594     788     881     985    1042    1197
    1135    1162    1255    1260    1223    1062     967     912     832     713
     601     500     438     395     313     322     257     237     222     209
     227     205     194     242     195     197     186     220     208     223
     199     220     208     226     227     263     244     281     337     340
     395     478     532     713     776     954    1003    1165    1269    1291
    1347    1381    1318    1327    1233    1222    1089    1030     824     763
     650     620     478     500     416     402     394     328     377     400
     331     349     336     342     323     350     307     362     365     379
     388     387     362     451     381     473     457     475     478     547
     502     571     537     593     533     518     564     510     489     491
     449     446     426     439     418     402     326     394     351     387
     349     407     343     372     374     380     365     371     388     395
     372     407     365     385     440     391     395     433     435     419
     422     448     461     468     469     517     521     538     524     521
     521     564     508     590     555     553     537     521     546     570
     517     536     475     522     533     498     524     597     477     516
     485     538     509     522     546     505     524     496     508     533
     563     554     591     534     550     607     608     615     629     680
     622     683     751     781     773     789     811     796     870     906
     889     916     815     857     847     831     771     788     732     767
     721     712     688     718     668     732     640     709     662     677
     639     727     707     665     676     748     695     804     727     796
     856     992    1049    1298    1497    1780    2061    2539    3132    3898
    4399    5587    6302    7421    7955    9169    9936   10746   10476   12133
   11176   11461   10541   10562    9634    9229    7766    7065    6062    5256
    4363    3664    3048    2625    2108    1830    1420    1323    1096    1019
     994     960     890     825     899     817     826     859     787     912
     813     909     857     925     798     898     895     923     837     801
     867     923     816     910     922     916     897    1004     956    1056
    1040    1095    1172    1291    1210    1472    1445    1691    1701    1811
    1867    2029    2039    2232    2321    2404    2134    2184    2183    2099
    1874    1899    1749    1629    1570    1417    1324    1262    1122    1150
    1006     987     944     983     924     943     800     929     870     936
     873     934     894     900     880     933     961     975     900     880
     861     920     887     922     937     994     972     984     962     999
     973     969     940     949     914     945     881     924     873     946
     874     927     900     885     888     880     899     895     918     934
     878     892     930     940     835     900     900     942     903     923
     950     900     878     909     889     956     933     953    1008     998
     986    1014     993    1056    1084    1058    1129    1173    1152    1199
    1225    1240    1260    1270    1158    1292    1111    1216    1137    1174
    1083    1155    1064    1049    1023     973     910     912     916     911
     849     860     861     850     865     807     830     863     809     895
     773     840     823     820     814     874     806     811     768     796
     788     859     780     802     817     859     826     909     841     931
     876     910     928     913     945    1090    1039    1028    1055    1136
    1170    1241    1216    1103    1142    1126    1120    1137    1087    1119
    1000    1000     978     949     901     910     856     881     840     848
     839     885     768     798     779     850     806     765     822     841
     817     828     747     808     812     803     807     819     849     776
     778     836     758     821     739     798     789     745     768     786
     720     763     751     746     729     774     745     813     699     777
     753     802     788     813     733     755     761     803     759     828
     748     770     716     732     763     759     783     791     784     743
     739     740     724     731     794     797     786     805     759     790
     756     803     772     785     786     804     800     817     777     790
     771     819     743     830     753     816     727     845     805     762
     740     769     781     773     703     727     708     759     724     755
     766     711     690     771     691     743     728     710     713     720
     717     733     741     775     747     761     743     823     752     761
     731     791     704     758     739     752     700     738     732     757
     727     749     720     741     752     710     718     744     753     731
     748     749     736     794     760     757     708     695     752     763
     746     737     702     771     749     817     725     783     682     772
     692     800     707     772     742     805     770     741     787     785
     757     778     801     788     720     838     788     764     750     756
     802     789     743     802     741     831     778     730     755     829
     777     802     731     795     709     732     781     707     704     827
     714     741     702     827     689     793     743     809     789     776
     745     736     769     700     710     743     742     745     721     738
     736     781     734     782     761     723     720     794     804     764
     732     777     765     803     747     757     767     749     682     783
     793     758     737     725     751     718     737     804     750     806
     750     731     782     805     766     736     785     763     700     717
     795     756     754     727     746     677     728     723     685     784
     736     797     725     772     725     775     743     836     766     786
     726     723     680     719     763     773     718     726     737     733
     771     781     735     787     712     746     776     764     709     783
     753     812     760     782     783     803     769     808     773     820
     779     768     757     811     744     825     775     754     755     762
     707     711     712     731     727     746     667     690     728     701
     703     696     727     711     698     791     743     712     640     701
     709     719     631     739     643     732     710     669     676     624
     620     752     728     654     653     700     710     723     649     678
     762     676     691     678     690     695     645     631     669     737
     698     669     686     686     667     733     693     707     663     669
     732     699     709     735     705     661     667     722     654     688
     620     641     711     672     635     668     677     685     648     689
     641     644     650     661     668     663     708     685     686     674
     615     655     657     682     658     672     646     657     648     687
     618     683     623     667     692     678     604     656     675     671
     621     653     648     666     632     643     659     709     637     653
     663     714     689     700     692     685     635     755     640     711
     698     722     715     746     716     651     713     716     773     680
     758     699     706     708     679     667     634     662     663     687
     630     680     687     658     586     685     642     637     594     645
     604     676     584     603     602     632     606     584     679     628
     550     591     657     633     584     588     650     645     592     613
     616     615     609     631     612     635     587     569     620     608
     606     594     647     611     598     610     669     640     606     610
     616     602     636     622     608     653     646     660     690     722
     665     682     687     712     668     612     671     655     665     674
     669     667     655     654     652     630     614     625     625     675
     596     564     554     595     509     644     535     606     552     590
     572     575     581     566     584     626     520     552     520     579
     531     557     567     592     560     540     603     562     517     580
     559     567     556     558     594     564     533     566     538     569
     560     576     598     611     555     549     533     554     521     511
     561     533     508     576     550     590     562     587     536     597
     563     612     579     560     558     581     597     539     565     562
     558     567     543     522     586     533     501     542     554     602
     539     545     521     595     539     546     520     555     543     534
     526     522     478     584     529     525     484     539     549     566
     471     489     527     521     558     512     564     537     523     536
     543     537     474     519     511     487     521     539     533     541
     536     536     536     549     493     504     503     504     497     538
     543     575     502     554     538     554     531     549     534     523
     558     572     542     574     536     563     560     578     540     534
     551     540     507     533     537     520     486     537     537     514
     523     506     510     530     497     523     548     514     520     513
     494     491     514     464     478     537     488     494     499     519
     490     458     491     510     453     469     518     488     505     487
     508     549     472     499     512     488     484     457     462     531
     471     521     504     538     458     484     508     469     490     470
     503     489     497     471     492     515     496     471     498     478
     514     486     453     483     481     465     462     482     482     485
     508     474     425     464     481     535     452     507     487     518
     467     481     490     465     459     445     488     505     474     527
     436     492     445     501     482     476     495     494     466     457
     443     505     468     487     481     495     472     465     447     501
     511     480     470     465     518     458     436     479     494     465
     497     494     469     517     428     482     503     466     507     460
     486     475     455     448     448     478     463     426     482     474
     501     477     457     494     471     455     452     473     475     484
     523     507     452     492     529     497     487     501     486     478
     423     462     513     509     460     490     493     480     486     468
     534     509     472     498     464     448     491     474     489     524
     489     474     540     518     501     488     512     502     487     538
     465     462     520     456     526     544     472     502     567     485
     516     525     563     505     441     521     529     544     491     546
     496     481     511     519     505     546     515     499     527     545
     527     532     559     527     554     551     577     539     548     577
     548     580     555     591     588     594     559     587     584     632
     598     613     635     612     588     621     627     658     603     654
     658     670     606     687     681     713     651     667     665     735
     732     730     715     753     742     778     853     868     784     843
     844     897     896     880     953     987    1020    1033    1076    1115
    1041    1159    1167    1278    1250    1368    1333    1443    1396    1403
    1489    1582    1524    1637    1718    1804    1748    1828    1968    2003
    2081    2087    2140    2232    2253    2311    2417    2535    2423    2544
    2784    2678    2644    2767    2908    2935    2775    2885    3026    3069
    2987    3011    3233    3152    3058    3028    3095    3121    3053    2928
    3334    3191    3072    3055    3164    3062    2904    2845    2864    2838
    2650    2699    2644    2664    2479    2545    2481    2525    2290    2227
    2165    2179    2062    2010    1981    1903    1734    1743    1712    1684
    1511    1442    1574    1455    1312    1312    1275    1265    1164    1064
    1145    1036     993     947     971     970     874     832     863     817
     764     844     841     820     708     710     789     738     764     823
     766     817     824     831     973     925     910     929     991    1083
    1060    1163    1129    1321    1255    1309    1328    1410    1370    1498
    1544    1559    1558    1563    1639    1574    1548    1631    1646    1552
    1481    1505    1465    1458    1344    1276    1374    1230    1154    1069
    1048    1009     934     821     848     778     764     654     643     628
     615     572     588     572     479     482     461     447     437     430
     473     458     433     403     452     438     412  226826
