$Informacoes da Fluorescencia de Raios-X:
"Sample    : AFR233",                                                                     
"Operator  : Americo",                                                                    
"Comment  : Ghana-Harvard",                                                               
"Group     : thiago_acra2010ma",                                                          
"Date       : 2010-11-08 18:44:17",                                                       
"",                                                                                       
"Mesurement Condition",                                                                   
"------------------------------------------------------------------------------------",   
"Instrument : 700HS2   Atmosphere : Vac.   Collimator : 10(mm)   Spin : No",              
"------------------------------------------------------------------------------------",   
"Analyte               TG kV   uA      FI Acq.(keV)  Anal.(keV)  Time(sec)     DT(%)",    
"------------------------------------------------------------------------------------",   
"Na                    Rh 50  615-Auto Al  0 - 20    0.8 - 1.2   Live -  959   21",       
"Channel_info_start",                                                                     
"Channel : Na",                                                                           
"Points : 2048
"Range : 0.000000 - 20.480000",                                                           
"Step : 0.010000",                                                                        
"Channel_info_end",                                                                       
$DATA:
       0    2047
       0       0       0       0       0       0       0       0       0    2048
       0       0       0       0       0       0       0       0       0       0
       0       0       0       0       0       0       0       0       0       0
       0       0       0       0       0       0       1       1       3      11
      96     211     222     222     210     188     201     228     182     218
     212     209     187     214     192     214     202     230     205     226
     202     227     223     209     250     262     239     255     228     272
     258     251     248     254     248     277     252     248     290     300
     246     297     252     208     247     238     201     238     200     221
     231     255     255     237     226     267     294     306     311     356
     292     280     266     233     235     264     215     195     210     222
     221     245     242     290     243     291     257     251     289     255
     216     221     242     212     199     255     232     225     214     294
     303     307     306     377     400     459     477     512     386     416
     383     376     318     382     347     347     347     421     458     603
     822    1075    1507    2039    2496    3219    3598    4221    4386    4594
    4505    4420    3779    3532    2874    2587    1910    1679    1292    1158
     998    1046    1176    1464    2101    3346    4570    6724    8906   12169
   14711   18168   20232   22820   22583   24276   21162   20868   16910   15109
   11787    9471    6652    5243    3664    2763    1957    1601    1194    1064
     863     849     805     825     766     766     796     759     704     727
     693     700     586     606     549     523     450     399     410     399
     338     341     314     343     346     336     365     390     394     470
     539     602     737    1002    1159    1475    1705    2134    2255    2677
    2717    2939    2788    2768    2419    2320    1875    1653    1396    1141
     894     774     663     638     563     603     538     576     577     705
     693     912    1153    1541    1870    2726    3286    4184    4791    5678
    6399    7239    7081    7434    7053    6978    5821    5408    4355    3796
    2852    2371    1621    1453    1017     910     924     870     840     984
     952    1033    1004    1081     910     987     827     766     657     621
     541     502     425     424     383     399     330     376     343     410
     328     386     355     392     370     415     365     420     415     438
     403     474     467     579     579     645     659     814     976    1432
    1675    2482    3035    4323    5510    7163    8325   10389   11514   13841
   13806   15158   15104   14899   13484   13317   10853    9998    7767    6665
    5075    4088    2733    2215    1615    1255    1017     902     905     926
    1026    1219    1496    1950    2241    2999    3716    4876    6003    7853
   10040   12918   15248   19156   22278   26708   28352   32955   33058   35476
   33206   32976   30786   28446   24299   21449   17290   14186   10409    8129
    6060    4371    3007    2118    1478    1115     836     778     768     866
    1026    1303    1453    1827    2157    2659    2980    3448    3726    4194
    4284    4622    4386    4461    4196    3792    3408    3085    2583    2320
    1768    1431    1227     912     745     596     533     481     392     381
     309     348     354     347     321     361     310     379     401     360
     375     426     407     461     504     616     725     921    1105    1466
    1850    2401    2745    3670    4323    5152    5724    6808    7201    7958
    7708    8003    7856    7875    6891    6602    5784    5219    4251    3849
    3213    2680    2130    1759    1459    1284    1143    1055     992     937
     851     828     750     765     678     714     751     762     778     799
     871     998     930    1112    1124    1231    1293    1441    1524    1716
    1723    1710    1777    1783    1683    1710    1666    1609    1474    1393
    1293    1163    1046     957     883     851     756     741     727     767
     667     708     659     675     618     690     710     700     631     690
     799     729     755     766     728     840     788     833     752     881
     806     836     805     899     868     895     951     993     988    1036
    1085    1044     975    1007     993    1079     986     971     981     956
     931     986     872     945     815     860     911     878     865     899
     817     856     884     938     856     872     815     872     928     966
     959     910     970    1006     978    1131    1047    1289    1298    1506
    1563    1758    1833    2040    2119    2453    2402    2585    2719    2785
    2644    2831    2622    2567    2340    2229    2158    2018    1842    1734
    1539    1533    1457    1363    1319    1285    1283    1290    1346    1380
    1316    1383    1382    1478    1445    1609    1708    1984    2048    2480
    3109    4043    4873    6901    9220   12421   15454   20851   26769   34418
   40639   50294   59897   71296   77269   89096   97114  105590  105429  117500
  109194  111411  101304   99761   89782   83429   70027   63426   52286   44690
   34582   28631   22553   17647   12884   10235    7174    5607    3960    3220
    2523    2085    1775    1642    1494    1464    1394    1431    1430    1414
    1327    1348    1273    1383    1232    1370    1360    1459    1403    1516
    1451    1613    1502    1612    1640    1735    1944    2268    2419    2850
    2988    3683    4187    5129    5852    6791    7872    9159    9777   11046
   12368   13912   13809   14989   15755   15961   14780   14873   14023   13363
   11888   11316   10142    9106    7411    6662    5657    4875    3877    3428
    2783    2442    1985    1911    1595    1563    1354    1292    1295    1317
    1187    1200    1266    1237    1199    1202    1278    1351    1257    1289
    1309    1279    1282    1334    1257    1379    1297    1296    1380    1351
    1313    1368    1439    1349    1245    1300    1289    1291    1203    1270
    1250    1272    1188    1238    1250    1192    1214    1223    1374    1350
    1235    1308    1207    1274    1197    1272    1341    1367    1222    1238
    1251    1366    1184    1328    1337    1377    1331    1295    1308    1441
    1359    1439    1487    1499    1454    1515    1574    1583    1558    1696
    1711    1771    1675    1779    1649    1726    1674    1714    1675    1632
    1529    1529    1484    1410    1350    1389    1300    1297    1266    1255
    1153    1210    1175    1191    1105    1169    1152    1183    1165    1241
    1143    1180    1169    1277    1080    1275    1102    1158    1098    1142
    1115    1188    1202    1165    1288    1276    1220    1305    1324    1439
    1412    1545    1561    1682    1707    1841    1897    2073    2043    2113
    2125    2184    2062    2223    2387    2205    2088    2024    1951    1936
    1683    1691    1638    1576    1513    1400    1319    1325    1257    1255
    1232    1235    1122    1187    1214    1186    1143    1154    1196    1204
    1134    1071    1128    1179    1041    1138    1241    1115    1060    1121
    1100    1168    1061    1165    1069    1150    1108    1110    1075    1130
    1077    1121    1120    1129    1127    1141    1129    1120     991    1206
    1108    1095    1103    1174    1192    1124    1102    1158    1152    1175
    1061    1205    1091    1102    1074    1150    1045    1125     981    1109
    1100    1067    1066    1180    1077    1142    1096    1127    1197    1213
    1189    1216    1254    1165    1110    1179    1191    1255    1245    1217
    1208    1273    1143    1205    1130    1164    1120    1109    1115    1190
    1120    1072    1109    1090    1032    1084    1053    1122    1018    1068
    1025    1132     983    1012    1041    1133    1030    1074    1018    1066
    1030    1005    1055    1081    1011    1077    1045    1068    1068    1046
    1066    1044    1068    1102    1085    1053    1039    1113    1102    1097
    1047    1013    1028    1105    1029    1026    1069    1110    1021    1066
    1058    1049    1017    1051    1037    1069    1061    1127    1025    1028
    1044    1070    1039    1055     998    1044     995    1087    1067    1122
    1070    1181    1072    1149    1075    1181    1174    1133    1136    1203
    1134    1176    1125    1224    1123    1296    1233    1206    1159    1176
    1184    1188    1112    1151    1102    1130    1092    1116    1038    1108
    1035    1088    1071    1091     994    1035    1044    1078     979    1034
    1103    1047    1103    1128    1059    1130    1038    1101    1035    1060
    1026    1054    1040    1077    1061    1074    1044    1060    1007    1021
    1058    1060     975    1038    1029    1092     955    1106    1016    1042
     998    1023     972    1036     981    1018    1060    1103     983    1015
    1053    1061    1005    1033    1026    1102    1033    1001    1036    1080
    1020    1023    1016    1017     962    1005     957    1055     981     985
    1008    1034    1000    1028    1060    1027     909     975    1025    1046
    1017    1027     935    1045     947    1000     991    1012    1002    1020
     983    1040     976     986    1053    1014     956    1046     987    1069
     998    1015    1039    1106    1049    1089    1171    1134    1090    1144
    1141    1241    1220    1241    1410    1280    1276    1317    1335    1363
    1258    1293    1286    1261    1283    1268    1275    1244    1155    1234
    1171    1184    1042    1049    1094    1006     994    1004     944    1020
     913     935     965     961     907     918     928     977     974     939
     900     973     920    1001     888     898     930     960     946     944
     877     930     881     895     910     886     962     943     925     955
     923     902     872     853     896     975     854     954    1021     963
     956     961    1011     939     962     980     981    1083     951     974
     992    1007     961     998     946    1022     934     968    1046    1028
     988    1058     977     970     957     956    1026    1074     984    1002
    1068    1061     979    1029     988    1027     923     942     980     957
     965     900     920     952     911     949     871     894     821     862
     895     942     834     895     866     881     838     870     866     909
     835     924     898     890     868     905     863     886     893     934
     905     911     914     936     985    1004     930    1050     979    1018
     997    1027    1008    1017     968    1025    1053    1066    1030     943
     998    1061     992     995    1035     962     974    1018     901     910
     965     903     881     873     817     876     881     863     872     873
     814     822     873     829     853     818     785     837     830     821
     801     801     826     848     821     836     799     843     830     856
     843     816     788     769     830     852     732     810     848     861
     792     933     818     895     842     838     932     916     972     973
     964    1006     940    1029    1053    1113    1053    1127    1142    1065
    1080    1110    1121    1099    1081    1178    1148    1043    1082    1034
    1065    1043     983     997     984     983     861     860     918     880
     816     882     850     840     757     812     773     868     746     758
     811     769     764     761     800     754     723     771     750     743
     724     757     783     762     732     777     753     793     758     710
     725     789     772     741     787     788     743     742     774     766
     716     731     835     787     761     778     772     766     810     779
     785     805     767     796     736     798     794     717     756     813
     768     736     738     780     710     756     788     797     743     761
     712     783     771     750     812     785     748     772     728     734
     742     727     723     713     729     715     717     712     680     736
     748     725     703     709     713     743     685     676     780     713
     688     720     734     675     734     686     727     692     651     743
     709     718     679     711     647     706     662     704     689     741
     703     731     768     742     707     768     727     808     770     799
     825     804     794     839     836     899     890     872     912     952
     855     858     933     941     898     939     878     955     909     890
     853     800     833     889     910     861     768     771     769     863
     770     751     787     751     746     716     718     726     744     683
     729     669     680     685     726     652     674     700     743     681
     669     631     686     668     674     668     657     703     674     641
     654     615     649     658     661     638     626     646     624     709
     643     588     662     667     648     649     690     679     636     681
     645     639     588     654     660     707     666     676     662     713
     649     629     663     644     669     611     690     697     634     636
     653     688     670     684     667     664     626     658     663     679
     628     668     645     662     590     631     624     662     616     651
     608     627     588     626     662     700     596     603     643     627
     576     619     649     632     600     623     618     658     640     574
     628     624     593     615     623     623     593     611     640     626
     615     629     593     619     598     632     640     619     623     567
     642     701     608     623     670     663     630     639     693     664
     610     595     607     643     585     650     650     655     599     663
     612     640     665     602     644     661     617     687     624     654
     632     643     692     645     588     663     638     725     676     583
     730     712     688     689     697     649     679     667     694     657
     657     701     699     694     646     663     652     743     638     662
     705     710     592     607     638     714     600     692     718     652
     691     618     730     691     654     670     691     699     629     654
     644     700     697     716     742     720     699     713     636     747
     674     681     678     747     657     686     799     745     714     715
     775     736     750     681     738     779     763     762     786     787
     780     765     799     831     793     799     809     870     819     835
     896     821     830     798     882     877     886     902     990     966
     966     889    1004    1055    1002    1003    1090    1122    1022    1117
    1086    1146    1175    1244    1266    1326    1248    1300    1423    1395
    1387    1484    1521    1563    1576    1623    1659    1814    1742    1800
    1931    2054    2020    2149    2186    2255    2205    2344    2633    2509
    2529    2683    2698    2833    2867    2937    3013    3097    2991    3236
    3430    3378    3338    3488    3681    3586    3432    3700    3666    3850
    3646    3839    3951    3949    3771    3929    3998    3795    3783    3668
    4117    3912    3730    3814    3770    3802    3544    3642    3607    3663
    3362    3377    3420    3399    3066    3313    3011    3060    2823    2866
    2832    2627    2600    2663    2588    2402    2170    2227    2276    2206
    2053    1905    2029    1891    1657    1627    1630    1599    1466    1420
    1471    1400    1303    1254    1279    1228    1104    1120    1116    1165
    1029    1005    1070    1019     891     960    1055     998     967     958
    1091    1085     947    1056    1197    1203    1159    1249    1382    1317
    1373    1440    1515    1616    1702    1708    1834    1866    1879    1964
    2088    2086    2145    2048    2176    2245    2212    2264    2189    2223
    2138    2144    2210    2158    2025    1853    2107    1914    1717    1738
    1615    1607    1443    1372    1352    1265    1121    1123    1088     915
     892     816     846     765     711     699     704     643     577     583
     603     650     567     603     570     547     555  299694
