$Informacoes da Fluorescencia de Raios-X:
"Sample    : AFR209",                                                                     
"Operator  : Americo",                                                                    
"Comment  : Ghana-Harvard",                                                               
"Group     : thiago_acra2010ma",                                                          
"Date       : 2010-11-08 10:05:51",                                                       
"",                                                                                       
"Mesurement Condition",                                                                   
"------------------------------------------------------------------------------------",   
"Instrument : 700HS2   Atmosphere : Vac.   Collimator : 10(mm)   Spin : No",              
"------------------------------------------------------------------------------------",   
"Analyte               TG kV   uA      FI Acq.(keV)  Anal.(keV)  Time(sec)     DT(%)",    
"------------------------------------------------------------------------------------",   
"Na                    Rh 50 1000-Auto Al  0 - 20    0.8 - 1.2   Live -  960   19",       
"Channel_info_start",                                                                     
"Channel : Na",                                                                           
"Points : 2048
"Range : 0.000000 - 20.480000",                                                           
"Step : 0.010000",                                                                        
"Channel_info_end",                                                                       
$DATA:
       0    2047
       0       0       0       0       0       0       0       0       0    2048
       0       0       0       0       0       0       0       0       0       0
       0       0       0       0       0       0       0       0       0       0
       0       0       0       0       0       0       0       1       2       9
      76     212     203     234     214     222     230     234     193     210
     186     240     190     231     216     209     211     211     211     267
     228     288     282     302     296     294     270     313     299     306
     316     303     300     321     300     324     311     315     297     327
     299     294     267     291     238     237     238     240     235     247
     244     243     218     237     238     266     239     264     264     244
     257     261     256     240     216     245     211     229     241     260
     269     294     274     293     283     286     303     291     251     261
     219     284     216     238     220     223     264     265     265     313
     327     400     401     423     470     486     503     543     459     442
     413     425     354     414     341     357     363     427     476     618
     754    1085    1367    1862    2153    2795    3131    3575    3844    4152
    3932    3961    3469    3354    2800    2544    1971    1683    1330    1244
    1060    1101    1180    1628    2197    3247    4432    6619    8660   11674
   13225   16814   18314   20887   20081   21873   19863   19237   16023   14320
   11638    9350    6752    5315    3836    2837    1975    1599    1276    1011
     857     849     723     754     707     680     611     646     638     667
     592     613     583     590     567     515     448     507     413     448
     396     428     382     419     390     427     477     510     546     687
     795    1054    1298    1729    2200    2885    3230    4121    4686    5309
    5295    5714    5447    5575    4972    4585    4100    3396    2679    2288
    1707    1400    1055    1001     805     779     695     697     687     769
     719     871     991    1122    1272    1868    2045    2550    2957    3458
    3751    4304    4113    4540    4189    4089    3711    3297    2874    2397
    1936    1700    1131    1030     809     774     699     724     665     739
     701     752     719     758     717     787     626     672     580     552
     520     517     436     445     415     437     382     424     388     419
     420     424     354     443     431     450     416     471     450     517
     485     527     538     557     563     683     850    1032    1322    1918
    2402    3563    4526    6482    8054   10542   12279   15342   17186   19564
   20052   22185   21869   22352   19930   19768   16601   15092   11941   10200
    7702    6146    4391    3363    2428    1799    1350    1172    1064    1181
    1195    1496    1678    2252    2507    3243    3775    4916    5577    7086
    8358   10324   11834   14529   16072   18748   19631   22483   22765   24295
   22636   22752   21099   19800   16354   15269   12025   10080    7729    6119
    4442    3378    2319    1847    1273     944     806     732     741     820
     838    1012    1177    1392    1589    1804    2075    2402    2540    3079
    2822    3162    3025    3072    2799    2847    2381    2291    1871    1677
    1411    1172     896     824     640     581     494     445     402     375
     372     329     327     383     363     407     353     400     397     403
     403     423     418     488     495     595     658     708     893    1148
    1446    1920    2231    2668    3146    3746    4251    4880    5285    5818
    5751    5942    5638    5831    5124    4919    4296    3995    3285    2906
    2524    2082    1703    1563    1274    1187    1047     964     901     860
     712     787     735     703     620     770     692     766     693     792
     816     919     866     910     980    1120    1031    1278    1269    1323
    1343    1479    1435    1476    1385    1497    1376    1364    1280    1172
    1083    1081     907     884     869     821     777     712     735     692
     658     740     683     743     660     697     687     653     715     770
     654     707     753     746     750     751     752     793     794     824
     791     856     813     971     867     934     925     927     921     998
    1003    1034     989    1036     992    1014     952     941     951     935
     885     923     929     895     853     884     888     872     852     873
     809     930     876     963     849     956     871     901     897     939
     860     959     965    1037     990    1164    1118    1223    1311    1358
    1507    1653    1761    1944    1955    2204    2096    2345    2434    2443
    2381    2532    2354    2342    2047    2093    1961    1947    1805    1733
    1490    1458    1364    1320    1320    1337    1224    1253    1309    1383
    1252    1382    1259    1445    1410    1439    1483    1655    1817    2185
    2626    3205    3809    5328    6777    9350   11373   15298   19088   24784
   28884   35663   42679   49740   54167   62290   67947   74629   74436   82925
   77344   79668   72210   71633   64721   60748   51060   47084   38849   34015
   26115   22097   17212   13945   10133    8526    6040    4927    3551    2965
    2417    2104    1741    1578    1574    1512    1393    1313    1425    1414
    1338    1480    1427    1382    1376    1441    1385    1483    1424    1491
    1552    1592    1440    1613    1626    1780    1772    2059    2150    2480
    2570    3018    3383    4074    4351    5284    5922    6828    7218    8374
    9033    9965   10170   11061   11225   11584   10763   11035   10342   10232
    9093    8800    7627    6973    5801    5258    4563    3875    3470    3131
    2481    2293    1909    1778    1665    1595    1477    1446    1399    1392
    1329    1346    1312    1391    1360    1311    1389    1388    1358    1339
    1379    1433    1334    1407    1417    1519    1350    1419    1393    1458
    1366    1467    1349    1463    1396    1444    1416    1387    1350    1417
    1415    1375    1407    1389    1362    1405    1301    1380    1385    1385
    1332    1324    1375    1371    1365    1431    1415    1395    1322    1378
    1367    1417    1265    1494    1433    1489    1388    1486    1452    1502
    1454    1544    1613    1685    1585    1715    1720    1850    1741    1897
    1906    1934    1888    1901    1947    1971    1787    1883    1800    1743
    1648    1685    1663    1606    1463    1510    1384    1414    1343    1287
    1342    1387    1242    1336    1266    1271    1248    1300    1253    1233
    1220    1266    1303    1196    1181    1209    1245    1232    1183    1290
    1269    1259    1179    1309    1255    1303    1268    1427    1471    1542
    1521    1670    1731    1837    1914    2088    2160    2303    2215    2354
    2417    2625    2420    2501    2567    2466    2348    2326    2216    2118
    1961    1951    1852    1783    1723    1539    1561    1475    1386    1360
    1249    1329    1231    1278    1301    1260    1212    1259    1301    1350
    1174    1238    1252    1184    1184    1207    1274    1196    1167    1200
    1177    1234    1112    1189    1152    1164    1127    1176    1237    1197
    1140    1158    1181    1174    1121    1206    1223    1283    1164    1154
    1203    1209    1177    1231    1215    1158    1264    1203    1234    1192
    1144    1194    1232    1183    1128    1167    1174    1210    1183    1196
    1117    1191    1201    1227    1180    1255    1194    1219    1173    1346
    1291    1349    1245    1310    1264    1275    1313    1370    1270    1292
    1391    1363    1276    1300    1233    1282    1212    1207    1217    1277
    1162    1196    1211    1120    1138    1179    1110    1171    1115    1173
    1091    1175    1093    1112    1140    1161    1096    1066    1063    1140
    1101    1077    1216    1122    1067    1127    1080    1173    1087    1093
    1146    1165    1092    1173    1135    1147    1140    1161    1144    1184
    1073    1132    1076    1146    1130    1100    1166    1123    1121    1180
    1173    1176    1115    1150    1115    1135    1071    1163    1156    1172
    1131    1127    1238    1174    1147    1218    1078    1154    1236    1153
    1134    1251    1203    1189    1214    1270    1226    1328    1295    1312
    1201    1353    1315    1385    1306    1344    1369    1331    1273    1298
    1224    1302    1266    1231    1199    1209    1167    1123    1177    1126
    1098    1132    1167    1148    1133    1106    1150    1173    1122    1109
    1115    1158    1095    1171    1103    1165    1064    1149    1134    1207
    1059    1113    1105    1174    1132    1101    1123    1185    1044    1050
    1141    1144    1072    1167    1071    1168    1124    1162    1069    1185
    1116    1144    1113    1211    1123    1133    1080    1205    1114    1146
    1118    1203    1122    1133    1149    1187    1131    1093    1121    1176
    1091    1144    1072    1095    1090    1170    1064    1153    1110    1150
    1078    1109    1056    1082    1058    1097    1066    1078    1091    1122
    1063    1166    1116    1135    1059    1099    1096    1092    1054    1088
    1083    1037    1024    1083    1145    1145    1021    1165    1087    1160
    1248    1294    1320    1439    1386    1533    1554    1706    1696    1763
    1802    2019    1989    2174    2188    2237    2252    2406    2370    2397
    2266    2453    2396    2326    2122    2183    2107    2044    1956    1902
    1731    1714    1574    1551    1424    1425    1263    1255    1246    1206
    1136    1154    1046    1083    1053    1044    1136    1079     972    1004
    1003    1029     999    1077    1054    1035     992     979    1024     977
     977    1005    1004    1083     946    1024    1029    1038     961    1030
    1035    1084     973     974    1056     999    1004    1003    1135    1126
    1000    1079    1083    1067    1030    1094    1094    1111    1061    1185
    1076    1135    1024    1119    1119    1154    1021    1071    1060    1065
    1015    1020    1061    1107    1048    1040    1092    1058    1058    1061
    1076    1056    1005    1037    1033    1005     946    1087     970    1005
     957     968     921     990    1007    1041     946    1005     936     910
     931    1020     986     948     965    1028     919     997     927     947
     967    1002    1012    1010    1062    1088    1062    1128    1038    1154
    1115    1148    1148    1161    1215    1168    1158    1205    1270    1214
    1203    1199    1214    1258    1229    1305    1256    1215    1126    1176
    1189    1152    1072    1123    1035    1085    1025    1109    1035    1100
     973     980    1007     956     946     974     967     908     884     945
     917     995     895     917     908     914     847     908     913     910
     869     919     908     949     809     908     885     940     829     874
     868     905     900     912     881     919     822     931     923     910
     876     931     951     962     904     933     941     988     942     934
    1000     998    1032    1039    1045    1090    1073    1171    1122    1160
    1057    1114    1145    1166    1086    1150    1096    1064    1068    1039
    1103    1073    1024    1073    1032     999     918     953    1011     939
     896     830     901     918     825     872     869     859     803     865
     893     877     826     824     835     831     803     822     855     872
     834     854     800     842     811     813     844     884     796     770
     811     892     777     828     857     851     793     887     845     807
     819     821     915     833     822     808     853     864     817     859
     847     891     813     900     859     840     849     895     817     850
     801     857     852     909     809     877     809     883     812     824
     829     845     806     789     888     807     831     800     799     825
     787     789     767     790     738     755     803     818     692     828
     780     805     759     737     791     745     801     765     752     780
     753     747     728     756     805     747     833     760     729     721
     772     759     699     782     773     722     716     824     814     762
     773     825     800     799     738     788     760     800     842     807
     766     809     802     856     869     868     852     933     864     930
     900     901     944     924     856     896     904     838     874     922
     888     880     857     889     873     894     818     851     811     792
     802     799     772     804     726     771     829     728     711     761
     840     750     698     755     747     718     748     686     690     751
     782     685     772     770     684     720     701     686     709     720
     678     748     736     694     760     708     678     695     776     739
     650     734     774     710     695     703     743     707     721     759
     731     733     661     701     746     791     748     747     753     750
     696     723     755     748     697     676     781     737     737     735
     727     764     691     689     798     711     701     698     715     766
     656     661     697     719     637     713     676     708     663     764
     712     708     649     670     694     666     621     713     688     723
     662     639     709     690     630     653     684     687     674     660
     678     727     686     676     764     699     694     630     698     692
     616     697     697     663     628     679     693     693     663     644
     741     700     675     617     654     684     654     645     718     709
     689     719     672     687     705     692     700     685     667     729
     660     714     719     734     710     751     681     683     654     701
     685     693     693     738     692     693     731     708     731     682
     794     725     702     691     680     701     678     746     698     763
     720     701     713     754     759     751     738     706     633     765
     748     736     708     725     766     749     722     705     720     693
     739     645     818     764     759     691     743     738     745     721
     741     784     746     700     754     733     711     819     804     743
     761     714     738     752     749     850     827     860     770     811
     797     793     847     831     858     847     814     873     821     878
     822     832     891     838     842     866     929     884     909     893
     962     939     919     940     966     994     934     966     981    1060
     956    1059    1132    1137     994    1086    1213    1184    1118    1192
    1258    1250    1207    1287    1285    1401    1361    1359    1422    1555
    1532    1583    1566    1765    1681    1680    1829    1954    1832    1950
    2121    2185    2143    2255    2372    2569    2464    2542    2892    2875
    2839    2846    3023    3085    3091    3178    3260    3527    3383    3553
    3716    3724    3676    3880    3912    3986    3749    4147    4172    4208
    4011    4128    4297    4335    4263    4291    4245    4458    4177    4081
    4680    4436    4215    4200    4165    4183    3938    4090    3901    3964
    3773    3833    3824    3729    3456    3538    3384    3390    3125    3194
    3042    3078    2945    2816    2878    2655    2546    2462    2433    2393
    2237    2048    2249    2008    1886    1829    1852    1816    1721    1629
    1585    1579    1480    1410    1407    1357    1262    1268    1283    1264
    1133    1199    1152    1139    1092    1090    1100    1076    1059    1060
    1098    1125    1160    1108    1339    1377    1264    1265    1377    1452
    1458    1533    1631    1699    1735    1802    1972    2061    1989    2141
    2131    2214    2203    2282    2386    2465    2343    2364    2525    2507
    2306    2290    2317    2342    2154    2081    2174    1993    1937    1855
    1850    1720    1542    1537    1452    1382    1211    1176    1150    1099
     985     909     898     873     763     768     743     707     709     606
     641     642     603     615     615     588     607  329868
