$Informacoes da Fluorescencia de Raios-X:
"Sample    : AFR-98",                                                                     
"Operator  : THIAGO",                                                                     
"Comment  : ",                                                                            
"Group     : thiago_acra2010ma",                                                          
"Date       : 2010-11-06 23:24:44",                                                       
"",                                                                                       
"Mesurement Condition",                                                                   
"------------------------------------------------------------------------------------",   
"Instrument : 700HS2   Atmosphere : Vac.   Collimator : 10(mm)   Spin : No",              
"------------------------------------------------------------------------------------",   
"Analyte               TG kV   uA      FI Acq.(keV)  Anal.(keV)  Time(sec)     DT(%)",    
"------------------------------------------------------------------------------------",   
"Na                    Rh 50 1000-Auto Al  0 - 20    0.8 - 1.2   Live -  960    6",       
"Channel_info_start",                                                                     
"Channel : Na",                                                                           
"Points : 2048
"Range : 0.000000 - 20.480000",                                                           
"Step : 0.010000",                                                                        
"Channel_info_end",                                                                       
$DATA:
       0    2047
       0       0       0       0       0       0       0       0       0    2048
       0       0       0       0       0       0       0       0       0       0
       0       0       0       0       0       0       0       0       0       0
       0       0       0       0       0       0       0       2       3       4
      51     108     106     119      89     103     102     100      83     102
      97     100      74      92      89      93      96     103      71     100
      84      90      83      96      95      88      88     118     117     135
     133     155     184     202     216     237     222     283     246     264
     246     215     191     206     149     131     110     122      84      68
      70      88      98      88      88      92      83      94      90     103
      82      87      75      87      86      91      85      79      74      93
      96     106      93      88      83      81      85      91      81      89
      73     107     103      91      91      76      85     106      85     101
      87      89      90      95      94      89      79      97      86      87
      82     105     102      81      93      80      99      86      95      79
      75     109      96     128     103     127     133     139     117     142
     132     171     160     157     127     126     118     122      93     111
     100     105     106      94     116     136     140     172     186     218
     219     305     304     316     284     342     318     339     296     275
     228     213     169     144     145     122     136     106     101      93
      80      99      90      97      94      84      81      91     102     108
      89      85      93      86      87      84      90      89      98      80
      91      71      79      74      84      87      94      87     103      95
     112     110     110     147     185     207     257     279     316     334
     359     380     415     372     354     301     283     283     198     204
     152     131     119     113      91     105      94      90      83      95
      89      86      89      96      85     122     115     122     112     133
     155     147     168     149     150     179     182     136     155     135
     125     134     129     130      92     123     111      96     112      93
     117     125     111     115     124     141     125     136     116     103
     132     103      94     102     101      98      93      82      80      87
      74      68      98      84      86      78      68      98      84      87
      79      77      86      89      89      82     110     109     100     151
     156     218     234     306     357     456     508     636     739     867
     897     937     948     953     811     948     733     700     617     522
     394     366     271     224     172     165     143     131      96     131
      98     135     138     178     169     204     249     286     286     344
     403     522     555     599     715     868     929    1043    1046    1119
    1012    1066     993     988     793     699     673     544     456     332
     317     282     194     203     160     169     136     163     118     165
     136     146     164     160     178     220     207     216     269     247
     226     252     252     254     235     263     251     226     227     227
     215     206     205     185     178     177     187     171     152     180
     185     175     173     176     164     180     183     190     177     180
     178     204     176     190     153     197     196     239     168     233
     221     269     244     242     291     315     284     337     347     366
     306     371     393     365     380     364     361     347     305     319
     289     287     271     278     267     261     267     259     288     285
     280     289     302     296     266     270     268     308     301     305
     302     317     287     286     310     274     319     315     351     345
     318     342     327     351     290     341     327     351     306     348
     347     330     285     283     338     302     353     283     346     345
     333     375     309     346     332     345     311     325     316     340
     355     337     339     379     372     402     357     390     347     377
     369     419     352     466     419     461     460     471     454     476
     455     487     516     495     492     519     482     518     498     471
     457     486     477     476     432     507     473     480     407     472
     425     465     455     461     478     503     483     484     500     513
     454     537     486     529     513     545     477     507     480     559
     501     514     517     551     513     546     542     631     578     608
     592     601     593     626     647     619     599     611     568     632
     606     629     558     578     605     597     547     594     613     606
     581     609     618     590     608     624     639     726     642     666
     711     679     688     780     747     814     869     989    1091    1238
    1300    1483    1673    1765    1880    2114    2206    2452    2435    2880
    2431    2609    2440    2511    2298    2139    1910    1859    1621    1595
    1362    1341    1166    1068     915     953     861     925     769     774
     770     751     794     835     760     829     752     761     783     831
     732     799     768     807     763     742     785     779     728     801
     765     836     764     796     795     863     818     870     837     823
     820     861     898     881     831     942     962     947     925    1001
    1003    1006     968    1087    1079    1090    1032    1082    1044    1075
     982    1033    1004    1001     957     964     901     908     847     944
     851     906     849     873     809     862     855     863     815     855
     853     852     891     893     794     862     868     865     786     866
     836     865     835     880     842     875     803     872     862     878
     777     874     855     903     820     814     822     851     818     799
     852     816     822     823     825     862     833     845     874     877
     785     854     835     936     821     853     855     877     848     832
     874     880     836     868     861     851     889     904     918     923
     880     923     948    1074    1032    1049     972    1105    1055    1085
    1102    1159    1117    1105    1116    1174    1098    1128    1094    1102
    1026     990     987     961     901     931     881     918     759     805
     798     865     739     825     764     781     710     768     799     787
     752     794     766     807     773     752     767     794     793     762
     758     800     789     767     713     804     723     818     783     757
     776     796     823     846     802     844     862     835     843     921
     938     859     935     879     972     898     867     886     829     867
     796     790     830     807     755     803     744     733     714     786
     762     774     736     802     757     788     753     758     758     760
     745     752     763     760     695     778     703     783     713     733
     712     751     677     724     706     718     655     701     737     718
     650     755     716     770     720     716     699     701     701     707
     716     742     708     705     722     759     684     702     742     723
     668     711     652     678     700     673     689     695     669     691
     665     699     690     676     668     712     734     759     712     716
     677     687     707     734     717     693     687     728     712     694
     710     699     699     695     677     680     649     696     697     733
     634     697     689     713     679     730     660     710     692     704
     714     700     714     712     673     670     684     701     674     700
     668     685     701     672     669     684     694     651     636     679
     681     720     674     630     673     681     685     695     671     716
     662     695     670     722     683     656     637     712     651     677
     685     712     678     699     645     693     702     671     668     648
     691     698     687     675     607     685     648     718     640     682
     651     726     646     707     643     707     632     726     681     700
     653     714     662     701     693     736     722     696     702     698
     702     718     637     690     650     750     694     687     666     651
     619     774     733     704     641     654     700     724     669     671
     718     679     690     708     702     771     657     729     703     679
     644     708     715     614     682     714     676     733     712     667
     686     671     668     726     693     793     676     679     692     732
     720     654     657     691     637     697     676     752     677     719
     677     721     715     700     726     639     679     688     677     664
     657     691     682     703     684     721     662     734     646     696
     682     701     654     717     679     674     659     655     706     687
     657     720     717     697     669     678     662     755     676     687
     659     706     641     672     671     724     667     733     678     693
     685     706     664     696     651     660     719     708     673     676
     660     700     687     683     661     690     667     689     663     674
     652     668     661     704     646     672     722     659     672     660
     691     607     632     638     677     669     625     665     647     653
     663     659     673     670     641     638     658     689     601     654
     647     664     634     650     613     652     601     673     613     617
     626     664     659     658     614     653     669     611     681     611
     658     648     594     636     622     655     612     625     705     629
     596     623     619     671     632     649     642     666     628     595
     604     628     568     628     617     621     581     579     627     652
     609     605     597     632     620     570     608     625     587     600
     571     605     595     668     599     596     598     617     597     583
     628     597     623     596     612     632     618     659     535     586
     595     596     558     578     579     575     587     610     582     597
     568     600     620     585     584     594     610     614     598     588
     577     613     578     593     599     575     577     603     589     593
     572     581     578     591     567     561     603     640     598     588
     597     625     581     618     565     612     583     536     631     628
     562     600     556     561     589     535     558     613     562     567
     531     572     526     558     548     532     546     521     585     592
     524     603     557     574     507     621     602     611     508     595
     598     600     549     539     561     566     539     557     519     593
     564     551     519     554     579     560     536     600     520     538
     556     618     520     590     551     562     545     552     585     596
     541     552     529     545     536     606     544     565     535     543
     516     587     518     581     532     575     515     539     589     539
     549     524     524     583     528     549     511     560     497     550
     537     508     519     531     546     560     456     531     562     522
     524     538     517     531     550     568     539     536     499     527
     523     525     547     518     514     493     505     531     503     561
     506     509     534     529     511     525     469     532     507     469
     497     497     475     517     523     505     525     525     480     519
     504     514     491     472     480     505     502     503     475     514
     467     527     507     479     524     477     470     508     433     501
     497     440     498     525     492     485     460     525     473     477
     485     507     482     493     544     479     490     452     478     502
     494     478     500     492     476     462     509     468     483     499
     491     502     451     489     480     447     473     425     511     509
     432     453     416     549     465     501     460     455     470     535
     541     469     415     469     491     505     499     500     456     491
     480     477     472     463     494     485     512     494     452     476
     481     505     507     440     457     494     452     443     467     501
     464     470     497     506     447     420     463     485     464     451
     451     489     445     476     449     449     442     458     414     443
     428     486     506     489     462     476     460     458     424     482
     428     440     420     455     470     491     484     481     450     456
     467     454     476     466     421     431     467     481     430     491
     457     425     465     437     437     451     410     446     508     481
     432     435     465     507     431     419     457     465     413     445
     481     476     427     525     493     447     414     450     432     446
     472     428     433     474     424     480     402     454     455     452
     420     484     442     460     456     434     459     408     449     448
     440     423     461     478     474     473     470     466     413     410
     465     455     460     443     406     479     444     454     447     451
     467     489     467     448     377     425     461     445     443     433
     427     440     431     412     437     505     411     426     467     429
     436     457     448     457     398     445     455     480     464     476
     457     427     424     499     453     487     459     455     428     453
     447     417     470     431     439     480     442     459     431     399
     511     478     485     459     451     439     420     455     459     480
     440     443     461     437     439     439     496     423     475     486
     448     505     410     456     486     447     429     479     486     484
     397     441     492     492     442     447     492     460     440     485
     463     512     502     496     496     504     488     500     457     506
     505     517     497     529     494     486     479     547     506     549
     513     521     528     513     557     534     526     558     590     557
     515     541     607     612     536     583     606     652     541     582
     633     625     552     590     618     642     621     628     686     668
     645     665     662     702     696     646     681     744     757     768
     767     821     775     872     875     968     886     945     912    1005
     969    1051    1112    1122    1088    1218    1159    1272    1183    1284
    1353    1423    1433    1477    1529    1560    1563    1637    1850    1840
    1767    1898    1963    2073    2006    2165    2193    2321    2205    2329
    2420    2467    2485    2564    2621    2725    2572    2709    2892    2966
    2748    2783    2946    2937    2764    2843    2958    2998    2815    2835
    3162    3014    2869    2954    2850    3015    2720    2763    2844    2597
    2550    2593    2602    2655    2437    2498    2375    2394    2222    2214
    2147    2106    1994    1875    1939    1898    1679    1702    1772    1728
    1562    1437    1522    1373    1250    1229    1234    1242    1124    1071
    1064    1066     938     952     916     914     832     858     784     810
     777     720     800     706     784     701     713     714     762     685
     724     819     770     762     928     900     886     889     966     998
     993    1030    1111    1174    1127    1235    1272    1283    1344    1365
    1346    1460    1377    1512    1514    1588    1455    1526    1598    1518
    1421    1391    1369    1385    1223    1196    1332    1220    1104    1040
     997     904     863     884     868     723     711     700     623     590
     575     506     524     518     466     485     479     443     406     418
     456     428     426     412     393     398     377  211834
