$Informacoes da Fluorescencia de Raios-X:
"Sample    : ACC-054-MS",                                                                 
"Operator  : thiago",                                                                     
"Comment  : ",                                                                            
"Group     : thiago_acra2010ma",                                                          
"Date       : 2010-05-24 18:19:05",                                                       
"",                                                                                       
"Mesurement Condition",                                                                   
"------------------------------------------------------------------------------------",   
"Instrument : 700HS2   Atmosphere : Vac.   Collimator : 10(mm)   Spin : No",              
"------------------------------------------------------------------------------------",   
"Analyte               TG kV   uA      FI Acq.(keV)  Anal.(keV)  Time(sec)     DT(%)",    
"------------------------------------------------------------------------------------",   
"Na                    Rh 50 1000-Auto Al  0 - 20    0.8 - 1.2   Live -  959   13",       
"Channel_info_start",                                                                     
"Channel : Na",                                                                           
"Points : 2048
"Range : 0.000000 - 20.480000",                                                           
"Step : 0.010000",                                                                        
"Channel_info_end",                                                                       
$DATA:
       0    2047
       0       0       0       0       0       0       0       0       0    2048
       0       0       0       0       0       0       0       0       0       0
       0       0       0       0       0       0       0       0       0       0
       0       0       0       0       0       0       0       0       3       4
      56     145     165     122     162     149     169     172     141     167
     136     160     163     155     169     168     169     148     158     175
     153     196     187     183     193     234     195     236     215     229
     273     242     230     282     275     290     282     327     263     278
     277     256     233     205     181     201     187     172     167     190
     167     207     186     230     246     273     282     304     286     304
     271     251     232     237     204     196     189     216     209     216
     229     244     264     255     283     280     265     254     264     231
     230     208     201     208     161     176     165     191     169     188
     216     251     229     278     260     341     283     312     238     273
     241     217     204     243     213     192     219     248     282     347
     430     539     655     976    1025    1254    1341    1588    1597    1708
    1588    1621    1424    1283    1093     937     759     635     519     506
     425     471     504     711     834    1293    1735    2449    3049    3940
    4421    5337    5748    6514    6174    6648    5667    5539    4642    4098
    3256    2746    2009    1521    1080     851     616     519     471     455
     382     416     379     370     391     410     392     462     413     400
     392     384     341     374     337     382     338     326     288     332
     282     313     291     263     248     350     324     368     391     479
     574     720     878    1154    1399    1754    1998    2450    2598    2952
    2994    3198    3029    3012    2596    2482    2045    1843    1439    1305
     977     889     694     682     642     587     581     632     725     774
     881    1138    1446    1927    2338    3290    3822    4971    5569    6553
    7019    8017    7610    8130    7292    7173    6111    5670    4608    3945
    2867    2538    1771    1436    1109     981     876     914     861     923
     914     961     977     957     847     866     743     675     594     524
     424     422     344     292     254     245     246     250     228     222
     215     254     228     230     245     227     213     237     273     233
     282     266     282     310     307     385     444     475     588     837
    1063    1509    1880    2588    3144    4090    4736    5735    6200    7286
    7198    7776    7668    8036    7055    6887    5652    5102    4119    3523
    2640    2215    1522    1206     898     679     573     523     488     556
     558     666     792     998    1081    1433    1763    2314    2602    3438
    4094    5336    6035    7400    8190    9671   10061   11671   11541   12190
   11570   11470   10352    9795    8397    7288    6123    5148    3643    2941
    2273    1722    1187     908     686     543     483     448     441     485
     581     565     736     862     915    1089    1180    1380    1434    1761
    1638    1739    1625    1661    1489    1504    1311    1181    1073     935
     734     688     565     537     387     377     325     336     318     309
     288     297     318     296     310     277     287     325     326     345
     290     353     354     336     354     383     477     508     627     727
     901    1092    1299    1593    1905    2232    2492    2706    2887    3136
    3145    3308    3180    3247    2843    2730    2343    2324    1833    1657
    1478    1331    1117    1090     885     864     791     684     625     615
     637     613     560     564     561     545     474     563     558     564
     603     630     607     651     673     807     751     778     905     893
     953     922     885    1008     915     986     930     909     831     796
     768     762     662     673     649     628     570     555     587     578
     540     556     487     560     509     545     545     547     532     577
     576     579     570     619     571     607     592     721     613     670
     685     689     653     687     638     730     759     726     724     764
     759     771     823     853     815     853     802     710     792     778
     720     784     721     793     681     769     792     759     701     749
     715     765     729     775     730     750     712     736     741     783
     758     743     796     782     781     898     884    1002     943    1069
    1085    1185    1181    1308    1356    1422    1454    1552    1563    1631
    1568    1713    1510    1479    1429    1443    1353    1311    1183    1196
    1092    1187    1092    1048    1105    1136    1000    1094    1054    1059
    1029    1113    1087    1196    1125    1181    1275    1440    1440    1643
    1984    2464    2853    4088    5183    6912    8579   11419   13961   18339
   21122   26471   31501   36767   40230   45448   49180   54372   54198   61619
   56354   58125   53056   52429   47362   45179   37940   34770   29142   25107
   20014   16611   13214   10763    7876    6417    4554    3875    2894    2316
    1952    1689    1482    1482    1383    1250    1243    1219    1126    1230
    1210    1202    1182    1244    1126    1246    1158    1276    1226    1341
    1226    1379    1285    1350    1397    1462    1525    1715    1771    1980
    2109    2421    2613    3294    3339    3920    4639    5276    5560    6123
    6730    7491    7634    8104    8412    8711    8059    8304    7873    7666
    6795    6675    5837    5536    4552    4180    3523    3280    2745    2391
    2081    1933    1606    1518    1477    1359    1264    1303    1187    1235
    1090    1178    1179    1222    1127    1221    1199    1227    1169    1233
    1195    1230    1227    1185    1291    1278    1298    1343    1248    1249
    1227    1210    1196    1206    1152    1192    1193    1241    1188    1190
    1141    1113    1147    1196    1155    1173    1117    1206    1221    1216
    1110    1267    1201    1217    1199    1186    1122    1172    1187    1249
    1218    1217    1112    1246    1193    1350    1226    1243    1268    1332
    1285    1395    1386    1457    1349    1614    1516    1701    1639    1685
    1764    1772    1730    1771    1734    1788    1716    1693    1654    1651
    1545    1550    1454    1452    1240    1437    1325    1305    1169    1222
    1145    1152    1169    1095    1136    1084    1041    1099    1084    1084
     987    1138    1078    1050    1017    1049    1069    1111    1089    1094
    1080    1053    1115    1153    1169    1231    1185    1342    1380    1481
    1509    1653    1847    2044    2095    2217    2422    2618    2560    2797
    2880    2992    2851    2960    3007    3058    2687    2753    2570    2422
    2260    2233    1998    1960    1674    1626    1508    1483    1327    1357
    1203    1234    1125    1135    1139    1179    1090    1090    1152    1145
    1024    1063    1099    1114    1037    1075    1117    1097     999    1091
    1018    1071     985    1087     956    1050     972    1065    1004    1063
     984    1023     998    1054    1021    1078    1038    1083     987    1058
    1062     976    1024    1001     978    1015     982    1001    1027    1055
     990    1011     972    1008     977     990     991    1083    1001    1058
    1073    1056    1002    1115    1032    1103    1044    1118    1120    1106
    1161    1201    1249    1230    1179    1207    1221    1272    1232    1199
    1228    1212    1136    1156    1144    1145    1086    1124    1107    1072
    1029    1002    1028    1034     984     989    1007    1009     936     959
     982    1016     945     940     963     976     946     956     986     990
     906     929     982    1026     994     937     940    1010     949     985
     998     956     909     946     972     970     989    1002    1043     918
     944     957     961     958     949     967     980     894     926    1005
    1014    1037     959     940     973    1029     969    1036     931     943
     968     971     914    1067     955     997    1017    1032     976    1107
     927    1086    1005    1025    1063    1082    1040    1125    1092    1117
    1058    1060    1111    1169    1164    1175    1197    1207    1164    1160
    1098    1132    1039    1144    1056    1067     998     993    1054    1081
    1000    1043     905    1032     985    1014     987    1023     934     980
     947    1057     911     972     967    1013     996    1001     936    1005
     882    1016     959     975     949    1066     997    1046     954     975
     998    1052    1010     990     935     932     859     958    1003    1012
     922     964     993     941     966    1000     983    1009     919     985
     966    1037     928     971     955     944     968     961    1030    1068
    1002    1011     933    1001     914     927     947     971     953     964
     933    1027     935    1026     955     969     912     864     967     969
     936    1010     915    1040     900     920     915     959     877     946
     952     964     925     993     903    1035     908    1026     928    1040
     955     939     985     973     986    1065    1050    1119    1099    1132
    1146    1141    1085    1161    1186    1297    1187    1254    1244    1330
    1250    1269    1287    1248    1168    1209    1124    1137    1098    1196
    1070    1075    1012    1076    1034     948     948     955     955     968
     884     901     899     945     899     932     907     947     908     947
     907     931     900     878     939     922     834     881     913     912
     830     881     885     908     834     875     818     896     830     887
     932     913     845     915     879     968     863     930     931     991
     916     922     939     962     946     966     912     960     923     990
     900     986     958     967     982    1014     890     953     922     911
     906     927     983     954     876     963     945     925     881     909
     921     874     836     958     863     895     832     904     863     907
     841     875     816     857     788     816     821     866     854     822
     824     854     804     861     872     811     788     839     874     911
     860     888     818     844     838     854     843     827     844     838
     815     859     829     879     913     912     856     896     893     928
     844     920     879     902     840     933     931     913     827     849
     839     820     888     853     853     904     809     862     856     860
     782     851     834     863     810     893     810     846     783     804
     850     832     754     759     815     847     800     782     780     847
     742     829     777     819     779     716     803     809     766     791
     777     808     747     725     841     778     790     735     806     790
     796     802     799     789     793     782     777     830     798     771
     876     861     833     833     821     874     849     844     904     943
     849     854     865     886     783     890     891     852     832     854
     849     840     789     879     789     852     752     833     796     807
     744     798     794     739     710     737     706     752     676     759
     771     742     653     752     683     728     710     695     688     726
     666     778     788     712     685     712     779     754     722     724
     778     688     726     750     718     738     731     699     730     736
     692     651     761     706     712     710     756     701     701     713
     748     790     731     725     717     695     697     737     702     739
     727     709     703     717     714     748     706     698     745     682
     658     694     711     658     765     699     692     728     690     631
     729     689     697     688     662     708     716     743     649     696
     673     707     643     726     696     686     694     693     675     707
     632     680     641     651     643     652     747     675     661     663
     621     613     629     710     680     646     607     721     653     690
     668     696     667     638     646     647     703     693     655     641
     692     681     648     738     703     695     669     693     727     670
     700     759     708     720     695     728     692     754     711     701
     652     688     675     717     708     657     656     735     699     699
     665     747     659     672     590     634     646     625     631     645
     662     660     588     619     626     588     570     657     624     689
     613     659     616     663     592     668     622     626     637     644
     559     600     587     638     616     630     662     639     616     546
     681     606     639     598     564     638     604     601     594     654
     648     626     654     645     633     652     632     660     640     624
     597     667     617     654     604     642     600     667     565     580
     586     657     580     640     619     639     617     612     617     596
     638     605     617     649     542     610     617     612     608     607
     616     597     624     577     596     586     570     575     616     634
     613     620     645     599     566     619     608     606     565     598
     647     602     613     639     606     644     547     599     573     598
     570     613     555     611     562     561     573     624     605     605
     657     562     590     572     601     587     605     585     641     640
     561     646     588     637     606     591     637     674     576     608
     576     611     624     637     626     620     572     601     640     551
     591     615     611     669     600     657     606     703     605     608
     722     635     634     643     616     631     580     622     583     640
     624     587     621     681     635     589     631     618     660     640
     638     638     573     656     654     647     583     635     670     654
     642     604     692     629     640     667     683     632     606     616
     683     704     649     687     640     694     688     698     672     693
     613     721     703     661     677     696     711     723     706     709
     672     685     706     722     716     725     726     710     762     701
     712     811     742     790     742     798     745     807     770     795
     845     756     798     841     782     866     823     820     905     921
     880     866     967     943     919     995    1001     950     971    1092
    1070    1080    1012    1069    1174    1244    1209    1231    1272    1380
    1272    1328    1426    1510    1431    1565    1558    1685    1600    1720
    1778    1818    1875    1919    2053    2200    2072    2151    2422    2439
    2386    2522    2517    2699    2607    2738    2997    3050    2957    3124
    3204    3274    3212    3358    3564    3462    3517    3578    3608    3748
    3602    3632    3877    3956    3756    3799    3882    3983    3750    3713
    4225    4015    3764    3737    3691    3738    3649    3624    3704    3516
    3370    3501    3505    3411    3150    3296    3105    3058    2921    2879
    2828    2707    2619    2634    2652    2524    2269    2266    2105    2299
    2028    1903    2023    1898    1721    1775    1682    1689    1470    1480
    1481    1438    1337    1333    1220    1298    1183    1131    1082    1103
    1034    1012    1000     966     988     980     989     940     956     959
    1010     971     955     966    1117    1127    1200    1114    1219    1246
    1251    1350    1456    1505    1466    1551    1645    1751    1730    1804
    1902    1963    1950    1990    2007    2042    1946    2088    2258    2152
    2002    2049    1972    1945    1903    1771    1877    1743    1597    1611
    1480    1498    1367    1290    1260    1231    1054    1049    1014     970
     818     818     766     781     689     625     652     617     592     607
     544     625     543     506     574     570     547  288135
