$Informacoes da Fluorescencia de Raios-X:
"Sample    : ACC-074-MS",                                                                 
"Operator  : thiago",                                                                     
"Comment  : ",                                                                            
"Group     : thiago_acra2010ma",                                                          
"Date       : 2010-05-25 02:06:02",                                                       
"",                                                                                       
"Mesurement Condition",                                                                   
"------------------------------------------------------------------------------------",   
"Instrument : 700HS2   Atmosphere : Vac.   Collimator : 10(mm)   Spin : No",              
"------------------------------------------------------------------------------------",   
"Analyte               TG kV   uA      FI Acq.(keV)  Anal.(keV)  Time(sec)     DT(%)",    
"------------------------------------------------------------------------------------",   
"Na                    Rh 50 1000-Auto Al  0 - 20    0.8 - 1.2   Live -  959    9",       
"Channel_info_start",                                                                     
"Channel : Na",                                                                           
"Points : 2048
"Range : 0.000000 - 20.480000",                                                           
"Step : 0.010000",                                                                        
"Channel_info_end",                                                                       
$DATA:
       0    2047
       0       0       0       0       0       0       0       0       0    2048
       0       0       0       0       0       0       0       0       0       0
       0       0       0       0       0       0       0       0       0       0
       0       0       0       0       0       0       0       0       1       4
      64     138     130     138     115     132     129     138     115     130
     116     130     135     109     141     140     135     133     137     142
     134     130     120     146     141     148     140     159     154     192
     196     216     227     251     271     287     303     316     294     329
     260     281     218     215     171     139     153     133     117     134
     120     124     130     165     130     130     146     139     142     157
     141     123     118     136     142     149     121     147     152     146
     156     156     135     136     155     164     159     153     145     137
     142     139     104     145     143     137     109     131     131     129
     120     148     140     127     157     163     151     162     158     172
     133     137     148     111     120     139     114     119     156     149
     194     238     264     349     388     444     468     579     553     637
     543     559     479     466     396     382     305     296     236     260
     192     237     226     285     337     475     550     777     935    1254
    1389    1658    1727    2049    1953    2020    1742    1749    1494    1321
    1047     842     616     572     396     330     254     254     165     202
     179     185     162     168     171     163     161     180     173     160
     169     155     170     172     156     156     147     165     121     154
     159     146     161     164     136     148     159     156     163     191
     234     266     343     419     498     689     685     826     907     997
     970    1081    1076    1091     863     847     698     642     473     437
     314     303     235     228     216     212     206     204     213     210
     217     250     335     402     441     625     707     893     929    1163
    1223    1377    1347    1434    1305    1280    1187    1057     824     758
     560     537     422     339     280     275     238     248     260     288
     261     286     267     288     288     253     229     248     247     218
     161     213     183     168     142     154     156     159     123     147
     140     146     152     142     134     128     133     153     134     163
     174     168     161     155     174     186     226     248     315     404
     491     663     819    1094    1390    1747    1983    2453    2671    3164
    3092    3422    3358    3469    3061    3062    2446    2369    1807    1555
    1249    1007     679     536     441     343     273     279     213     283
     283     281     306     403     449     516     645     764     808    1049
    1238    1504    1649    1935    2101    2378    2480    2905    2808    2975
    2834    2838    2501    2420    2065    1824    1580    1348    1002     863
     634     506     392     329     250     273     218     230     198     227
     208     271     265     271     313     380     416     451     419     551
     477     562     505     519     492     510     434     453     407     327
     290     313     276     290     245     256     247     244     242     254
     241     243     224     254     261     261     238     290     266     250
     258     276     243     303     287     308     294     348     349     383
     366     475     474     502     615     708     731     896     908    1040
     981     976     947     982     871     916     799     822     666     687
     612     574     483     503     460     447     399     441     404     454
     401     398     421     463     354     444     408     425     428     448
     450     414     446     466     481     531     479     514     527     506
     489     499     534     562     510     524     511     474     468     546
     475     532     438     454     468     454     446     474     430     484
     457     508     410     489     414     480     453     493     441     466
     497     493     464     502     495     523     491     529     483     539
     523     532     504     546     573     568     604     590     577     627
     549     663     606     650     630     679     579     673     612     638
     610     629     592     638     618     614     631     671     644     661
     671     614     618     684     634     643     645     667     679     697
     634     648     651     714     668     773     755     796     727     764
     760     786     785     880     905     867     882     987     906     957
     898     967     906     916     875     909     838     935     858     912
     843     820     791     834     820     859     835     839     886     879
     786     863     865     916     837     947     950     991     947    1046
    1049    1222    1246    1463    1590    1882    2108    2685    3141    3977
    4505    5263    6326    7450    7789    8999    9404   10628   10775   11844
   10884   11608   10401   10383    9437    9128    7892    7150    6298    5416
    4461    3995    3256    2847    2251    1993    1669    1605    1292    1291
    1197    1104    1042    1128    1051    1091     967    1045    1078    1019
    1059    1088    1040    1097    1038    1082    1023    1068    1112    1123
    1087    1156    1086    1142    1134    1179    1070    1287    1184    1279
    1268    1352    1358    1486    1480    1619    1774    1898    1878    2080
    2020    2319    2241    2415    2451    2497    2340    2364    2364    2374
    2109    2118    1938    1989    1671    1749    1500    1575    1350    1470
    1262    1272    1161    1239    1191    1237    1119    1174    1134    1180
    1128    1142    1161    1167    1198    1168    1200    1178    1171    1205
    1113    1129    1139    1184    1199    1164    1147    1159    1154    1217
    1180    1236    1123    1163    1137    1227    1153    1097    1073    1158
    1107    1147    1080    1148    1089    1200    1092    1167    1220    1181
    1028    1209    1143    1127    1116    1206    1176    1177    1168    1149
    1132    1215    1198    1237    1129    1222    1161    1209    1205    1290
    1203    1294    1267    1328    1279    1364    1364    1448    1468    1519
    1511    1517    1493    1490    1427    1532    1454    1479    1496    1524
    1337    1352    1302    1249    1270    1230    1126    1177    1037    1167
    1125    1159    1044    1051    1110    1091     983    1064    1043    1008
     948    1066    1018    1019    1001     995    1054    1016    1021     982
    1017    1096    1025    1084    1116    1137    1131    1206    1256    1301
    1296    1463    1592    1616    1663    1796    1927    2082    2062    2182
    2248    2336    2246    2400    2359    2481    2126    2225    2008    2122
    1879    1822    1654    1682    1437    1453    1303    1266    1161    1236
    1162    1210    1088    1057    1030    1037    1012    1006     998    1057
    1005    1047     935    1009    1016     956    1048    1031     926     952
     955    1012     919     986     969     996     902     998     921     963
     896     996     964    1026     920     927     999     943     939     954
     940     924     916     954     912     973    1002     994     953    1009
     975     979     956     951     930    1003     991     938     968     960
    1010     996     993    1003     984     994     950    1071    1036    1057
    1062    1031    1026    1082     995    1117    1151    1057    1050    1052
    1174    1130     992    1046    1001    1051     973     987    1030    1027
     904     960     947    1005     897    1013     918    1008     907     883
     909     928     867     924     927     891     942     917     901     909
     875     953     905     946     837     886     865     885     940     955
     898     915     852     918     947     901     895     973     868     977
     880     919     919     911     868     905     895     913     874     960
     866     886     872     916     906     934     899     998     861     945
     880     899     940     976     889     938     899     945     930     915
     945     948     923     969     938     969     941     963     942     972
     907     977     909     998     932     990     978     987     924     958
    1019     962     954     949     974     981     973     931     917     896
     969    1000     904     923     901     908     920     970     878     895
     908    1001     930     934     907     907     899     978     881     974
     951     967     903     964     873     948     911    1012     870     960
     953     910     889    1008     960     993     865     954     949     971
     869     885     932     940     971     995     931     975     891     894
     947     999     896     945     899     969     891     945     888     901
     921     964     890     945     920     946     879    1019     913     910
     968     924     915     911     964     917     950     992     907     960
     896    1012     917     964     878     991     867     920     884     884
     909     949     933     930     934     939     847     979     889     920
     903     907     886     935     885     908     973     931     916     920
     872     939     926     902     976     978     932     962     899     972
     946     963     993     984     937     913     912     930     927     926
     955     916     937     904     860     924     757     876     851     864
     894     860     890     898     883     876     890     911     842     911
     835     864     824     796     852     907     784     881     858     872
     736     898     824     837     771     849     852     849     800     842
     800     866     875     870     821     889     808     827     836     892
     822     845     761     875     871     806     846     902     772     810
     854     857     888     912     819     830     824     832     857     851
     840     842     824     820     812     822     832     824     798     847
     860     860     812     869     806     831     807     820     792     853
     816     783     784     796     703     792     777     832     788     854
     783     843     767     788     762     839     773     781     820     813
     750     803     784     786     827     763     845     769     786     810
     758     824     739     776     808     809     787     825     797     861
     764     831     786     804     781     779     844     865     752     802
     799     807     776     777     807     837     763     818     754     862
     753     773     778     774     756     731     806     794     728     802
     730     787     769     737     791     798     713     758     817     757
     731     757     734     760     788     714     767     775     714     740
     738     759     718     764     756     703     712     758     734     733
     741     779     779     774     671     737     788     778     746     720
     724     738     749     733     762     725     734     785     778     773
     715     785     739     820     787     755     705     832     734     730
     745     785     693     780     751     755     783     707     746     797
     741     709     797     813     713     723     708     723     705     742
     695     760     689     721     720     770     692     734     674     764
     667     720     713     706     664     699     656     698     653     734
     697     746     687     713     664     750     697     737     687     760
     631     703     687     712     710     726     663     682     685     682
     682     704     629     654     694     704     656     675     663     733
     676     718     703     686     650     656     704     683     607     682
     686     729     699     695     703     684     679     681     680     684
     642     610     647     671     691     606     598     651     649     624
     653     685     659     625     658     650     696     605     675     704
     596     614     628     639     635     609     692     661     606     600
     666     651     607     636     609     652     653     639     614     685
     610     683     580     651     598     635     653     646     588     653
     626     660     625     627     605     656     600     627     653     674
     619     641     632     653     569     641     653     631     638     668
     634     648     580     681     620     628     555     627     653     637
     646     634     651     646     571     626     585     630     579     567
     664     609     571     622     606     599     570     548     598     658
     635     619     600     608     550     653     569     648     573     624
     596     600     587     581     596     624     571     609     601     616
     605     578     570     584     558     586     619     576     607     585
     581     587     553     609     645     586     570     575     624     617
     555     588     585     587     631     619     583     657     610     622
     563     596     564     624     608     575     579     587     588     582
     547     600     585     615     576     648     599     603     559     599
     603     608     573     561     615     646     551     543     576     623
     569     605     597     578     567     565     604     579     568     575
     598     595     545     555     595     615     591     581     627     596
     562     623     569     618     576     564     598     581     558     590
     579     557     571     591     592     592     568     625     575     588
     570     608     620     603     543     578     648     604     525     632
     605     612     576     603     613     586     615     565     605     618
     572     638     604     622     571     604     586     574     579     538
     595     627     588     583     613     620     572     612     624     627
     564     581     608     621     612     605     630     636     584     658
     577     646     581     637     660     664     642     632     600     605
     618     635     708     623     639     644     587     632     676     657
     646     610     618     693     616     713     616     677     659     674
     642     695     657     664     661     696     687     696     641     640
     660     689     675     688     730     670     645     719     748     704
     708     709     825     718     695     735     731     812     709     748
     801     798     788     812     817     822     840     857     913     891
     837     851     905     894     904     902    1000    1038     952    1030
    1039    1118    1008    1116    1145    1152    1074    1165    1307    1264
    1269    1406    1365    1446    1465    1492    1599    1662    1658    1639
    1746    1864    1829    1956    2067    2089    2084    2158    2409    2385
    2364    2529    2498    2678    2548    2809    2843    3045    2818    3021
    3170    3273    3310    3320    3441    3527    3350    3473    3453    3594
    3596    3614    3793    3739    3706    3879    3748    3824    3683    3706
    3991    3960    3596    3747    3749    3764    3604    3631    3642    3597
    3391    3442    3470    3313    3178    3161    3074    3094    2940    2926
    2809    2918    2673    2549    2605    2481    2386    2369    2181    2253
    2051    2015    2089    1929    1782    1730    1645    1660    1442    1453
    1437    1349    1285    1273    1305    1261    1101    1085    1167    1119
     949    1025    1034    1020     907     995    1046     882     938     974
     953     985     957     996    1093    1019    1108    1135    1185    1217
    1273    1381    1353    1534    1430    1540    1662    1733    1585    1732
    1824    1922    1817    1885    1989    2001    1850    1930    2017    1962
    1890    1912    1930    1902    1770    1639    1811    1613    1507    1490
    1442    1405    1232    1224    1197    1081     985     967     917     853
     812     732     711     714     607     637     592     641     574     572
     565     575     558     561     517     527     550  281939
