$Informacoes da Fluorescencia de Raios-X:
"Sample    : ACC-101-MS",                                                                 
"Operator  : thiago",                                                                     
"Comment  : ",                                                                            
"Group     : thiago_acra2010ma",                                                          
"Date       : 2010-05-25 11:45:47",                                                       
"",                                                                                       
"Mesurement Condition",                                                                   
"------------------------------------------------------------------------------------",   
"Instrument : 700HS2   Atmosphere : Vac.   Collimator : 10(mm)   Spin : No",              
"------------------------------------------------------------------------------------",   
"Analyte               TG kV   uA      FI Acq.(keV)  Anal.(keV)  Time(sec)     DT(%)",    
"------------------------------------------------------------------------------------",   
"Na                    Rh 50 1000-Auto Al  0 - 20    0.8 - 1.2   Live -  959   11",       
"Channel_info_start",                                                                     
"Channel : Na",                                                                           
"Points : 2048
"Range : 0.000000 - 20.480000",                                                           
"Step : 0.010000",                                                                        
"Channel_info_end",                                                                       
$DATA:
       0    2047
       0       0       0       0       0       0       0       0       0    2048
       0       0       0       0       0       0       0       0       0       0
       0       0       0       0       0       0       0       0       0       0
       0       0       0       0       0       0       0       2       1       5
      61     128     135     148     137     137     143     144     142     144
     135     148     144     140     134     132     141     165     144     148
     148     167     174     171     167     231     190     221     188     220
     231     282     262     289     254     307     276     300     278     280
     280     274     221     235     169     160     161     165     144     160
     153     152     141     151     136     169     159     172     171     171
     162     147     169     180     142     170     176     167     158     175
     160     159     182     176     192     180     185     186     167     174
     162     156     136     155     157     162     135     163     159     170
     138     194     180     195     179     194     183     203     147     213
     171     174     147     167     147     177     169     184     167     242
     313     357     407     558     612     743     791     892     876     920
     908     931     847     820     683     586     531     469     388     423
     375     363     326     434     448     648     839    1116    1427    1888
    2050    2435    2722    2859    2859    2980    2601    2592    2051    1801
    1544    1245     909     755     586     476     327     349     326     294
     262     288     268     288     268     278     297     322     290     290
     312     297     317     280     235     277     236     291     210     227
     226     219     233     217     235     261     228     258     295     349
     482     616     641     868    1109    1495    1584    2007    2257    2579
    2461    2527    2494    2549    2111    1904    1658    1404    1102    1015
     717     638     472     449     421     388     361     340     392     373
     345     482     513     649     673     886     993    1291    1427    1648
    1740    1979    2013    2114    1943    1906    1578    1478    1208    1113
     897     748     502     465     402     374     342     378     371     395
     368     421     420     421     378     399     378     376     298     300
     288     280     265     273     251     259     227     219     266     239
     278     242     252     245     247     261     239     242     264     310
     276     309     327     357     334     442     496     629     788    1183
    1520    2124    2706    3738    4601    6082    7156    8762    9641   11177
   11017   12168   11977   11842   10677   10371    8677    7663    5900    5150
    3866    2904    2133    1517    1119     892     631     627     597     632
     675     836     979    1213    1281    1641    1829    2300    2479    3123
    3426    4292    4505    5538    6046    6838    7026    7883    7746    8128
    7685    7664    6742    6493    5428    4650    3919    3291    2375    1966
    1388    1168     740     595     443     444     326     348     363     388
     430     470     515     605     667     789     845    1008    1002    1191
    1079    1159    1123    1172    1077    1053     863     865     711     686
     546     526     466     377     352     330     308     317     276     329
     314     316     326     306     303     339     314     311     311     328
     306     340     304     327     300     389     375     408     450     556
     626     667     739     892    1047    1220    1320    1515    1561    1769
    1566    1722    1685    1708    1544    1518    1377    1201    1063     934
     893     817     683     652     571     570     520     496     450     527
     516     490     441     518     446     459     515     520     429     504
     507     568     519     581     608     637     617     651     602     665
     690     715     721     737     720     709     709     701     658     603
     631     564     588     543     563     536     526     518     484     523
     480     521     549     551     541     490     543     535     550     514
     544     505     511     540     576     570     573     557     569     574
     551     649     662     641     629     708     662     723     717     742
     689     771     727     737     744     782     721     767     716     747
     730     746     700     802     690     704     708     720     715     772
     748     741     703     711     753     753     712     739     768     829
     709     710     804     803     740     888     805     805     861     899
     865     978     996    1099    1051    1146    1088    1195    1187    1255
    1120    1247    1119    1161    1080    1103    1090    1124     933    1077
     980     956     962    1031     956     970     917     931     982    1006
     958     951     942     992    1015    1032    1067    1153    1105    1301
    1405    1643    1861    2305    2648    3516    4021    5161    6317    7940
    9204   11411   13279   15675   16684   18890   20307   22257   22142   24717
   22614   23623   21103   21030   18808   17691   15166   13725   11416   10035
    7761    6829    5540    4490    3521    3003    2346    2130    1721    1490
    1398    1333    1203    1203    1215    1260    1225    1209    1140    1186
    1152    1215    1216    1286    1158    1161    1240    1263    1156    1226
    1159    1267    1188    1328    1332    1374    1303    1379    1430    1521
    1581    1668    1830    2075    2113    2396    2585    2877    2889    3229
    3442    3738    3677    3942    4164    4153    3989    4025    3756    3618
    3415    3337    2970    2776    2451    2274    2083    2037    1697    1725
    1446    1556    1389    1391    1287    1344    1221    1271    1206    1381
    1234    1250    1342    1288    1230    1213    1309    1307    1189    1235
    1242    1297    1303    1251    1313    1205    1293    1295    1290    1268
    1216    1374    1275    1245    1180    1270    1305    1244    1213    1166
    1241    1291    1220    1199    1291    1158    1175    1204    1270    1276
    1260    1229    1190    1228    1139    1285    1151    1206    1170    1230
    1246    1350    1247    1302    1276    1353    1261    1342    1316    1400
    1316    1430    1500    1522    1398    1568    1555    1626    1646    1821
    1774    1841    1785    1828    1800    1804    1679    1803    1655    1645
    1550    1509    1482    1447    1377    1394    1230    1335    1212    1244
    1149    1240    1150    1150    1151    1175    1140    1191    1115    1114
    1065    1193    1079    1176     985    1108    1120    1154    1068    1121
    1098    1132    1120    1109    1149    1242    1136    1232    1219    1316
    1304    1426    1419    1621    1619    1682    1755    1882    1857    1969
    1972    2076    1891    2073    2079    1943    1968    1913    1823    1824
    1631    1687    1454    1467    1417    1394    1302    1325    1157    1238
    1154    1197    1098    1140    1150    1127    1143    1138    1136    1176
    1158    1138    1124    1177    1099    1097    1159    1182    1062    1077
    1035    1144    1043    1109    1056    1060     988    1022    1092    1049
    1029    1139    1084    1106    1011    1089    1030    1069     978    1070
    1030    1125    1015    1029    1074    1137     948    1053    1064    1066
    1032    1044    1056    1083     943    1049    1060    1031    1014    1042
     934    1078    1058    1047    1027    1109    1086    1142    1027    1096
    1073    1118    1144    1136    1103    1166    1181    1158    1079    1130
    1198    1190    1040    1201    1161    1111    1077    1089    1026    1089
    1023    1019     967    1081    1026    1042    1049    1038     987     978
    1015     988     943     952     915    1073     986    1012     941    1030
     981    1031    1094    1039     981    1012     984     998     972     986
    1009    1012    1077    1037    1035     993     902    1003     989    1019
     966     981     986     993     970     967     981     967     989     997
    1005     994     971     988    1060    1034     934    1034    1020    1034
     953    1020     971    1038     992    1019     977    1086    1049    1057
    1079    1091    1008    1111    1126    1104    1073    1219    1174    1211
    1117    1174    1200    1201    1142    1195    1131    1192    1079    1124
    1170    1129    1043    1152    1112    1078    1047    1063    1088    1090
    1046    1046     985     998    1034    1055     975    1068    1027    1049
     983    1018     956     997    1006    1056    1001    1079    1008    1014
     960    1064    1002     994     945     978    1090     986     939    1075
    1092     974    1078    1094     989    1058     977    1035    1052     987
    1046    1057    1049    1042    1032    1050     984    1055    1014    1058
    1016    1037    1009    1037    1054    1023    1005     988    1001    1080
     983     963    1032    1057     967    1045     965    1004     930    1004
    1028    1090    1055     985     984    1051     951    1004    1028    1038
     945    1081    1010    1012     967    1048    1036    1004     970    1001
    1017     992     956    1039     996    1032     988    1113    1066    1069
     997    1016    1080    1015    1028    1071    1077    1116    1156    1164
    1233    1228    1135    1313    1338    1309    1297    1304    1314    1366
    1235    1321    1270    1253    1225    1264    1253    1270    1150    1151
    1113    1120    1080    1077    1075    1078    1002     992    1057     992
     937     965     974    1006     919     957    1011     982     879     999
     925     979     916     946     891     972     819     956     947     970
     925     895     950     976     878     934     936     974     944     965
     928     925     863     926     906     978     922     943    1012     975
     939     996     945     995     953    1010    1036     966     899    1031
     988    1048     979    1019     980     968     957     943     933     976
     924     979     961     932     962     950     924     964     907     936
     959     915     858     922     909     937     832     944     874     908
     865     924     878     920     871     896     907     861     832     933
     918     889     858     834     918     862     875     900     862     927
     839     861     889     862     849     880     859     908     898     923
     981     903     903     885     963     931     926     916     964     975
     928     924     978    1002     922     947     891     943     873     882
     927     931     926     870     948     974     886     890     880     947
     854     889     894     814     824     871     820     882     845     846
     802     842     819     754     824     849     794     813     837     833
     827     791     809     811     802     792     854     840     789     843
     825     804     765     855     820     871     820     864     817     866
     759     750     811     838     824     872     907     876     822     882
     843     885     815     861     915     892     864     873     915     918
     851     847     840     889     850     899     844     880     813     799
     841     834     901     847     837     881     841     790     789     823
     820     819     771     756     731     748     759     792     827     744
     823     725     764     744     763     745     735     761     762     824
     735     819     772     772     746     756     779     844     725     712
     768     784     765     777     725     797     713     813     775     776
     710     760     837     816     727     727     789     730     772     737
     741     753     724     792     691     716     745     792     738     769
     677     758     718     789     738     696     744     824     770     765
     715     778     722     741     747     717     754     686     778     717
     684     743     735     731     706     720     770     723     689     718
     729     708     716     752     694     672     729     709     681     753
     698     671     726     706     691     691     785     718     683     740
     666     669     684     674     687     676     644     729     676     677
     655     703     662     724     717     700     703     736     651     667
     720     720     624     737     737     748     696     743     713     760
     709     761     703     747     690     746     754     755     679     741
     756     742     675     728     691     765     637     703     723     711
     708     658     727     699     685     670     681     689     700     710
     726     673     632     691     681     639     669     718     630     677
     655     645     725     677     659     648     694     654     650     703
     609     683     608     669     696     718     688     684     662     643
     653     636     689     666     643     630     673     642     603     606
     685     656     655     625     641     683     588     627     693     688
     612     707     640     648     676     642     633     682     657     627
     667     676     633     674     669     689     630     660     673     647
     606     630     638     684     692     633     650     684     621     668
     681     684     638     629     620     650     619     604     652     624
     608     644     652     627     580     624     624     691     615     624
     614     639     670     640     651     657     664     617     635     661
     660     645     655     648     631     615     642     661     621     624
     650     631     636     651     650     650     658     655     696     637
     616     638     659     639     634     629     691     624     620     633
     693     599     642     636     649     667     614     658     640     643
     675     629     709     659     652     625     702     702     633     604
     689     649     631     630     673     650     677     600     666     662
     649     620     641     672     657     667     703     632     653     660
     736     682     651     652     713     678     679     751     637     661
     605     647     785     717     655     674     658     660     671     721
     675     705     699     734     728     737     694     685     679     734
     682     760     756     747     725     702     806     776     698     759
     786     760     784     715     787     792     687     768     778     804
     799     763     837     856     795     808     777     871     815     876
     840     893     868     881     923     944     845     880    1074     943
     898     957    1034    1057    1061    1013    1134    1083    1103    1096
    1153    1143    1139    1291    1292    1355    1307    1335    1494    1438
    1406    1483    1533    1612    1607    1707    1727    1861    1802    1943
    2089    2089    2064    2177    2340    2418    2387    2322    2562    2603
    2620    2655    2910    2976    2865    3032    3216    3320    3260    3296
    3534    3597    3539    3667    3776    3971    3775    3758    4042    4001
    4007    3987    4147    4117    3944    3989    4290    4282    4073    3914
    4379    4187    4059    3986    3893    4056    3873    3818    3880    3868
    3586    3539    3718    3513    3354    3364    3241    3316    2978    3126
    2861    2943    2753    2659    2712    2520    2304    2316    2320    2279
    2130    2043    2123    1939    1786    1733    1760    1686    1557    1445
    1527    1461    1370    1357    1339    1306    1165    1224    1151    1088
    1064    1020     995    1097    1015    1018    1038    1035     993     994
    1034    1069    1057    1021    1244    1173    1172    1264    1278    1421
    1338    1439    1515    1708    1596    1737    1797    1880    1854    1897
    1987    1986    1960    2086    2055    2115    2134    2188    2233    2055
    2021    2032    2098    2065    1889    1769    1872    1735    1666    1515
    1514    1508    1249    1270    1203    1201    1044     995    1005     948
     804     815     740     717     707     706     658     676     619     621
     584     624     568     600     586     595     587  305303
