$Informacoes da Fluorescencia de Raios-X:
"Sample    : ACC-162-MS",                                                                 
"Operator  : thiago",                                                                     
"Comment  : ",                                                                            
"Group     : thiago_acra2010ma",                                                          
"Date       : 2010-05-26 15:14:36",                                                       
"",                                                                                       
"Mesurement Condition",                                                                   
"------------------------------------------------------------------------------------",   
"Instrument : 700HS2   Atmosphere : Vac.   Collimator : 10(mm)   Spin : No",              
"------------------------------------------------------------------------------------",   
"Analyte               TG kV   uA      FI Acq.(keV)  Anal.(keV)  Time(sec)     DT(%)",    
"------------------------------------------------------------------------------------",   
"Na                    Rh 50 1000-Auto Al  0 - 20    0.8 - 1.2   Live -  959   11",       
"Channel_info_start",                                                                     
"Channel : Na",                                                                           
"Points : 2048
"Range : 0.000000 - 20.480000",                                                           
"Step : 0.010000",                                                                        
"Channel_info_end",                                                                       
$DATA:
       0    2047
       0       0       0       0       0       0       0       0       0    2048
       0       0       0       0       0       0       0       0       0       0
       0       0       0       0       0       0       0       0       0       0
       0       0       0       0       0       0       0       2       2       5
      48     134     126     165     142     144     153     160     158     166
     148     142     134     169     137     152     135     133     133     170
     139     171     178     206     209     202     181     210     169     184
     201     223     244     288     288     310     244     310     304     326
     257     287     235     217     212     216     153     211     152     219
     192     258     228     288     286     346     363     392     392     382
     335     325     298     311     252     233     237     219     227     268
     272     304     303     339     315     333     298     338     297     259
     233     220     184     175     171     190     175     159     174     205
     195     223     197     225     231     237     236     282     204     194
     215     183     194     175     189     188     157     197     177     210
     232     318     340     427     479     530     628     668     650     735
     684     683     584     600     535     490     446     405     322     350
     296     298     318     346     431     530     682    1016    1199    1621
    1766    2191    2388    2699    2470    2620    2391    2300    1835    1705
    1340    1166     781     674     534     413     342     324     294     297
     278     277     286     265     270     259     284     305     269     311
     287     269     288     335     281     287     294     281     242     254
     240     277     255     286     265     290     297     342     363     428
     492     546     615     819     973    1159    1352    1533    1737    1978
    1891    2118    1984    1982    1756    1628    1403    1268    1040     956
     748     700     617     575     563     622     616     720     807     977
    1216    1635    2150    2947    3835    5768    6406    8704    9661   11674
   12705   13909   13687   14797   13844   13070   10995    9957    8172    6827
    4884    4042    2758    2264    1653    1438    1296    1350    1273    1419
    1560    1586    1516    1512    1359    1319    1106    1078     935     739
     601     481     382     353     288     260     246     226     190     211
     217     183     218     196     192     206     189     191     232     215
     214     231     229     272     251     342     364     469     565     785
    1044    1363    1764    2403    3014    4039    4630    5727    6134    7289
    7438    8084    7785    8001    7138    6821    5486    5152    3998    3388
    2492    1941    1392    1099     807     576     490     421     389     430
     471     594     674     812     957    1163    1365    1689    1899    2475
    2780    3419    3675    4672    5255    5981    6279    7093    7224    7388
    6979    7065    6307    5985    4994    4431    3609    2893    2090    1700
    1268     971     686     557     441     315     293     259     303     338
     365     388     435     508     585     738     771     854     919    1055
    1019    1053    1052    1084     994    1009     836     754     683     605
     512     456     409     385     311     300     284     282     239     244
     263     278     254     250     241     270     230     265     235     278
     267     297     292     289     266     336     322     329     400     426
     494     553     593     778     829     903     999    1159    1303    1307
    1249    1374    1305    1309    1153    1180    1014     978     918     770
     728     670     578     599     476     542     497     488     414     473
     453     447     466     437     446     453     460     480     458     510
     467     499     480     566     553     595     569     606     560     605
     541     607     610     582     631     649     587     569     536     520
     508     510     485     479     480     499     490     463     454     470
     473     490     497     495     478     478     484     480     485     508
     477     541     522     558     541     531     550     524     508     560
     516     597     594     631     571     684     668     710     610     685
     682     721     698     731     701     714     660     704     667     728
     672     701     636     713     625     693     693     725     659     738
     661     729     685     727     710     720     728     721     683     701
     677     727     724     720     736     793     722     759     727     819
     809     875     870     916     883     978     940    1051    1064    1071
     979    1083    1022    1038     979    1012     961     973     899     957
     908     921     895     905     978     911     848     937     955     988
     896     949     963     991     926     981     949    1151    1081    1214
    1250    1420    1640    1897    2259    2933    3377    4444    5460    6655
    7926    9625   11217   13270   14178   16243   17836   19070   19325   21501
   19857   20322   18647   18308   16549   15418   13045   12303   10203    8756
    7070    5949    4860    3995    3179    2697    2123    1957    1659    1500
    1266    1224    1202    1206    1155    1250    1102    1147    1151    1157
    1078    1185    1153    1207    1182    1225    1195    1184    1184    1229
    1135    1210    1153    1199    1137    1270    1308    1425    1389    1424
    1403    1570    1625    1818    1965    2120    2247    2577    2669    2880
    3016    3323    3239    3586    3715    3857    3450    3578    3343    3396
    2959    2993    2783    2532    2276    2119    1900    1885    1642    1590
    1505    1401    1306    1285    1317    1239    1231    1239    1216    1167
    1167    1191    1179    1210    1142    1204    1195    1252    1253    1213
    1179    1246    1153    1224    1233    1229    1206    1238    1242    1277
    1186    1270    1155    1203    1195    1196    1203    1188    1173    1160
    1252    1269    1163    1177    1236    1229    1228    1221    1270    1203
    1127    1205    1204    1246    1167    1251    1157    1260    1197    1241
    1206    1267    1229    1314    1270    1264    1242    1281    1264    1407
    1241    1380    1405    1411    1381    1430    1498    1581    1495    1646
    1577    1584    1544    1626    1594    1666    1590    1517    1519    1614
    1419    1385    1399    1318    1234    1309    1225    1159    1205    1126
    1102    1145    1102    1128    1081    1126    1060    1072    1038    1118
    1119    1109    1071    1161    1049    1120    1053    1058    1016    1081
    1087    1101    1013    1107    1066    1138    1049    1133    1162    1247
    1205    1286    1312    1362    1338    1475    1592    1595    1619    1655
    1687    1729    1699    1754    1768    1802    1570    1639    1621    1641
    1429    1411    1445    1290    1238    1228    1142    1206    1131    1208
    1079    1154    1053    1108    1083    1110    1010    1146    1045    1092
    1039    1076    1058    1102    1013    1109    1107    1131    1013    1081
    1047    1047    1046    1041     998    1055    1073    1020    1006    1091
    1007    1052    1049    1072    1012    1062     963    1055     985    1045
    1036    1027    1002    1022    1059    1073     919     978    1023    1037
     983    1010     974    1013     958    1022    1088    1027     948    1014
     946    1055     936    1006    1063    1063     944    1028    1073    1074
     966    1075    1023    1070    1044    1029    1056    1028    1004    1011
    1122    1084     991    1009    1030    1076     938    1010    1000    1037
     953    1001     990    1001     938     986     970    1013     931    1018
     975    1024     920     992     921     965     929     969    1000    1005
     913     961     984     983     879     936     918    1016     943     935
     943    1009     928     985     970     969     932     950     961     987
     960     991     974     983     958     993     987     961     929     969
     996     985     955     978     929    1010     926     950     933     959
     925     969     970    1018     979    1037     959    1055     984     986
     953     999    1041    1053    1120    1039    1032    1065    1001    1098
    1062    1030    1064    1054    1001    1079    1052    1102    1025    1035
    1045    1066    1021    1082     977    1082     967    1054    1000    1046
     949    1064     968    1020     958    1025     963    1017     938     987
     990     976     982     966     994    1008     936    1061     959    1008
     907    1029    1019    1013    1005     967     979    1008     979     956
    1005    1016     913    1012     941     984     972    1083     984     999
     986     958    1019     998     947     994     952    1013     970     993
    1017    1026     988     963    1046     975     955     985     976    1030
     959     964     999     976     991    1049     964    1011     895    1006
     971    1034    1002     994     985     984     911     960     967    1011
     896    1047    1019    1006     939     950     967     972     920     982
     940     985     903     975     968    1012     910     991     964     944
     910     990    1002     995     986    1042    1037    1016     942    1066
     993    1030    1078    1142    1123    1108    1084    1132    1041    1089
    1025    1114    1133    1110    1024    1097    1085    1099    1022    1045
     989     992     955    1016     988     961     935     973     933     944
     842     894     900     941     914     964     922     923     869     928
     886     960     871     908     911     914     822     911     847     868
     884     928     896     959     847     879     872     934     823     894
     866     929     872     891     895     959     860     855     894     935
     857     926     883     947     816     871     911     919     902     905
     862     919     878     851     943     937     926     880     954     940
     883     840     894     928     883     901     867     884     782     833
     887     848     832     905     871     914     801     866     844     854
     837     897     879     877     830     763     814     853     833     870
     824     888     822     847     868     823     789     822     857     827
     820     865     904     939     827     849     824     904     851     837
     860     831     833     812     846     830     863     900     861     863
     845     914     871     847     828     841     862     857     875     871
     760     869     854     827     813     848     767     840     832     823
     775     816     802     802     805     785     734     794     759     848
     769     817     775     802     783     806     690     851     823     780
     764     842     755     837     718     808     879     835     799     820
     777     772     757     776     809     825     779     809     796     816
     787     798     801     850     791     783     767     862     770     879
     775     849     783     807     812     793     826     790     837     833
     776     849     827     790     766     847     842     848     791     864
     802     887     824     808     779     831     753     799     798     708
     749     745     777     753     748     739     793     769     796     738
     759     760     721     755     767     788     777     798     710     730
     755     729     734     744     690     748     730     742     695     698
     738     707     688     756     746     734     748     740     746     753
     734     687     732     774     724     746     682     731     714     742
     742     759     744     709     747     719     709     767     718     661
     725     658     727     730     647     633     700     712     728     742
     717     725     719     682     737     718     690     704     658     698
     690     638     647     687     666     703     678     714     622     690
     706     696     631     707     684     649     742     652     684     670
     717     738     638     721     639     626     724     718     682     654
     633     678     675     671     681     671     638     671     693     632
     660     676     629     722     647     659     650     693     707     663
     684     706     668     690     729     688     659     667     686     746
     707     677     684     674     676     660     719     718     676     729
     649     665     652     717     635     710     704     711     672     628
     655     665     674     692     611     666     639     667     660     659
     626     643     593     664     637     651     640     616     658     650
     622     660     630     660     618     641     640     663     616     607
     611     678     596     633     617     667     656     597     575     637
     615     592     748     618     569     652     590     657     632     661
     607     652     598     607     645     631     623     565     626     640
     585     623     640     657     596     647     617     690     584     671
     626     617     602     670     610     667     577     598     619     621
     624     639     600     642     620     618     592     629     584     613
     659     653     549     626     589     634     557     601     619     601
     615     580     626     635     647     599     611     643     583     612
     596     606     649     615     617     606     599     650     605     654
     567     615     631     682     557     594     594     573     588     617
     612     640     576     597     647     641     621     641     679     607
     545     617     594     643     551     668     620     608     619     604
     612     624     580     651     671     647     622     619     635     655
     635     596     618     620     559     641     617     658     653     573
     676     660     618     635     590     608     639     619     653     632
     632     641     606     670     621     653     645     672     614     647
     607     650     596     623     651     676     582     660     630     606
     604     620     725     653     597     686     629     669     639     687
     653     717     641     618     743     688     693     742     670     655
     682     671     690     704     696     692     792     724     722     721
     739     767     685     726     742     742     771     755     764     837
     772     738     798     764     758     793     811     822     801     836
     804     890     796     795     900     818     817     886     977     964
     912     907     972     991     928     959    1058    1043    1059    1067
    1076    1105    1064    1162    1175    1229    1247    1261    1303    1329
    1359    1390    1510    1547    1542    1523    1666    1734    1800    1767
    1870    1939    1889    1968    2149    2165    2229    2144    2488    2419
    2508    2620    2773    2863    2833    2873    3070    3014    2981    3258
    3324    3391    3348    3400    3641    3667    3475    3562    3647    3807
    3702    3857    3888    4043    3854    3886    4000    3966    3855    3881
    4239    4076    3753    3937    3761    3888    3640    3648    3710    3828
    3551    3527    3579    3360    3280    3276    3219    3122    2899    3006
    2918    2802    2668    2531    2664    2440    2276    2250    2344    2221
    2000    1972    2017    1937    1731    1734    1701    1711    1501    1511
    1464    1436    1349    1297    1360    1213    1182    1110    1157    1146
    1028    1096    1000    1060    1006     968    1031    1011     977     950
     992    1089    1059     947    1176    1189    1058    1204    1223    1336
    1316    1441    1462    1542    1561    1695    1603    1737    1781    1830
    1875    2000    1994    2082    2029    2232    2088    2084    2094    2156
    2030    2019    1987    1881    1773    1772    1877    1780    1535    1554
    1420    1440    1271    1220    1162    1100    1011     960     947     855
     818     710     776     693     618     646     643     600     568     569
     614     592     567     577     566     535     545  291171
