$Informacoes da Fluorescencia de Raios-X:
"Sample    : ACC-102-MS",                                                                 
"Operator  : thiago",                                                                     
"Comment  : ",                                                                            
"Group     : thiago_acra2010ma",                                                          
"Date       : 2010-05-25 12:06:26",                                                       
"",                                                                                       
"Mesurement Condition",                                                                   
"------------------------------------------------------------------------------------",   
"Instrument : 700HS2   Atmosphere : Vac.   Collimator : 10(mm)   Spin : No",              
"------------------------------------------------------------------------------------",   
"Analyte               TG kV   uA      FI Acq.(keV)  Anal.(keV)  Time(sec)     DT(%)",    
"------------------------------------------------------------------------------------",   
"Na                    Rh 50 1000-Auto Al  0 - 20    0.8 - 1.2   Live -  960    7",       
"Channel_info_start",                                                                     
"Channel : Na",                                                                           
"Points : 2048
"Range : 0.000000 - 20.480000",                                                           
"Step : 0.010000",                                                                        
"Channel_info_end",                                                                       
$DATA:
       0    2047
       0       0       0       0       0       0       0       0       0    2048
       0       0       0       0       0       0       0       0       0       0
       0       0       0       0       0       0       0       0       0       0
       0       0       0       0       0       0       0       1       3       3
      45      95      90     102      79      96     102      98      98      99
      87     106      93     113     102     102      90     108      93     108
      87     115     107      98     113     124     116     145     131     156
     168     183     193     256     237     265     270     267     272     254
     219     231     193     177     146     122     108     107      85      89
      90      93      87     105     102     116     121     103     121     109
     102     105      98     111      96     123      87     103      88      97
     106     120     102     112     105     119     119     113      96      98
     111      96     108     105      90      86      90      99      82     104
      91     119      80     104     112     119     106     118      91     136
     107     116     107      88      96     122      96     118     114      98
     121     155     143     182     183     207     233     250     243     269
     242     242     249     221     204     198     154     163     111     148
     119     119     133     157     158     190     211     264     343     414
     497     571     612     609     618     676     575     583     495     441
     360     310     234     203     182     152     143     118     122     108
     113     114     104     135     100     105     115     138     100     121
     109     114     108      99     104     112     115     113     106     106
      94      88      75     108      94     103      92      98      94     114
     122     144     165     207     190     235     262     311     321     353
     362     344     364     374     294     297     273     263     211     190
     172     139     120     115     125     105      95     105     104     152
     135     167     177     260     258     388     402     474     482     611
     676     747     733     762     716     746     598     555     521     410
     324     323     216     215     192     191     189     178     149     189
     152     182     181     186     190     198     179     153     170     177
     124     145     143     141     112     103     108     120     106     114
     114     113      91     105      82     115     105      98     119     105
      99     129     109     112     114     122     118     166     167     213
     249     320     417     539     592     792     870    1103    1178    1409
    1340    1482    1466    1446    1274    1318    1075    1009     778     659
     571     469     344     296     220     194     134     162     155     151
     170     193     200     222     262     350     351     389     501     578
     727     860     972    1164    1281    1524    1570    1715    1825    1840
    1689    1722    1606    1502    1223    1094    1011     844     638     524
     406     340     260     228     179     204     164     173     166     175
     178     203     201     242     214     287     302     328     293     394
     313     365     358     337     340     317     329     305     287     279
     239     213     204     221     200     184     206     221     213     200
     191     202     191     204     211     213     183     199     215     212
     196     210     232     230     223     216     213     266     220     281
     272     320     337     359     363     398     394     473     528     555
     524     508     490     522     472     536     473     483     432     379
     379     367     324     334     310     346     316     328     344     365
     323     319     336     349     346     359     349     376     312     322
     324     372     352     331     383     405     400     391     384     446
     370     416     380     427     397     396     389     411     346     378
     375     385     346     348     359     358     377     352     355     410
     376     391     368     380     403     358     386     401     388     394
     368     400     407     423     403     381     387     452     400     436
     447     446     462     472     476     505     491     491     475     515
     487     534     502     532     545     502     542     533     501     528
     529     510     462     528     521     529     509     597     531     537
     519     520     517     528     545     536     523     586     553     569
     542     565     562     580     498     554     579     642     611     584
     639     639     586     666     670     699     652     676     703     762
     668     783     667     709     629     704     657     718     687     718
     651     706     653     686     654     664     670     712     712     715
     696     752     721     788     732     747     783     748     762     802
     805     871     815    1016    1060    1226    1249    1470    1726    1996
    2239    2635    2870    3391    3525    3919    4234    4558    4561    5012
    4677    4771    4589    4414    3982    3944    3294    3204    2694    2423
    2105    1921    1677    1500    1214    1242    1070    1095     931     950
     982     953     859     899     867     878     877     895     956     892
     865     857     904     957     916     947     854     874     902     971
     956     950     903    1008     969     937     902    1010     956    1048
    1010    1043    1111    1076    1032    1132    1147    1154    1266    1219
    1284    1409    1423    1401    1469    1422    1451    1493    1451    1345
    1284    1350    1307    1222    1158    1141    1129    1124    1016    1058
     998    1069     983     963     977     886     946    1024     969    1045
     907    1010     973     988     967     967     964     973     899     975
     988     985     934     945     971     953     951     994     993    1012
    1022    1009     917     984     898     950     945    1001     919     986
     945    1006     929     965    1001    1000     906     973    1039    1001
     966     993     932    1015     987     956     935     999     956    1013
    1005    1024     966    1052    1044    1023     977    1000    1045    1069
    1125    1097    1072    1160    1051    1150    1185    1265    1209    1337
    1270    1345    1201    1310    1266    1305    1233    1255    1170    1158
    1028    1045    1077    1061    1050    1070     977    1044     928     946
     868     890     832     896     913     888     802     865     850     884
     859     902     797     904     845     900     843     835     854     849
     857     943     866     811     885     896     835     956     867     931
     878     892     981     949     984    1002    1006    1072    1085    1057
    1145    1110    1071    1131    1112    1168    1082    1092    1041    1005
     979     936     917     958     841     865     931     927     926     879
     864     902     844     887     945     827     840     856     864     888
     823     835     825     852     865     864     780     809     771     844
     805     886     823     866     870     849     763     819     756     808
     782     803     773     823     812     817     814     813     794     841
     821     848     753     814     821     772     741     837     759     885
     757     829     785     827     745     865     830     796     780     801
     819     781     768     843     779     768     783     805     815     778
     831     817     794     851     798     836     815     804     786     787
     861     805     777     829     786     787     700     790     754     803
     768     760     800     759     793     768     754     807     758     801
     753     799     746     772     793     782     701     772     785     762
     746     717     776     767     779     836     740     820     735     758
     745     787     722     726     817     784     798     731     763     777
     742     764     730     788     733     759     800     771     718     782
     821     744     739     783     797     821     812     759     750     754
     768     777     797     785     759     818     793     780     760     826
     764     780     782     773     886     845     803     808     830     755
     783     812     807     842     779     786     804     749     783     833
     806     774     798     835     793     842     763     727     760     809
     720     798     790     864     791     829     751     825     830     815
     838     830     735     744     790     761     729     787     775     791
     735     787     769     814     796     797     771     819     704     768
     794     783     784     808     748     768     782     779     774     760
     784     761     781     832     769     810     784     825     764     779
     749     813     718     735     808     794     724     750     836     818
     718     835     771     800     739     848     827     805     735     772
     793     833     720     730     847     773     732     810     787     815
     763     802     760     841     801     759     785     808     752     800
     788     752     764     700     792     788     729     734     752     811
     750     770     721     736     741     782     754     749     774     765
     781     810     696     814     821     762     680     790     750     758
     811     807     775     792     703     685     716     762     768     771
     747     721     728     763     716     705     685     732     733     773
     707     698     713     716     703     733     749     747     693     706
     754     719     657     760     727     759     681     732     726     786
     676     750     694     703     710     760     693     738     721     698
     674     715     707     753     690     709     696     754     690     780
     712     669     700     764     752     720     725     741     683     706
     681     705     696     703     686     721     655     671     748     691
     740     644     725     700     670     716     672     699     676     729
     694     681     681     707     661     673     669     670     713     689
     684     646     640     726     632     703     652     699     702     653
     635     674     618     732     646     718     631     683     673     687
     655     641     710     636     687     675     654     636     681     694
     689     689     629     732     637     707     648     665     646     632
     702     678     632     705     666     653     665     661     677     663
     682     694     687     678     653     673     628     671     607     674
     635     685     675     659     581     601     662     705     594     644
     626     666     608     685     630     664     605     659     680     653
     613     673     636     647     575     640     655     674     626     601
     605     637     621     652     659     653     636     609     656     638
     619     710     619     643     621     624     662     610     623     676
     640     695     572     641     670     635     633     606     644     670
     632     655     627     656     646     643     644     637     570     623
     603     628     567     659     623     607     625     642     608     632
     636     621     672     575     597     619     569     609     542     572
     617     597     580     602     574     632     601     580     620     612
     596     602     632     577     577     557     594     586     543     610
     610     575     606     556     635     567     565     577     602     571
     583     562     614     598     588     606     592     561     571     568
     557     580     590     575     570     603     566     591     539     532
     514     634     561     577     526     528     595     630     562     580
     575     599     530     554     581     569     520     577     553     569
     516     620     569     533     530     552     592     572     523     556
     574     537     553     531     574     540     589     525     573     578
     519     589     601     567     526     505     602     584     544     525
     548     549     549     586     557     515     527     538     524     553
     489     545     529     542     531     501     565     565     509     516
     521     542     493     523     569     570     547     553     540     566
     501     540     556     565     517     542     532     555     522     550
     546     544     482     522     536     533     497     520     540     517
     502     568     546     545     489     479     538     488     532     518
     493     512     517     539     494     522     473     526     515     543
     500     525     567     529     542     488     501     482     487     537
     544     496     533     497     490     537     467     469     521     521
     518     495     562     523     500     494     525     498     533     513
     537     511     501     519     481     510     483     517     502     556
     530     497     500     527     442     472     505     476     530     545
     473     519     467     520     579     446     475     516     519     509
     460     473     517     539     504     500     490     526     463     525
     484     491     497     468     503     475     468     508     548     520
     505     499     501     476     452     471     500     503     526     513
     491     498     468     482     484     484     486     472     491     515
     474     516     493     519     481     550     466     479     460     499
     475     518     483     503     514     501     471     501     544     492
     460     492     527     443     486     482     512     510     521     527
     513     467     479     501     498     499     467     494     504     489
     500     481     520     495     497     503     528     517     520     470
     543     522     545     462     467     522     528     496     537     532
     508     490     529     502     484     548     520     522     485     523
     539     521     547     502     510     561     520     480     536     556
     553     511     566     515     510     524     528     547     518     520
     583     577     545     522     534     552     529     544     548     528
     546     557     591     594     573     599     528     585     576     548
     640     604     567     584     639     607     566     586     603     619
     591     657     683     629     632     609     674     619     632     655
     686     675     633     680     680     683     722     689     750     774
     764     730     764     775     772     739     912     910     833     891
     903     910     895     948     962    1013     965    1018    1103    1072
    1073    1187    1204    1218    1253    1343    1342    1396    1514    1507
    1583    1596    1569    1728    1821    1879    1861    1839    2103    2007
    2020    2151    2227    2293    2344    2351    2495    2621    2600    2545
    2686    2778    2711    2966    2926    2918    2839    3014    2977    3215
    3176    3093    3329    3214    3109    3200    3170    3219    3169    3158
    3586    3292    3014    3160    3256    3202    3069    3027    3089    3072
    2815    2887    2935    2748    2676    2739    2691    2551    2490    2465
    2260    2277    2138    2088    2070    2018    1911    1799    1911    1852
    1606    1636    1618    1527    1380    1417    1386    1367    1206    1168
    1235    1095    1018    1095    1087    1008     907     885     941     908
     842     844     837     806     837     800     867     768     829     843
     827     881     877     836     993     952     934     987    1090    1124
    1137    1196    1302    1336    1316    1376    1379    1550    1485    1555
    1580    1613    1584    1713    1721    1681    1598    1682    1669    1632
    1574    1524    1580    1505    1455    1288    1459    1322    1152    1191
    1132    1069     995     901     908     800     815     742     714     675
     639     575     611     562     533     467     501     471     478     504
     491     423     415     471     490     475     460  236330
