$Informacoes da Fluorescencia de Raios-X:
"Sample    : ACC-148-MS",                                                                 
"Operator  : thiago",                                                                     
"Comment  : ",                                                                            
"Group     : thiago_acra2010ma",                                                          
"Date       : 2010-05-26 10:31:21",                                                       
"",                                                                                       
"Mesurement Condition",                                                                   
"------------------------------------------------------------------------------------",   
"Instrument : 700HS2   Atmosphere : Vac.   Collimator : 10(mm)   Spin : No",              
"------------------------------------------------------------------------------------",   
"Analyte               TG kV   uA      FI Acq.(keV)  Anal.(keV)  Time(sec)     DT(%)",    
"------------------------------------------------------------------------------------",   
"Na                    Rh 50 1000-Auto Al  0 - 20    0.8 - 1.2   Live -  959   10",       
"Channel_info_start",                                                                     
"Channel : Na",                                                                           
"Points : 2048
"Range : 0.000000 - 20.480000",                                                           
"Step : 0.010000",                                                                        
"Channel_info_end",                                                                       
$DATA:
       0    2047
       0       0       0       0       0       0       0       0       0    2048
       0       0       0       0       0       0       0       0       0       0
       0       0       0       0       0       0       0       0       0       0
       0       0       0       0       0       0       1       1       1       3
      76     124     131     134     130     123     140     142     127     136
     130     132     139     154     124     169     137     167     143     151
     159     178     170     208     195     217     204     215     227     250
     254     248     241     292     237     275     263     287     280     252
     220     262     210     182     150     179     147     152     136     156
     142     145     138     144     167     169     166     191     179     181
     187     173     154     143     143     138     157     165     181     179
     206     182     197     201     222     186     181     197     166     201
     157     193     143     162     134     137     151     161     165     146
     164     169     178     157     177     186     166     187     182     188
     150     168     161     175     165     167     133     203     202     199
     230     309     325     470     508     632     638     739     801     881
     783     866     755     722     620     589     503     445     410     390
     375     314     328     388     492     584     711    1029    1316    1588
    1817    2321    2381    2831    2692    2745    2434    2389    1997    1740
    1305    1165     859     655     524     475     375     324     298     319
     269     320     286     278     282     299     287     338     335     360
     344     362     306     329     302     320     276     299     301     267
     265     283     269     282     275     312     290     337     382     522
     623     834    1066    1497    1734    2236    2740    3402    3733    4317
    4354    4637    4426    4375    3654    3398    2898    2393    1852    1578
    1133     916     749     684     554     566     503     472     462     496
     499     575     564     708     785    1093    1186    1518    1616    2066
    2253    2486    2404    2651    2344    2358    1951    1828    1505    1304
    1029     903     625     545     430     419     385     410     376     412
     464     438     461     471     443     450     411     367     331     338
     292     281     264     264     228     236     222     195     221     263
     240     218     233     240     191     258     218     271     242     295
     275     264     258     348     355     398     494     576     750    1069
    1472    2021    2589    3862    4587    6227    7105    9178    9789   11356
   11762   12723   12420   12553   11096   11139    8807    8122    6359    5429
    3998    3158    2150    1681    1130     950     655     582     567     592
     584     809     879    1105    1313    1514    1722    2149    2396    2866
    3137    3778    3996    4755    5244    5974    6127    6841    6818    7290
    6501    6746    6012    5633    4818    4289    3332    2827    2183    1668
    1245     993     653     545     433     338     299     285     309     373
     323     427     435     579     596     679     761     842     848    1017
    1003    1037     930     991     911     933     814     775     646     614
     471     460     374     363     316     299     269     267     262     292
     274     292     300     300     280     271     268     287     296     276
     259     286     294     319     272     319     327     375     389     472
     524     574     641     795     916    1062    1142    1304    1374    1505
    1494    1582    1464    1519    1335    1294    1152    1106     896     847
     724     668     603     619     539     559     466     502     467     461
     439     466     482     416     398     424     450     435     452     467
     460     505     489     523     516     542     545     546     606     603
     555     626     629     660     593     701     603     595     524     564
     542     544     516     506     497     534     496     493     474     440
     496     503     421     496     450     515     479     473     485     496
     484     546     484     536     508     512     544     502     529     559
     546     583     565     629     646     636     669     611     617     624
     639     683     697     710     675     726     647     655     681     656
     616     656     678     657     644     715     603     700     617     684
     639     725     629     682     657     703     638     644     691     726
     662     702     675     706     697     746     725     839     770     817
     845     943     861     992    1007    1079    1053    1179    1196    1184
    1111    1179    1141    1229    1074    1038    1046    1034    1021     989
     914     916     873     857     869     873     808     929     848     944
     893     866     900     943     974     993     961    1009    1112    1132
    1285    1455    1643    1985    2422    2936    3539    4555    5534    6858
    8275   10192   11830   14308   14887   17653   18767   20673   20529   23471
   21178   22494   20191   20162   18407   17223   14494   13428   11166    9788
    7735    6686    5271    4398    3393    2999    2318    2015    1617    1533
    1338    1229    1131    1160    1159    1136    1053    1116    1049    1101
    1075    1157    1187    1158    1082    1158    1123    1134    1094    1166
    1178    1185    1088    1158    1171    1278    1231    1300    1311    1421
    1456    1599    1691    1893    1976    2142    2399    2660    2673    3063
    3178    3413    3488    3683    3858    3945    3705    3856    3583    3460
    3212    3053    2819    2755    2336    2289    2014    1938    1598    1583
    1428    1465    1261    1318    1206    1157    1119    1192    1189    1159
    1176    1130    1174    1173    1128    1190    1204    1248    1151    1201
    1143    1248    1170    1225    1194    1175    1169    1141    1211    1256
    1158    1193    1146    1227    1106    1207    1067    1161    1174    1191
    1181    1245    1107    1145    1127    1165    1085    1156    1137    1115
    1082    1122    1153    1239    1127    1229    1169    1227    1125    1215
    1232    1135    1207    1272    1156    1302    1119    1285    1259    1281
    1189    1364    1328    1444    1367    1485    1566    1600    1503    1618
    1655    1708    1624    1665    1666    1697    1573    1615    1596    1674
    1420    1447    1413    1308    1225    1305    1171    1239    1092    1187
    1192    1103    1074    1134    1042    1103    1004    1086    1088    1046
    1035    1100    1025    1096     967    1038     989    1041    1004    1094
    1085    1120     986    1063    1074    1167    1099    1195    1223    1293
    1238    1416    1373    1515    1460    1585    1773    1876    1904    2014
    1966    2088    2017    2077    2078    2125    1867    1945    1812    1854
    1706    1616    1510    1489    1351    1379    1265    1217    1060    1142
    1098    1035    1013    1076    1112    1011    1010    1092    1080    1159
    1055    1082    1105    1074    1043    1046    1037    1098     909    1052
    1058     989     935    1033     990    1031     949     990     914    1029
     934    1041     987    1022     933     976     967     966     984    1005
    1023    1066     931    1026     984    1029     988    1044     989    1042
     976     962     949    1014     954     981     978    1044     924     963
     991    1006    1032    1027     986    1047     940    1053    1047    1115
    1014    1062    1076    1152    1014    1071    1086    1073    1047    1085
    1082    1071    1040    1031     994    1089     980    1017    1004    1019
     937     932     899     976     955    1010     968     999     953     975
     920    1008     922     930     925     932     897     950     970     992
     926     962     974     938     912     909     898     979     957     870
     966     954     860     943     940     970     888     973     922     986
     873     916     887     932     948     950     860     951     965     992
     890     975     905     986     966     939     870     975     935     994
     939     914     925    1017     881     974     889     979     920     998
     966    1052     976    1026     976    1042     994    1022    1022    1029
    1027    1079    1097    1147    1085    1114    1128    1094    1026    1081
    1050    1114     978    1033    1124    1023     952    1001    1003     975
     989     992     965     983     932     960     952     966     929     978
    1004    1029     909     955     959     920     937    1037    1038    1009
     948     971     993     942     997     898     962     945     958     975
     958     932     873     956     948     935     973     955     939    1007
     898     947    1028     993     889     925     971     961    1006     929
     994    1005     965     911    1024    1024     995     934     882     991
     925     913     970     994     966    1005     961     953     930     935
     887     893     950     909     972    1021     976     971     959     891
     933    1022     963     966     929     935     897     929     880     949
     929     988     887     911     987     971     942     933     968     998
     922     961    1033    1016     953     956    1017    1044    1055    1029
    1078    1176    1096    1177    1141    1141    1076    1181    1146    1236
    1132    1229    1139    1243    1059    1176    1168    1151    1117    1107
    1067    1105     950    1102     922     950     925     976     951     881
     848     900     922     938     850     867     989     880     801     885
     848     863     871     875     926     880     815     849     868     841
     839     879     848     875     869     884     815     888     797     881
     876     904     849     880     898     907     866     894     900     858
     884     900     853     871     889     940     890     998     860     954
     943     988     869     876     904     983     886     915     869     975
     867     846     914     868     859     841     841     918     828     879
     859     878     863     842     823     886     807     828     831     814
     812     852     854     841     833     870     794     832     805     799
     780     757     789     811     815     868     877     815     795     795
     813     815     854     847     821     897     825     798     826     873
     854     853     799     861     920     824     861     857     876     894
     918     885     888     850     832     873     885     929     870     863
     866     825     814     879     841     890     835     837     814     840
     800     834     805     825     791     789     787     786     743     807
     793     847     796     755     764     815     758     777     782     775
     710     709     769     780     741     778     800     769     753     777
     800     744     738     782     833     786     740     792     755     754
     728     781     776     751     781     756     777     764     745     789
     743     787     752     785     834     804     737     833     791     848
     782     762     795     832     753     834     864     853     750     783
     826     815     729     869     740     773     779     789     763     823
     727     743     761     729     721     718     716     798     697     714
     733     756     729     751     716     713     726     675     778     746
     691     760     705     814     713     731     695     721     701     721
     711     735     639     695     713     689     732     721     700     728
     741     720     718     756     680     713     673     734     660     728
     710     727     688     719     757     722     710     749     677     741
     680     699     682     737     688     706     706     686     698     697
     679     732     648     679     716     687     656     688     652     642
     673     680     688     675     592     675     632     687     665     645
     647     700     646     707     597     685     609     679     664     647
     683     653     687     650     669     648     655     703     633     693
     642     688     621     680     645     648     631     663     635     697
     632     698     642     706     642     693     685     709     702     722
     666     666     721     709     707     733     737     732     740     737
     741     791     690     741     695     753     718     747     723     713
     720     679     705     720     687     632     643     647     649     711
     602     610     687     684     598     595     688     619     643     665
     591     674     606     672     618     659     628     600     628     612
     564     652     620     665     524     682     601     662     633     646
     636     646     612     667     608     673     592     585     601     624
     582     583     657     621     571     626     626     639     634     655
     592     655     571     552     580     587     540     637     632     618
     573     624     608     618     653     607     581     618     595     592
     650     624     581     637     625     593     613     591     625     607
     546     605     625     646     571     618     571     562     605     573
     575     610     616     617     567     601     584     643     633     620
     583     588     612     598     562     581     600     593     543     588
     589     564     611     575     614     608     578     595     588     588
     579     613     672     600     580     620     587     591     552     587
     595     588     612     596     628     653     616     536     615     620
     577     630     635     652     548     603     578     613     593     573
     602     608     575     582     618     637     576     611     635     624
     614     572     607     629     606     624     610     632     634     621
     633     607     560     612     663     595     598     646     600     611
     597     646     629     652     603     616     659     682     611     613
     625     675     649     578     679     667     607     679     645     680
     598     570     685     678     587     715     638     614     594     595
     605     684     650     683     642     705     660     660     690     683
     659     679     706     677     642     704     717     708     667     708
     731     737     708     701     720     702     644     740     718     743
     672     744     754     751     744     816     821     768     789     776
     864     850     805     824     821     864     822     879     883     889
     873     843     917     959     990     975    1013     991     939     992
    1074    1147    1068    1091    1132    1143    1129    1209    1272    1339
    1327    1363    1410    1494    1474    1496    1611    1615    1624    1788
    1837    1956    1836    1946    2053    2084    2091    2165    2498    2431
    2337    2579    2648    2643    2696    2846    2900    3048    2972    3105
    3148    3241    3194    3345    3579    3531    3350    3650    3660    3699
    3682    3702    3960    3990    3712    3823    3921    3858    3791    3845
    4018    3957    3698    3864    3758    3826    3548    3786    3660    3799
    3455    3562    3389    3402    3361    3384    3202    3210    2925    2997
    2968    2862    2612    2565    2644    2462    2357    2309    2379    2248
    2046    2022    2089    1903    1753    1786    1745    1651    1532    1499
    1510    1442    1292    1312    1283    1243    1157    1225    1148    1120
    1050    1068     976    1011     979     950     940    1009     954     953
     966    1004     975     972    1221    1145    1079    1191    1193    1257
    1318    1316    1447    1507    1430    1600    1583    1701    1705    1794
    1881    1928    1845    1928    2075    2023    1979    1967    2126    2028
    1952    2017    1891    1958    1759    1688    1809    1697    1493    1507
    1451    1424    1287    1184    1152    1052     998     949     875     904
     834     750     754     677     639     611     625     600     572     537
     587     564     549     525     530     572     525  286320
