$Informacoes da Fluorescencia de Raios-X:
"Sample    : ACC-203-MS",                                                                 
"Operator  : thiago",                                                                     
"Comment  : ",                                                                            
"Group     : thiago_acra2010ma",                                                          
"Date       : 2010-05-27 05:51:25",                                                       
"",                                                                                       
"Mesurement Condition",                                                                   
"------------------------------------------------------------------------------------",   
"Instrument : 700HS2   Atmosphere : Vac.   Collimator : 10(mm)   Spin : No",              
"------------------------------------------------------------------------------------",   
"Analyte               TG kV   uA      FI Acq.(keV)  Anal.(keV)  Time(sec)     DT(%)",    
"------------------------------------------------------------------------------------",   
"Na                    Rh 50 1000-Auto Al  0 - 20    0.8 - 1.2   Live -  960   13",       
"Channel_info_start",                                                                     
"Channel : Na",                                                                           
"Points : 2048
"Range : 0.000000 - 20.480000",                                                           
"Step : 0.010000",                                                                        
"Channel_info_end",                                                                       
$DATA:
       0    2047
       0       0       0       0       0       0       0       0       0    2048
       0       0       0       0       0       0       0       0       0       0
       0       0       0       0       0       0       0       0       0       0
       0       0       0       0       0       0       0       2       2       4
      91     200     201     202     191     192     191     219     184     204
     191     215     221     185     192     202     184     196     219     210
     215     200     214     234     213     245     241     231     213     266
     266     316     278     410     423     402     349     413     366     361
     320     370     281     276     246     241     216     200     195     244
     199     241     213     303     297     346     244     282     286     277
     244     271     242     281     209     238     253     227     233     260
     267     225     272     262     266     304     256     297     224     247
     221     249     198     213     195     192     225     218     215     202
     228     238     220     277     235     243     237     270     225     263
     218     241     227     205     200     200     227     212     215     255
     266     296     340     445     451     537     553     616     597     682
     654     666     598     561     520     496     429     402     377     348
     351     355     337     374     424     560     686     881    1136    1407
    1575    1879    1926    2179    2111    2225    1939    1881    1615    1430
    1129    1010     726     610     481     401     349     291     280     314
     259     316     290     311     318     309     291     311     314     315
     283     309     313     332     288     294     251     285     218     251
     276     268     253     259     247     277     294     332     321     352
     421     520     523     737     857    1004    1113    1372    1471    1654
    1618    1715    1681    1579    1384    1445    1221    1023     874     761
     629     590     492     503     476     395     453     498     521     623
     757     963    1196    1535    1986    2955    3283    4114    4801    5750
    6044    6881    6572    7062    6471    6425    5319    4970    3980    3562
    2630    2248    1535    1304     975     933     803     771     796     886
     841     928     837     909     805     786     697     681     601     499
     418     402     364     328     273     288     246     243     231     245
     262     244     216     258     216     230     212     240     258     267
     277     241     260     274     283     349     340     438     539     741
     941    1274    1596    2165    2722    3472    4050    4806    5420    6242
    6131    6756    6610    6732    6041    6005    4951    4440    3503    3005
    2259    1888    1374    1063     795     632     469     469     442     412
     468     563     664     767     892    1103    1370    1601    1770    2343
    2744    3294    3573    4443    5004    5709    5886    6848    6590    7054
    6678    6573    5995    5677    4806    4402    3618    3123    2247    1781
    1362    1136     742     683     512     451     391     394     369     388
     421     476     533     575     595     749     754     960     996    1090
    1014    1097    1073    1084    1049     991     871     843     745     707
     647     534     464     451     405     434     411     416     373     372
     371     368     405     395     351     397     378     409     423     378
     383     457     385     480     390     428     485     453     469     549
     619     666     651     768     861    1077    1011    1176    1205    1277
    1268    1296    1266    1357    1199    1235    1088    1124     897     913
     788     768     681     769     682     684     601     630     646     617
     628     642     602     614     575     646     615     725     651     695
     688     706     626     748     689     750     725     769     777     756
     743     774     785     828     768     853     731     775     731     702
     732     702     661     724     657     735     646     646     670     710
     698     752     671     743     701     688     694     691     740     801
     696     742     712     748     709     782     711     788     757     778
     783     825     838     892     853     860     915     897     929     969
     913     959     917     966     931     992     942    1061     916     993
     961     978     987     961     915     980     993     956     960    1028
     933    1011     954     978     975     991    1032    1080    1031    1167
    1024    1101     999    1105    1018    1125    1133    1138    1060    1261
    1136    1146    1217    1310    1264    1427    1328    1382    1385    1425
    1375    1452    1364    1397    1349    1366    1361    1414    1254    1282
    1313    1299    1206    1311    1297    1320    1252    1324    1352    1363
    1309    1363    1330    1419    1416    1478    1423    1532    1430    1589
    1614    1868    1877    2213    2373    3020    3344    4177    4679    5782
    6710    7934    9336   10936   11269   13134   14098   15494   15351   17986
   15889   16715   15074   15424   13816   13165   11176   10654    8891    7900
    6398    5880    4600    4058    3259    3017    2434    2346    2013    1917
    1849    1769    1650    1650    1668    1784    1596    1654    1633    1727
    1609    1683    1584    1688    1630    1763    1720    1721    1667    1803
    1718    1818    1650    1714    1820    1845    1732    1931    1943    1970
    1964    2120    2102    2272    2315    2468    2593    2888    2889    3016
    3149    3470    3364    3629    3723    3775    3630    3756    3594    3599
    3247    3172    3016    2945    2600    2584    2317    2277    2106    2117
    1953    2081    1855    1812    1771    1842    1785    1848    1847    1849
    1677    1639    1719    1812    1744    1853    1757    1821    1707    1865
    1729    1829    1801    1855    1853    1892    1740    1819    1776    1855
    1804    1831    1729    1839    1711    1829    1773    1842    1690    1753
    1709    1883    1724    1760    1776    1773    1819    1826    1798    1792
    1740    1801    1754    1844    1686    1764    1792    1846    1715    1900
    1748    1800    1810    1986    1821    1892    1740    1845    1832    2015
    1920    1949    2093    2155    2053    2212    2143    2211    2281    2479
    2389    2467    2405    2441    2481    2447    2293    2426    2294    2243
    2064    2204    2084    2104    1871    1970    1817    1843    1712    1734
    1660    1678    1599    1649    1655    1661    1548    1589    1558    1600
    1602    1662    1586    1612    1567    1618    1597    1638    1517    1643
    1564    1613    1569    1653    1634    1683    1541    1791    1703    1700
    1631    1838    1783    1952    1865    2027    2103    2292    2104    2278
    2192    2400    2286    2364    2353    2384    2161    2212    2111    2226
    1936    2032    2007    1926    1777    1775    1730    1796    1598    1598
    1610    1676    1584    1638    1602    1659    1549    1634    1625    1677
    1512    1574    1548    1618    1616    1639    1624    1579    1501    1564
    1570    1596    1463    1504    1500    1528    1479    1481    1490    1589
    1485    1598    1459    1519    1466    1538    1441    1491    1507    1542
    1563    1517    1445    1528    1473    1529    1511    1539    1502    1522
    1424    1475    1470    1406    1429    1484    1509    1553    1424    1458
    1441    1588    1455    1525    1429    1633    1462    1558    1500    1562
    1483    1567    1526    1559    1518    1530    1522    1628    1503    1559
    1613    1636    1444    1509    1531    1629    1506    1432    1555    1456
    1410    1535    1469    1499    1477    1459    1417    1516    1363    1442
    1478    1459    1383    1396    1440    1457    1342    1419    1362    1378
    1456    1335    1466    1484    1352    1444    1346    1461    1434    1440
    1436    1439    1303    1355    1413    1455    1391    1390    1460    1489
    1345    1432    1429    1458    1376    1521    1458    1460    1313    1448
    1427    1499    1324    1502    1372    1409    1396    1424    1474    1519
    1428    1461    1412    1535    1426    1526    1455    1444    1391    1500
    1384    1473    1439    1522    1507    1558    1445    1492    1519    1518
    1459    1525    1517    1640    1460    1576    1545    1546    1443    1519
    1432    1514    1558    1540    1507    1531    1411    1469    1513    1485
    1413    1584    1434    1549    1492    1499    1488    1493    1447    1481
    1529    1525    1435    1510    1431    1444    1383    1528    1440    1453
    1414    1530    1416    1503    1421    1491    1499    1536    1426    1448
    1486    1452    1319    1517    1450    1496    1367    1492    1443    1453
    1441    1474    1434    1554    1412    1501    1449    1487    1409    1541
    1542    1501    1431    1547    1487    1600    1404    1475    1414    1498
    1409    1461    1534    1492    1405    1431    1440    1517    1448    1472
    1432    1507    1426    1452    1490    1500    1399    1403    1496    1359
    1348    1509    1395    1464    1385    1456    1424    1505    1444    1457
    1434    1495    1329    1389    1459    1416    1376    1528    1483    1441
    1372    1453    1512    1547    1444    1625    1516    1546    1503    1573
    1562    1672    1609    1697    1696    1720    1667    1702    1692    1743
    1615    1816    1753    1729    1611    1724    1646    1710    1512    1674
    1543    1611    1495    1509    1474    1535    1469    1436    1504    1441
    1318    1390    1314    1443    1414    1450    1356    1396    1323    1379
    1318    1415    1297    1405    1356    1396    1263    1316    1307    1324
    1229    1438    1301    1357    1293    1372    1338    1354    1288    1361
    1364    1302    1272    1357    1353    1369    1218    1346    1242    1346
    1303    1346    1432    1383    1333    1268    1355    1313    1315    1366
    1342    1374    1341    1355    1304    1405    1295    1317    1336    1312
    1262    1350    1331    1260    1255    1271    1278    1339    1253    1297
    1273    1353    1289    1316    1257    1283    1186    1309    1332    1323
    1213    1326    1319    1280    1156    1293    1172    1296    1180    1288
    1175    1290    1192    1309    1284    1245    1195    1287    1252    1300
    1264    1299    1310    1344    1188    1273    1268    1287    1254    1236
    1174    1289    1210    1361    1238    1288    1283    1297    1254    1327
    1220    1350    1310    1327    1198    1241    1293    1361    1217    1289
    1254    1293    1250    1274    1248    1255    1205    1307    1210    1217
    1166    1283    1189    1264    1142    1213    1198    1253    1154    1216
    1254    1226    1156    1167    1197    1182    1185    1227    1232    1234
    1142    1173    1139    1168    1142    1136    1235    1129    1118    1174
    1200    1225    1132    1215    1158    1254    1148    1210    1149    1203
    1085    1212    1221    1205    1228    1178    1164    1241    1141    1187
    1230    1215    1238    1171    1186    1270    1103    1215    1276    1199
    1130    1191    1141    1275    1185    1189    1225    1289    1177    1254
    1169    1239    1206    1223    1161    1242    1090    1160    1117    1196
    1003    1146    1104    1180    1090    1103    1124    1171    1050    1103
    1153    1127    1118    1106    1099    1113    1071    1117    1117    1129
    1056    1070    1180    1078    1069    1096    1097    1086    1069    1089
    1067    1181    1044    1060    1126    1123    1015    1032    1087    1124
    1028    1099    1196    1130    1072    1152    1021    1143    1082    1045
    1071    1101    1044    1078    1037    1138    1049    1102    1132    1046
    1005    1057    1047    1118     999    1050    1073    1093     972    1037
    1111    1132    1037     993    1089    1075     972    1095    1037    1096
    1005    1087    1100    1061    1001    1024    1014    1045    1012    1078
    1019    1085    1054    1064    1019    1027     991    1033    1103    1035
     991     972     963    1034     953     956    1069    1061     947    1077
     972    1024     948     987    1059    1068     847    1013     985    1038
     919    1010     961     983     932    1009    1011    1062     991    1016
    1024    1050    1011    1021     983    1037     982    1021    1031    1049
     949    1080    1059     999    1063    1020    1020    1075    1024    1031
    1057     973     943     972     971    1042     972     995    1005    1046
     959     999     990     968     986     924     974     985     914     976
     974     991     897    1007     998     975     920     907     971     932
     939     964     975     904     912    1000     917     934     941     931
     973     942     953     872     987     958     940     938     940     987
     898     897     929     988     939     977     923    1002     921     956
     987     910     934     974     970     992     896     969     961     966
     852     962     961     867     933     959     895     912     933     895
     944     940     886     950     964     974     915     945     904     963
     967     952     914     984     925     968     986     931     834     927
     937     914     941     906     900     891     861     954     960     929
     905     929     950    1005     916     880     988     939     934     939
     880     947     897     904     884     919     885     894     923     962
     905     886     933     884     912     918     913     982     950     955
     941     944     901     833     938     966     890     878     949     927
     902     957     841     923     841     931     955    1020     907     929
     956     891     930     904     903     931     928     931     903     937
     866     885     937     917     881     870     954     938     932     912
     966     967     952     882     905     932     946     983     963     962
     934     892     913     937     932     983     955     946     905     961
     920    1012     894     944    1011     996    1000     924    1078    1003
    1003     928    1031    1031     957     989    1034    1010     941    1043
    1043    1006     992    1084    1030    1040     995    1063     991    1089
    1010    1096    1031    1059     984    1054    1043    1049    1059    1054
    1066    1102    1071    1140    1184    1139    1055    1127    1185    1138
    1109    1178    1200    1145    1186    1154    1219    1297    1116    1270
    1236    1362    1173    1213    1256    1272    1244    1348    1356    1344
    1384    1433    1414    1498    1430    1401    1579    1576    1530    1596
    1618    1662    1679    1728    1857    1829    1724    1958    1911    2003
    1972    2132    2192    2353    2183    2235    2490    2537    2605    2582
    2843    2989    2968    2927    3127    3342    3290    3298    3743    3735
    3688    3926    4048    4141    4099    4198    4502    4506    4470    4713
    4857    4940    5016    5159    5352    5460    5248    5524    5630    5664
    5655    5706    5841    5905    5649    5871    5877    5860    5836    5813
    6478    5927    5563    5758    5775    5743    5693    5624    5638    5610
    5332    5320    5253    5176    4970    5034    5055    4854    4618    4623
    4380    4274    4043    4001    3968    3899    3532    3548    3479    3409
    3121    3144    3134    2900    2721    2704    2646    2602    2291    2385
    2319    2351    2142    1948    1954    2001    1795    1786    1734    1744
    1633    1631    1609    1640    1534    1466    1505    1558    1418    1462
    1542    1579    1469    1442    1684    1614    1561    1717    1773    1846
    1853    1957    2069    2228    2161    2238    2461    2632    2462    2710
    2774    2872    2697    2961    2923    3085    2958    3162    3050    3108
    2955    2998    3145    3022    2860    2690    2876    2689    2496    2549
    2297    2297    2050    2036    1942    1864    1642    1587    1503    1440
    1311    1291    1246    1180    1083    1030     977     975     906     892
     960     878     812     885     863     844     818  444520
