$Informacoes da Fluorescencia de Raios-X:
"Sample    : ACC-210-MS",                                                                 
"Operator  : THIAGO",                                                                     
"Comment  : ",                                                                            
"Group     : thiago_acra2010ma",                                                          
"Date       : 2010-05-27 08:19:51",                                                       
"",                                                                                       
"Mesurement Condition",                                                                   
"------------------------------------------------------------------------------------",   
"Instrument : 700HS2   Atmosphere : Vac.   Collimator : 10(mm)   Spin : No",              
"------------------------------------------------------------------------------------",   
"Analyte               TG kV   uA      FI Acq.(keV)  Anal.(keV)  Time(sec)     DT(%)",    
"------------------------------------------------------------------------------------",   
"Na                    Rh 50 1000-Auto Al  0 - 20    0.8 - 1.2   Live -  960    7",       
"Channel_info_start",                                                                     
"Channel : Na",                                                                           
"Points : 2048
"Range : 0.000000 - 20.480000",                                                           
"Step : 0.010000",                                                                        
"Channel_info_end",                                                                       
$DATA:
       0    2047
       0       0       0       0       0       0       0       0       0    2048
       0       0       0       0       0       0       0       0       0       0
       0       0       0       0       0       0       0       0       0       0
       0       0       0       0       0       0       0       0       2       3
      28      89      85     105      86      86     109      89     114     124
      90     104     114     103     102     117     113     107     111     102
     112     118     108     123     120     140     139     200     166     158
     152     175     194     214     220     244     198     250     244     211
     191     198     196     161     136     136     112     131      96     107
      84     124     132     134     127     131     130     158     133     151
     148     152     138     126     121     109     131     144     134     138
     169     154     145     172     155     200     182     150     124     143
     115     131     107     101      90      97     107     116     111     113
     112     119     104     137     142     141     139     148     119     120
     121     114     116     121      88     118     106     128     131     145
     141     174     228     256     268     329     329     396     423     429
     434     426     427     386     313     369     312     277     262     260
     208     217     219     217     261     329     354     542     603     800
     920    1022    1079    1198    1202    1239    1144    1129     870     865
     656     579     433     367     282     244     211     166     163     193
     150     168     175     165     168     189     173     204     188     191
     174     205     180     204     207     165     172     205     170     185
     163     164     165     187     199     207     206     207     241     266
     389     442     577     755     930    1221    1375    1657    1751    2119
    2077    2255    2100    2094    1837    1802    1487    1323     986     883
     667     583     451     420     415     351     336     345     400     398
     401     522     682     812    1005    1365    1556    2073    2335    2734
    2948    3317    3296    3385    3163    3144    2621    2390    2024    1768
    1358    1140     839     674     482     472     399     401     402     431
     417     502     451     476     431     405     402     356     304     308
     240     222     199     210     159     165     151     179     183     179
     144     184     165     141     155     171     165     142     159     170
     174     212     181     198     204     267     313     406     476     703
     898    1409    1754    2386    2850    3764    4395    5377    6090    7100
    6864    7549    7551    7697    6785    6814    5456    5101    3979    3387
    2614    2120    1487    1063     804     592     444     447     381     354
     402     460     549     681     780     934    1030    1201    1326    1573
    1758    1926    2054    2246    2411    2723    2645    3050    2974    3085
    2818    2753    2624    2474    2045    1843    1557    1266    1029     823
     617     498     387     304     266     246     239     223     198     248
     232     238     233     303     307     394     369     382     449     524
     440     520     475     492     461     454     391     395     351     308
     266     264     221     240     214     229     209     209     199     183
     180     192     182     217     199     205     174     199     196     213
     192     211     192     192     191     220     220     240     250     297
     296     330     343     428     438     497     499     649     631     707
     687     768     671     699     696     608     601     594     471     493
     425     412     423     360     343     331     378     339     266     319
     316     330     289     298     293     313     301     341     324     321
     306     329     336     378     347     381     352     341     404     396
     420     434     374     424     432     412     415     402     389     386
     385     368     346     347     341     343     354     329     339     343
     325     383     300     357     327     347     346     379     307     371
     325     371     363     355     332     383     343     427     393     435
     390     432     417     455     402     465     431     455     437     471
     484     502     505     513     481     553     478     485     436     487
     482     460     460     509     476     468     448     475     448     527
     486     482     456     529     493     523     465     488     462     534
     463     501     524     505     499     591     580     581     479     547
     595     596     569     669     620     650     626     711     747     764
     734     775     706     756     704     732     676     681     672     699
     694     639     629     665     639     630     635     638     660     652
     626     660     634     688     611     700     688     737     742     720
     783     885     868    1043    1199    1299    1577    1939    2147    2737
    3074    3656    4216    4884    5238    6099    6589    7093    7160    8010
    7411    7775    7054    7036    6358    6155    5212    4943    4013    3688
    3039    2733    2270    1986    1572    1513    1181    1161    1003     972
     930     854     816     816     803     788     780     794     819     811
     795     874     819     848     791     849     815     858     736     838
     840     872     851     873     844     874     866     944     913     883
     901    1092    1006    1106    1062    1168    1195    1346    1305    1450
    1486    1597    1686    1602    1751    1809    1611    1660    1692    1704
    1479    1549    1477    1425    1227    1176    1156    1104    1028     998
     949     974     920     877     830     880     823     847     823     872
     813     836     823     886     843     858     823     833     886     854
     882     850     837     902     855     844     834     951     864     893
     859     868     878     875     854     867     851     837     872     804
     855     882     880     809     795     883     824     804     877     853
     784     829     827     877     807     907     884     867     820     849
     901     883     869     945     938     955     904     919     954     970
     932    1019    1010    1083    1013    1178    1154    1255    1213    1291
    1349    1406    1378    1426    1375    1438    1326    1431    1263    1319
    1205    1236    1120    1143     984    1028     986     974     839     862
     855     929     797     829     789     767     770     706     809     841
     746     775     760     784     736     791     786     752     698     757
     746     768     746     732     777     896     853     854     877     918
     953    1003    1047    1158    1206    1262    1288    1338    1380    1430
    1525    1596    1539    1575    1652    1588    1426    1469    1469    1427
    1293    1273    1168    1136    1047    1016     969     920     854     889
     847     888     780     848     810     795     748     831     797     868
     779     737     781     794     740     811     822     783     748     704
     719     780     702     748     769     757     725     759     772     704
     708     737     705     721     727     726     699     753     697     724
     736     743     695     747     698     760     726     713     719     738
     622     698     693     724     650     751     682     724     712     689
     718     743     710     715     729     774     701     762     756     765
     755     780     826     821     762     816     803     874     796     816
     854     851     733     808     749     772     767     722     806     745
     687     695     719     698     688     756     709     682     660     687
     672     749     671     692     680     682     650     680     679     723
     655     664     673     708     708     658     661     757     669     652
     696     704     699     715     675     667     639     644     686     769
     677     686     665     712     643     635     713     670     705     687
     756     736     634     699     708     691     630     738     653     713
     669     658     730     708     697     746     695     783     704     750
     740     782     726     748     748     750     762     840     799     809
     772     812     818     804     754     802     830     860     785     820
     795     833     763     815     763     755     687     703     695     720
     759     753     685     716     672     681     711     747     677     708
     728     677     631     688     689     737     689     708     691     718
     678     708     688     659     678     677     716     680     658     708
     688     728     678     725     721     686     694     755     689     732
     683     709     682     741     688     720     743     731     723     730
     697     786     702     730     654     733     671     734     650     694
     692     720     683     732     662     766     662     753     702     688
     682     723     734     707     752     700     685     677     721     685
     682     751     671     709     643     713     707     733     686     687
     677     725     679     667     734     705     640     751     706     753
     709     705     734     791     748     805     800     842     795     870
     925     990     966     969     951    1084    1003    1053    1040    1051
    1045    1010    1021    1017     984    1027    1023     977     939     966
     845     912     814     853     745     769     736     742     735     693
     671     696     689     635     615     631     706     584     622     672
     679     670     659     612     630     638     610     655     638     659
     612     667     602     607     632     674     599     658     576     637
     653     666     611     615     674     666     639     685     711     704
     666     633     669     688     664     689     654     701     675     761
     677     741     688     735     700     721     614     706     708     710
     632     664     667     691     601     652     651     674     584     674
     680     605     642     584     610     647     574     627     587     613
     604     592     625     621     587     628     612     658     590     596
     575     628     634     644     612     615     580     536     600     596
     592     650     618     590     615     666     614     617     598     607
     683     621     590     668     662     698     670     667     674     673
     670     603     673     673     633     666     686     631     583     639
     640     627     591     628     590     601     601     615     635     638
     581     606     622     620     583     617     578     547     542     597
     576     551     540     567     546     534     580     557     620     581
     525     542     564     596     539     579     596     560     585     584
     599     595     570     541     578     611     482     579     548     573
     538     573     524     589     518     567     600     602     549     540
     592     564     550     538     567     603     568     585     637     641
     572     588     535     593     583     584     565     526     563     544
     552     565     576     543     558     549     547     577     546     538
     541     543     548     541     534     524     514     541     536     595
     524     569     509     578     537     538     553     498     521     515
     534     588     553     553     520     506     546     536     533     516
     586     496     551     525     527     540     525     516     490     563
     519     517     514     559     496     504     470     557     505     526
     529     490     557     535     538     497     487     505     508     507
     502     560     504     530     494     497     516     513     467     469
     522     552     497     495     544     527     464     496     474     514
     459     504     542     498     463     488     502     450     495     494
     459     518     485     492     515     491     485     483     504     511
     425     501     491     509     472     472     530     485     449     483
     477     455     472     478     475     504     442     459     439     485
     452     501     460     489     464     526     490     477     519     447
     503     502     491     497     484     498     475     438     490     493
     465     479     467     501     517     424     464     491     460     520
     518     488     479     483     460     493     463     477     461     471
     459     490     469     477     433     436     486     478     452     471
     444     443     460     485     433     458     485     464     475     444
     448     461     433     459     441     492     444     508     464     490
     460     462     435     414     464     464     458     460     443     487
     431     411     448     460     422     439     454     493     415     434
     439     456     436     456     480     460     482     403     466     428
     428     472     467     477     433     439     406     433     405     443
     466     412     443     439     474     502     474     444     463     479
     435     420     424     440     401     427     418     440     420     457
     413     456     436     455     415     448     460     411     451     471
     450     397     441     442     434     410     468     444     413     481
     450     454     409     451     447     407     462     418     436     479
     421     435     435     445     424     450     442     474     440     441
     445     443     455     456     476     441     409     460     475     435
     414     451     444     421     442     403     453     472     412     493
     387     455     441     449     450     454     447     402     420     449
     406     466     436     483     409     436     461     444     405     407
     472     459     404     437     497     478     464     484     454     467
     417     432     468     471     452     433     457     470     415     441
     417     448     447     460     487     478     477     494     481     479
     436     436     493     472     434     458     458     514     455     448
     511     483     449     443     457     505     466     513     470     540
     503     508     506     468     514     491     526     506     476     480
     552     491     513     584     564     554     526     540     524     549
     542     545     587     583     529     565     531     557     561     610
     607     579     545     591     598     673     619     569     640     630
     602     626     697     703     692     712     748     755     712     752
     835     808     795     802     868     957     894     873     925     965
     947    1004    1015    1050    1064    1130    1213    1192    1162    1321
    1376    1392    1346    1510    1530    1524    1525    1543    1743    1806
    1800    1889    1873    1940    2026    2068    2176    2176    2214    2324
    2455    2496    2364    2424    2652    2702    2543    2639    2745    2780
    2586    2706    2878    2877    2757    2940    2880    2955    2781    2704
    3064    2865    2770    2846    2775    2700    2694    2681    2613    2629
    2537    2558    2524    2493    2360    2461    2324    2308    2195    2323
    2130    2086    1983    1898    1944    1852    1701    1661    1657    1622
    1482    1484    1443    1307    1328    1239    1270    1185    1133    1077
    1101    1076     962     936     908     895     871     796     851     812
     766     736     783     734     726     704     733     711     720     732
     678     775     781     743     878     856     843     821     869     978
     904    1000    1183    1132    1106    1173    1235    1346    1245    1299
    1448    1463    1378    1378    1464    1533    1401    1512    1552    1508
    1423    1417    1388    1372    1284    1242    1297    1227    1085    1049
    1028     969     926     872     838     760     753     679     665     591
     497     543     482     529     467     459     472     476     417     363
     425     408     389     397     403     414     379  208373
