$Informacoes da Fluorescencia de Raios-X:
"Sample    : ACC-270-MS",                                                                 
"Operator  : thiago",                                                                     
"Comment  : ",                                                                            
"Group     : thiago_acra2010ma",                                                          
"Date       : 2010-05-28 04:27:49",                                                       
"",                                                                                       
"Mesurement Condition",                                                                   
"------------------------------------------------------------------------------------",   
"Instrument : 700HS2   Atmosphere : Vac.   Collimator : 10(mm)   Spin : No",              
"------------------------------------------------------------------------------------",   
"Analyte               TG kV   uA      FI Acq.(keV)  Anal.(keV)  Time(sec)     DT(%)",    
"------------------------------------------------------------------------------------",   
"Na                    Rh 50 1000-Auto Al  0 - 20    0.8 - 1.2   Live -  960   11",       
"Channel_info_start",                                                                     
"Channel : Na",                                                                           
"Points : 2048
"Range : 0.000000 - 20.480000",                                                           
"Step : 0.010000",                                                                        
"Channel_info_end",                                                                       
$DATA:
       0    2047
       0       0       0       0       0       0       0       0       0    2048
       0       0       0       0       0       0       0       0       0       0
       0       0       0       0       0       0       0       0       0       0
       0       0       0       0       0       0       0       1       3       5
      62     146     128     154     119     140     133     132     115     155
     134     131     132     144     148     180     118     153     134     154
     141     177     193     189     172     178     204     250     206     219
     207     214     231     248     250     268     246     236     212     243
     233     271     213     253     222     199     209     241     214     274
     285     384     445     479     563     703     603     763     640     698
     612     611     565     526     451     383     321     320     318     384
     359     437     431     465     460     568     467     463     372     412
     332     314     255     235     202     203     186     216     205     250
     250     243     270     310     282     328     267     329     234     286
     262     260     246     246     203     190     196     212     196     235
     262     257     306     355     395     471     477     554     603     661
     560     609     590     613     580     600     516     467     435     397
     378     373     362     388     393     472     557     721     900    1078
    1228    1413    1453    1650    1485    1638    1518    1510    1242    1112
     962     779     644     546     421     415     335     309     294     334
     299     336     286     310     305     323     331     372     345     400
     347     395     342     397     343     421     370     426     387     443
     396     416     401     509     455     485     545     670     612     731
     832     966    1142    1409    1628    2040    2173    2620    2793    3096
    3233    3354    3278    3447    2993    3082    2632    2647    2063    2047
    1651    1688    1502    1505    1429    1494    1513    1763    1990    2499
    2947    4159    5538    7837    9788   14443   16435   21349   23555   28446
   29741   33682   32628   34780   31847   31839   27033   24408   20462   17308
   12910   10717    7376    6107    4269    3922    3266    3112    3082    3269
    3376    3482    3187    3256    3146    2980    2456    2403    1916    1589
    1256    1006     824     671     495     433     349     378     288     310
     271     314     263     294     289     281     285     311     298     289
     361     351     359     412     403     438     585     833     981    1521
    1965    2842    3658    4877    6195    8100    9378   11334   12644   14326
   14476   15952   15695   15619   13921   13937   11222   10385    8366    7052
    5441    4210    3008    2254    1616    1225     884     766     657     735
     806     934    1107    1473    1475    1773    2030    2454    2723    3287
    3529    4224    4453    4959    5491    6021    6315    7020    6695    6797
    6493    6308    5863    5459    4604    4220    3462    2893    2170    1795
    1376    1031     764     617     444     354     297     302     315     329
     306     378     431     485     537     652     710     814     830     948
     889    1028     942     950     869     853     728     723     660     542
     466     469     384     342     277     288     278     243     230     233
     239     215     209     205     220     237     217     252     231     244
     240     245     228     265     226     262     280     272     293     321
     355     424     443     554     538     645     648     766     818     835
     821     890     880     860     748     744     697     660     601     603
     537     530     483     496     404     417     374     389     380     419
     355     416     361     349     370     394     403     396     387     398
     397     432     427     449     459     452     409     459     439     454
     464     461     517     526     437     470     416     473     410     454
     443     428     418     388     401     423     369     432     389     404
     407     424     387     409     419     407     410     427     385     415
     437     451     401     465     442     471     476     518     449     494
     487     517     500     572     565     567     600     603     581     605
     616     611     580     677     638     635     583     603     618     652
     557     615     583     602     522     580     596     619     531     600
     564     626     593     542     539     542     534     583     557     598
     585     579     571     607     568     635     612     617     619     690
     713     717     787     778     784     830     801     868     906     910
     902     942     903     868     872     945     830     899     785     773
     853     840     748     807     783     729     747     869     829     843
     761     801     832     893     824     914     833     956     952    1078
    1154    1328    1522    1846    2178    2846    3231    4316    5160    6465
    7374    9158   10782   12749   13560   15366   16787   18323   18385   21043
   19086   19926   18059   17891   16646   15475   13397   12203   10300    9229
    7269    6138    5154    4218    3110    2769    2165    1879    1462    1372
    1189    1159    1051     953     968     985     920     996     967     998
     918    1013     988     995     921    1023     923     987     923    1001
     990    1038     923    1059    1019    1037    1052    1148    1193    1245
    1231    1413    1483    1644    1705    1933    2101    2251    2343    2667
    2876    2978    3063    3426    3424    3541    3218    3417    3148    3084
    2868    2792    2610    2354    2106    2086    1814    1681    1506    1463
    1382    1219    1093    1121    1018    1066     968     986    1025    1004
     976     971    1019    1065     994     943    1016     976     927    1011
    1033    1059     939     979    1051    1066    1026    1005     978    1049
     956     992    1037    1045    1014    1027     999    1013    1016     968
     997    1012     969     959     989    1034     980     968    1029     960
     963    1017     931     960    1005     954     917    1026     993    1048
    1026    1044     961    1060    1025    1087     962    1126    1019    1127
    1082    1093    1189    1225    1117    1278    1298    1301    1307    1442
    1372    1457    1371    1466    1418    1484    1407    1383    1326    1335
    1263    1251    1198    1129    1090    1169    1055    1065     997    1029
     997    1003     969     990     977     955     893     909     901     932
     887     953     914    1004     868     924     913     895     889     877
     874     995     926     924     934     955     956    1087    1080    1103
    1169    1311    1269    1384    1386    1561    1629    1753    1705    1833
    1943    1960    1878    1946    1977    1950    1772    1826    1633    1603
    1620    1552    1423    1351    1210    1186    1150    1115     980    1042
     946     977     922     978     985     960     889     946     956     947
     874     977     930    1032     846     933     901     903     884     918
     870     907     883     876     859     947     905     923     906     926
     885     915     840     970     880     905     923     901     863     906
     892     923     863     944     870     921     868     830     869     949
     862     904     830     894     868     866     844     854     843     861
     909     885     817     893     865     943     854     942     918     905
     871     950     917     949     871     896     928     944     943     947
     932     977     940     934     874     906     897     883     851     898
     832     921     910     833     752     863     804     826     780     915
     780     818     832     798     819     799     760     815     857     787
     787     804     836     885     818     849     848     850     782     834
     839     854     788     879     800     811     805     862     828     832
     842     832     798     843     797     814     835     836     818     804
     821     869     782     849     835     876     794     859     802     905
     847     883     832     924     906     911     970    1015     935    1109
    1067    1138    1109    1285    1278    1353    1342    1326    1517    1550
    1522    1632    1698    1605    1625    1708    1593    1600    1582    1583
    1475    1503    1356    1392    1298    1277    1145    1156    1027    1060
     961    1005     924     906     844     840     878     873     857     792
     809     836     819     834     821     816     867     903     785     839
     811     834     831     879     827     877     809     862     787     823
     842     843     765     918     823     839     776     816     801     837
     838     843     842     850     813     851     830     895     781     848
     847     856     818     816     827     868     807     878     810     814
     814     828     835     817     854     833     853     863     800     843
     807     835     822     790     832     871     748     834     842     820
     749     776     820     855     774     827     823     850     801     795
     807     835     789     769     806     818     763     833     796     884
     782     874     888     972     930     943     980    1005    1014    1020
    1135    1206    1144    1221    1364    1349    1237    1415    1383    1404
    1366    1369    1325    1429    1355    1335    1299    1251    1156    1210
    1112    1103    1025     981     918     988     920     880     871     892
     816     787     840     811     782     828     813     821     734     756
     794     830     785     845     793     747     750     762     818     811
     746     756     739     812     731     762     737     797     770     799
     816     830     749     860     846     902     903     976     956    1047
    1042    1092    1166    1144    1144    1150    1217    1253    1213    1279
    1225    1272    1256    1257    1232    1253    1147    1183    1163    1138
    1080     987    1053    1027     931     969     901     944     882     906
     803     856     794     812     779     813     739     779     734     760
     756     778     770     760     759     716     736     774     696     738
     706     792     714     711     737     771     677     715     667     720
     696     726     706     754     682     742     769     767     720     746
     770     767     737     785     811     828     750     867     794     884
     806     838     845     833     818     834     804     786     702     752
     798     759     786     767     759     755     713     718     746     732
     679     674     722     703     694     717     706     709     642     662
     657     669     647     695     662     680     650     659     646     653
     627     590     643     661     655     650     679     682     663     671
     705     662     626     683     626     698     627     659     670     738
     634     660     682     719     673     633     688     673     682     681
     699     690     681     697     678     739     717     709     720     704
     686     765     672     749     680     733     711     765     721     735
     731     755     680     717     644     683     645     747     715     665
     671     643     630     666     627     657     660     653     609     589
     665     652     570     610     609     686     574     651     603     609
     623     669     603     595     536     655     640     614     585     683
     663     657     661     673     627     707     657     673     669     631
     664     674     740     674     645     701     706     689     676     652
     664     645     718     670     654     709     596     634     646     594
     621     595     643     650     581     581     610     615     638     616
     627     664     615     588     650     583     552     543     617     647
     618     631     600     657     548     613     602     578     587     587
     597     563     595     589     593     565     564     501     573     573
     555     584     576     581     557     548     594     542     533     579
     557     574     579     557     553     573     571     581     524     580
     528     586     509     583     542     567     589     522     505     585
     581     561     524     580     546     569     545     560     540     597
     547     597     500     573     535     586     583     594     565     632
     569     585     521     604     517     589     539     557     532     577
     486     540     598     532     562     573     496     576     534     516
     571     544     504     521     564     529     520     510     543     528
     512     500     520     493     527     522     468     487     539     553
     531     562     554     535     542     538     502     531     544     499
     519     492     535     518     521     516     543     531     498     545
     555     483     526     516     487     529     483     528     537     539
     495     483     561     544     505     478     482     555     545     513
     548     483     483     510     569     538     528     520     543     482
     515     516     490     528     511     495     539     531     486     463
     519     517     499     470     513     516     471     498     488     520
     503     539     506     484     502     483     569     487     487     455
     473     531     482     529     505     522     494     497     536     542
     451     451     505     516     469     533     503     489     528     483
     530     539     510     511     515     534     487     530     552     524
     530     513     532     545     528     548     540     540     481     506
     498     469     526     532     552     538     513     544     512     552
     486     509     518     546     502     536     501     557     477     545
     559     484     521     552     519     518     461     550     564     537
     495     499     507     501     505     547     564     532     494     543
     540     500     507     533     512     579     528     516     572     502
     570     518     557     583     530     550     537     546     574     559
     571     569     567     566     569     564     569     568     546     559
     551     564     630     599     559     563     610     601     573     542
     585     626     519     566     642     620     574     647     630     653
     569     613     640     649     618     587     661     716     624     653
     666     705     657     731     670     761     701     686     749     762
     802     710     743     810     831     763     833     862     826     834
     851     856     859     969     939     963     986    1059    1015    1048
    1120    1193    1192    1315    1164    1204    1401    1330    1342    1419
    1527    1520    1573    1617    1762    1725    1763    1716    1997    2111
    1928    2106    2080    2296    2235    2326    2435    2495    2445    2509
    2519    2747    2712    2873    2905    2969    2864    2993    3074    3187
    3129    3082    3330    3213    3204    3166    3289    3282    3111    3059
    3531    3298    3234    3201    3282    3195    3129    3094    3044    3097
    2915    2942    2826    2854    2828    2761    2839    2770    2402    2502
    2437    2433    2198    2205    2193    2088    1965    1971    1951    1900
    1745    1746    1625    1636    1447    1521    1362    1411    1249    1276
    1245    1223    1106    1105    1028    1093     943     969     926     936
     820     874     888     832     821     836     869     890     803     782
     886     837     814     816    1049     964     971     983    1048    1165
    1127    1138    1278    1331    1279    1319    1422    1438    1433    1475
    1583    1644    1567    1676    1751    1822    1687    1649    1718    1692
    1620    1726    1626    1627    1515    1420    1568    1453    1292    1204
    1248    1211    1059    1066    1009     970     892     801     757     744
     665     677     669     578     560     559     536     507     463     489
     457     496     482     464     482     502     466  240528
