$Informacoes da Fluorescencia de Raios-X:
"Sample    : ACC-398-MS",                                                                 
"Operator  : thiago",                                                                     
"Comment  : ",                                                                            
"Group     : thiago_acra2010ma",                                                          
"Date       : 2010-05-30 14:33:11",                                                       
"",                                                                                       
"Mesurement Condition",                                                                   
"------------------------------------------------------------------------------------",   
"Instrument : 700HS2   Atmosphere : Vac.   Collimator : 10(mm)   Spin : No",              
"------------------------------------------------------------------------------------",   
"Analyte               TG kV   uA      FI Acq.(keV)  Anal.(keV)  Time(sec)     DT(%)",    
"------------------------------------------------------------------------------------",   
"Na                    Rh 50 1000-Auto Al  0 - 20    0.8 - 1.2   Live -  959   12",       
"Channel_info_start",                                                                     
"Channel : Na",                                                                           
"Points : 2048
"Range : 0.000000 - 20.480000",                                                           
"Step : 0.010000",                                                                        
"Channel_info_end",                                                                       
$DATA:
       0    2047
       0       0       0       0       0       0       0       0       0    2048
       0       0       0       0       0       0       0       0       0       0
       0       0       0       0       0       0       0       0       0       0
       0       0       0       0       0       0       0       0       3      10
      52     161     151     150     170     154     180     135     169     153
     158     155     161     176     163     182     133     185     188     210
     200     237     243     231     221     225     260     258     237     297
     263     295     309     342     295     326     289     323     330     304
     302     284     265     257     256     210     206     260     237     245
     269     305     364     451     480     478     591     581     606     566
     551     528     446     431     382     351     314     396     350     429
     408     516     508     535     517     513     468     512     437     401
     337     340     260     232     203     237     201     217     256     250
     280     330     318     331     337     330     326     356     315     291
     254     264     242     245     242     208     213     202     226     267
     273     313     378     453     514     588     675     711     713     761
     710     757     693     671     566     563     516     503     443     424
     358     396     401     411     491     645     761    1011    1177    1544
    1621    2020    2067    2201    2193    2328    2105    2007    1648    1501
    1318    1099     826     713     548     493     421     372     376     371
     366     412     346     409     378     421     405     409     428     436
     424     457     405     422     428     443     407     443     428     402
     458     497     453     454     479     543     592     676     662     814
    1010    1364    1503    1992    2386    3012    3163    4005    4223    4761
    4689    4972    4738    4687    4134    3901    3383    2965    2487    2155
    1732    1514    1257    1257    1149    1193    1246    1407    1578    2041
    2392    3366    4513    6240    7838   11483   12780   16583   17884   21510
   23109   25365   24520   25851   24026   23173   19547   18054   14809   12621
    9161    7843    5534    4525    3225    2902    2563    2468    2323    2565
    2569    2623    2524    2592    2288    2318    1936    1821    1511    1250
     971     823     655     527     427     401     308     305     283     281
     267     269     242     257     289     261     265     269     269     341
     303     330     329     376     360     448     539     707     886    1310
    1653    2309    2950    4002    4917    6410    7155    8812    9523   10921
   10983   11579   11508   11311   10271   10067    8437    7668    5979    5154
    3940    3128    2232    1820    1279     976     794     643     676     711
     747     863    1082    1304    1504    1880    2196    2673    3057    3897
    4595    5663    6198    7344    8120    9348    9682   10634   10765   11087
   10280   10362    9471    8937    7543    6619    5497    4681    3436    2726
    2119    1621    1099     917     684     558     479     475     436     497
     581     636     717     848     915    1031    1095    1307    1351    1557
    1548    1671    1460    1431    1439    1376    1196    1133     942     860
     697     603     542     439     380     357     282     325     307     277
     333     299     252     287     305     290     279     268     297     307
     299     306     308     326     302     376     362     391     375     463
     507     605     615     751     809     959    1033    1174    1166    1272
    1281    1370    1239    1212    1124    1087     998     941     852     793
     689     645     590     620     527     517     467     524     481     485
     465     470     461     484     474     447     507     482     496     464
     548     562     473     556     574     583     607     628     610     663
     591     653     658     660     615     639     618     636     594     545
     567     589     488     546     540     515     478     491     505     501
     459     546     480     530     478     535     494     494     546     576
     522     538     473     542     559     565     551     616     539     561
     559     625     644     667     638     664     665     685     627     700
     710     779     697     821     732     686     668     689     680     714
     710     700     715     717     692     677     667     710     672     772
     684     685     610     714     648     724     696     774     722     753
     705     746     771     751     754     787     790     808     818     894
     870     934     897    1035     999    1046    1047    1017    1108    1128
    1080    1204    1100    1109    1014    1103    1048    1053     983    1004
     987    1026     953     971    1021     954     949     952     931     983
     973    1057     984    1009     983    1064    1062    1181    1120    1267
    1263    1560    1726    2050    2411    2977    3488    4354    5071    6301
    7262    8798   10200   11826   12572   14517   15418   16551   16696   18371
   16868   17221   15882   15819   14239   13278   11397   10476    8700    7760
    6289    5303    4372    3757    3090    2639    2140    1893    1558    1487
    1280    1300    1187    1250    1208    1226    1184    1185    1234    1223
    1202    1189    1204    1175    1178    1201    1238    1259    1202    1247
    1248    1210    1240    1175    1285    1362    1293    1362    1346    1526
    1471    1593    1723    1823    1874    2216    2191    2585    2445    2781
    2910    3132    2919    3382    3229    3372    3245    3245    3097    3057
    2803    2703    2465    2454    2137    2096    1905    1813    1630    1541
    1403    1402    1295    1321    1345    1278    1237    1265    1226    1279
    1204    1223    1228    1259    1177    1222    1287    1267    1208    1307
    1238    1243    1255    1219    1206    1293    1269    1234    1278    1294
    1332    1330    1237    1255    1239    1296    1215    1277    1189    1263
    1202    1256    1208    1211    1185    1216    1202    1242    1279    1189
    1151    1333    1233    1246    1185    1264    1254    1261    1232    1326
    1258    1281    1242    1351    1240    1364    1300    1329    1324    1441
    1357    1448    1449    1443    1380    1565    1522    1624    1580    1733
    1707    1748    1609    1773    1744    1748    1648    1591    1560    1628
    1486    1510    1503    1486    1328    1406    1288    1324    1172    1216
    1220    1210    1093    1201    1165    1164    1188    1206    1154    1179
    1202    1173    1180    1157    1045    1181    1135    1193    1137    1182
    1169    1192    1096    1176    1203    1189    1109    1312    1292    1367
    1280    1410    1532    1618    1606    1687    1852    1828    1772    1965
    1964    2083    2013    2075    2119    2016    1919    1860    1827    1857
    1603    1636    1597    1561    1488    1313    1272    1320    1196    1205
    1193    1190    1180    1140    1130    1185    1154    1104    1139    1227
    1110    1129    1071    1184    1113    1129    1137    1142    1107    1155
    1098    1094    1086    1092    1081    1132    1045    1124    1053    1163
     967    1095    1038    1069    1065    1109    1036    1135     990    1016
    1132    1083    1062    1039    1115    1010    1001    1098    1010    1102
    1018    1035    1066    1066    1046    1070     989    1078    1062    1018
    1021    1084    1078    1130    1066    1083    1067    1073    1116    1190
    1085    1129    1160    1178    1067    1142    1114    1083    1082    1111
    1165    1122    1080    1126    1126    1129    1078    1071    1056    1038
    1016    1079    1075    1130    1006    1098    1021    1053    1014    1055
     975    1020    1086    1045    1015     999     980    1027     949     992
     993     986    1114    1011    1006    1037    1005    1063     993    1000
    1010    1043     968    1064    1011    1103    1034    1061    1061    1015
     994    1014    1023     986     980    1018    1023    1007    1048     974
    1029    1052    1006    1052    1066     987     957    1056     987    1024
     991    1077     988    1084     994    1070    1069    1043     975    1062
     999    1100    1107    1119    1080    1083    1078    1058    1126    1176
    1153    1120    1163    1227    1146    1169    1187    1150    1109    1067
    1170    1139    1075    1137    1093    1137    1041    1091    1033    1119
    1055    1063    1032    1045     983    1021    1016     974    1023    1085
    1026    1135    1019    1033    1002    1110     984    1091    1064     990
     974    1012    1030    1041     990    1010    1040     995    1002    1021
    1049    1065     985    1073    1012    1064    1018    1025    1051    1052
    1018    1135    1049    1073    1012    1039    1069    1095    1020    1084
    1062    1051     981    1099    1019    1076    1018    1057    1073    1115
     970    1002    1030    1019     984    1072    1052    1077     968    1045
    1012    1020     945    1046     996    1089     955    1055    1010    1006
    1040    1049    1050    1080     987    1040    1038    1016     952    1027
     989    1047     953    1029    1046    1126    1026    1129    1111    1148
    1114    1231    1221    1228    1292    1435    1458    1594    1509    1575
    1736    1812    1873    1984    2034    2184    2145    2189    2094    2267
    2100    2274    2165    2192    2071    2031    1974    1939    1768    1719
    1627    1587    1365    1431    1339    1358    1267    1171    1138    1098
    1070    1036    1040    1052     974     988     970     926     936     985
     941     977     952     955     929     883     893     942     915     971
     917     975     952     907     938     881     949     977     887     866
     933     912     954     932     891     915     912     950    1042    1019
     952     965     898     958    1008    1024     962    1004     926     954
     947     930     948     973     933    1008     991     960    1008     948
     943     895     990    1014     913     916     938     917     857     911
     936     941     865     916     892     875     872     893     937     908
     873     862     918     883     818     884     849     901     881     896
     943     918     875     911     917     980     868     956     913     944
     860     895    1014     938     905     976     967     964     925    1035
    1007    1012    1040    1069    1072    1072     996    1088    1063    1073
    1061    1049    1023    1023    1006    1022    1006    1066     944     979
    1040     992     956     934     942     944     878     943     866     932
     840     902     908     848     868     882     878     882     849     880
     863     841     846     862     814     867     791     870     854     810
     773     819     859     873     779     823     879     840     845     836
     815     823     832     816     829     919     798     823     829     823
     792     813     867     778     815     821     832     927     820     851
     865     854     853     861     880     926     911     877     974     934
     875     931     863     954     895     869     910     896     851     869
     862     960     859     888     869     879     800     853     816     841
     760     875     826     793     813     798     823     803     779     806
     802     801     699     753     759     809     747     809     803     814
     699     826     761     746     778     761     799     751     740     773
     786     758     792     749     759     772     788     777     783     778
     723     725     842     729     723     772     785     762     786     797
     756     789     708     716     732     738     749     730     744     786
     742     753     720     783     699     739     753     752     747     710
     736     776     685     704     777     786     649     711     701     733
     723     767     661     779     679     746     729     756     700     772
     745     777     686     692     694     704     680     687     699     713
     710     718     658     677     685     696     731     687     724     721
     712     679     691     727     637     700     710     675     705     700
     729     696     724     675     662     678     684     744     677     686
     704     729     704     759     696     713     665     757     738     754
     728     672     722     711     722     711     726     779     798     706
     720     729     708     739     729     686     711     696     689     661
     677     711     679     645     634     675     649     777     667     641
     710     676     629     708     672     708     697     638     679     684
     648     676     671     716     650     634     649     634     651     701
     680     674     622     677     676     671     693     659     640     652
     660     666     735     647     625     651     663     615     647     633
     667     680     648     663     649     644     624     710     672     639
     661     701     660     684     608     628     652     600     607     658
     683     684     651     664     628     648     617     621     636     617
     624     628     667     640     650     656     652     656     600     645
     618     643     576     627     631     662     643     614     601     670
     639     612     621     678     625     609     672     662     610     624
     587     654     615     641     619     621     592     609     645     696
     574     603     644     633     605     606     677     647     614     638
     635     718     602     576     616     658     603     587     715     638
     587     584     640     682     579     593     607     650     639     658
     624     679     613     677     644     677     607     617     620     631
     571     630     664     655     616     671     668     633     625     600
     698     615     667     636     633     713     662     631     697     647
     659     647     672     674     617     635     664     717     646     604
     664     679     649     654     667     691     715     601     663     669
     690     677     760     667     637     694     637     721     647     706
     694     754     691     685     695     712     674     689     713     729
     683     718     685     723     666     727     800     716     691     726
     823     820     714     733     825     810     739     691     784     712
     759     814     878     831     782     833     862     891     886     868
     922     863     875     856     924     831     896     851     969     948
     957     959    1038    1020     943    1083    1115    1037    1055    1124
    1127    1146    1131    1161    1296    1269    1272    1302    1376    1425
    1376    1435    1522    1580    1630    1694    1702    1871    1802    1808
    1942    1976    2016    2158    2198    2395    2292    2279    2676    2583
    2585    2664    2857    2954    2873    3039    3201    3249    3143    3249
    3504    3534    3493    3469    3754    3835    3763    3719    3905    3951
    3839    3957    4015    4124    3982    4009    4157    4110    4065    3894
    4373    4020    4060    4034    3967    3944    3852    3891    3737    3777
    3620    3611    3586    3572    3364    3439    3252    3267    2890    3151
    2947    2943    2752    2689    2617    2600    2410    2261    2368    2198
    2103    2000    2102    1980    1876    1847    1722    1700    1586    1478
    1529    1443    1330    1339    1287    1290    1165    1144    1184    1117
    1033    1094    1037    1069    1078    1005    1058    1048     987     955
    1057    1101    1095    1064    1256    1188    1191    1285    1317    1389
    1372    1418    1525    1617    1690    1726    1914    1865    1895    2039
    2032    2133    2121    2158    2193    2173    2155    2105    2227    2149
    2015    2104    2076    2030    1932    1696    1938    1716    1670    1568
    1591    1455    1335    1280    1242    1179    1088     956     985     905
     816     761     814     742     693     683     637     675     612     586
     602     617     623     558     594     609     543  304444
