$Informacoes da Fluorescencia de Raios-X:
"Sample    : ACC-432-MS",                                                                 
"Operator  : thiago",                                                                     
"Comment  : ",                                                                            
"Group     : thiago_acra2010ma",                                                          
"Date       : 2010-05-31 01:38:43",                                                       
"",                                                                                       
"Mesurement Condition",                                                                   
"------------------------------------------------------------------------------------",   
"Instrument : 700HS2   Atmosphere : Vac.   Collimator : 10(mm)   Spin : No",              
"------------------------------------------------------------------------------------",   
"Analyte               TG kV   uA      FI Acq.(keV)  Anal.(keV)  Time(sec)     DT(%)",    
"------------------------------------------------------------------------------------",   
"Na                    Rh 50 1000-Auto Al  0 - 20    0.8 - 1.2   Live -  959   11",       
"Channel_info_start",                                                                     
"Channel : Na",                                                                           
"Points : 2048
"Range : 0.000000 - 20.480000",                                                           
"Step : 0.010000",                                                                        
"Channel_info_end",                                                                       
$DATA:
       0    2047
       0       0       0       0       0       0       0       0       0    2048
       0       0       0       0       0       0       0       0       0       0
       0       0       0       0       0       0       0       0       0       0
       0       0       0       0       0       0       0       2       6       6
      64     159     128     150     125     161     134     144     134     142
     138     151     151     164     153     146     164     180     145     170
     185     210     179     201     197     235     252     235     236     262
     243     275     266     310     260     305     271     313     298     284
     244     248     228     210     202     223     201     192     193     208
     210     288     277     325     358     416     399     457     457     435
     392     416     348     292     277     291     266     303     300     333
     297     398     354     455     391     430     372     403     314     342
     278     306     237     229     170     211     198     151     188     215
     230     258     271     284     284     314     265     343     269     298
     251     211     223     212     189     180     210     218     210     242
     286     380     422     561     632     719     780     840     857     893
     820     893     765     789     674     595     504     486     384     430
     341     370     414     523     626     865    1106    1476    1833    2295
    2555    3111    3252    3592    3427    3680    3295    3190    2594    2465
    1960    1636    1197    1056     776     646     454     446     377     356
     332     378     313     365     351     372     362     392     336     391
     376     450     375     386     399     353     376     362     365     372
     394     400     377     395     392     435     495     527     628     742
     785    1116    1346    1807    2190    2762    3088    3658    3974    4478
    4451    4782    4466    4445    3898    3675    3122    2771    2246    1975
    1483    1348    1019    1024     952     955     956    1078    1236    1405
    1760    2387    3234    4347    5653    8082    8916   11676   12802   15332
   15982   17821   17367   18312   16811   16286   13878   13328   10670    9080
    6820    5790    4048    3300    2376    2078    1780    1876    1615    1751
    1836    1983    1810    1894    1699    1630    1475    1337    1106     932
     778     634     530     411     355     305     299     249     233     225
     216     247     204     214     204     238     233     254     227     263
     248     279     260     272     345     394     417     583     714    1029
    1341    1785    2390    3121    3765    5047    5623    6778    7412    8590
    8656    9451    9247    9138    8254    8295    6630    6190    4992    4280
    3352    2638    1851    1386    1029     799     587     562     514     627
     624     703     836    1051    1256    1524    1821    2268    2638    3399
    3962    5210    5499    6844    7351    8591    8955   10093    9871   10627
    9999    9619    9005    8608    7187    6428    5251    4416    3511    2611
    1952    1527    1067     862     609     483     379     343     383     401
     431     581     628     749     800     976    1048    1178    1226    1423
    1338    1463    1377    1413    1355    1251    1104    1071     897     814
     642     577     524     445     370     361     294     300     312     288
     273     292     283     238     279     270     220     267     266     258
     300     313     269     316     297     336     312     404     403     500
     583     750     812     934    1077    1237    1397    1492    1507    1671
    1659    1688    1764    1635    1505    1558    1374    1307    1083     976
     860     868     664     665     568     562     457     486     452     450
     452     467     428     461     440     481     466     466     481     482
     474     521     494     512     527     551     562     631     639     620
     607     628     643     686     615     629     674     665     581     608
     561     550     497     487     508     537     441     461     463     477
     411     455     401     453     419     517     425     487     477     497
     463     476     501     555     504     541     499     516     548     545
     542     555     625     611     548     560     608     676     614     683
     663     693     653     695     684     697     667     661     725     717
     597     603     645     661     644     614     685     637     580     650
     683     669     646     643     639     661     611     648     703     659
     648     715     654     700     702     717     708     825     761     832
     843     844     923     956     934    1035    1041    1114    1058    1120
    1121    1149    1048    1096    1007    1050     964    1031     926     922
     894     933     896     878     849     879     793     892     849     879
     842     888     907     958     936    1014     985    1071    1166    1261
    1440    1765    1886    2448    2943    3865    4617    5951    7212    9349
   10678   12905   14912   17925   18928   21673   23633   25343   25388   28616
   25966   26759   24426   24434   21695   20631   17644   16199   13687   12049
    9324    8055    6478    5379    4037    3453    2470    2258    1699    1622
    1403    1311    1158    1179    1114    1047    1032    1027    1035    1083
    1049    1076    1041    1094    1057    1161    1056    1121    1146    1106
    1072    1231    1132    1185    1242    1224    1192    1328    1356    1417
    1543    1608    1825    2014    2150    2437    2832    2874    3080    3420
    3565    4067    4030    4347    4363    4508    4131    4290    4017    4022
    3697    3597    3243    2952    2602    2388    2162    2007    1732    1643
    1442    1464    1268    1247    1232    1166    1127    1120    1065    1094
    1033    1037    1101    1121    1081    1102    1042    1150    1172    1091
    1006    1098     988    1193    1107    1131    1037    1108    1060    1124
    1068    1124    1085    1175    1091    1100    1123    1081     999    1129
    1063    1093    1011    1113    1012    1102    1069    1102    1097    1090
    1033    1089    1117    1107    1090    1189    1041    1146    1087    1108
    1048    1214    1093    1211    1079    1213    1111    1204    1128    1217
    1247    1230    1215    1382    1354    1372    1383    1406    1371    1500
    1509    1530    1447    1507    1535    1505    1437    1463    1370    1383
    1289    1271    1234    1316    1238    1187    1129    1110    1058    1118
    1088    1061    1049    1057    1034    1044     966     973    1011    1043
    1002    1055    1001    1013     956    1008     984     995     938    1010
     968    1045     940    1022    1041    1066    1087    1150    1099    1215
    1135    1167    1277    1423    1425    1462    1514    1580    1581    1703
    1735    1764    1615    1745    1739    1669    1572    1589    1540    1507
    1356    1508    1349    1326    1192    1158    1092    1092    1060    1040
    1057    1032     957    1018     997     971     995     919    1058     997
     924     971     983     993     974     953     989    1001     981     972
     983    1012     917     991     952     932     888     911     883     993
     844     972     885     921     915     983     914     956     889     905
    1019     955     891     927     896     977     849     982     934     938
     890     918     964     905     945     905     899     911     879     933
     890     953     948     949     974     990     916     956     972    1005
     973     926    1028    1009     999     943     964     990     949    1028
     992    1027     946     957     930     924     880     901     957     941
     872     867     950     884     873     949     910     866     925     900
     890     892     903     890     875     928     875     972     845     867
     828     870     890     942     874     909     891     905     855     891
     899     935     856     872     925     917     836     902     853     906
     842     861     909     905     862     883     867     974     810     907
     873     939     886     880     932     933     831     886     849     933
     878     873     939     893     830     884     836     928     858     931
     878     948     859     934     922     958     912     986     932     977
     936    1018     966    1006     932     980     935     975     980    1002
     919     980     918     949     964     959     847     939     891     899
     889     912     939     925     839     857     883     913     911     880
     846     909     852     874     928     888     858     940     977     957
     808     889     890    1000     853     834     907     905     919     928
     907     893     913     931     842     974     857     923     902     909
     840     898     962     907     905     915     928     961     952     926
     898     906     881     959     844     961     851     915     929     898
     856     912     922     975     878     870     846     889     832     910
     868     907     901     906     849     948     889     885     844     844
     873     922     894     857     839     868     841     858     884     930
     929     901     843     894     852     916     849     931     839     907
     900     928     906     964     932    1011     979     992     989    1054
    1000    1123    1068    1140    1144    1111    1126    1217    1118    1218
    1139    1159    1176    1215    1100    1162    1071    1116    1041    1138
    1004    1043     919    1008     963     894     876     845     856     833
     816     795     834     902     831     832     877     797     825     813
     748     827     818     808     809     760     783     815     787     794
     799     834     775     868     792     840     819     857     768     836
     820     776     813     797     848     811     822     772     796     807
     799     780     838     848     773     843     800     826     806     803
     826     898     850     846     814     824     829     859     883     801
     778     793     810     783     810     795     798     831     758     777
     806     747     813     741     811     791     763     792     820     793
     768     732     784     803     756     829     761     753     785     715
     727     776     740     783     749     734     722     778     748     765
     750     749     785     793     765     777     798     782     716     743
     762     819     802     824     807     826     790     828     860     860
     830     823     844     843     785     824     806     859     802     862
     810     813     790     831     750     758     779     745     759     773
     710     759     675     760     686     791     725     758     770     744
     767     743     711     727     752     798     694     727     791     747
     725     700     794     700     713     684     759     708     697     725
     729     775     668     744     728     669     679     766     742     736
     671     781     732     759     720     719     686     759     707     714
     792     731     763     796     787     781     784     753     811     793
     719     809     761     796     748     762     748     745     728     723
     800     776     729     740     730     757     692     737     717     719
     665     701     710     723     691     687     683     692     659     696
     645     702     670     669     649     727     623     654     719     682
     667     671     673     715     619     697     644     656     670     623
     694     693     592     649     697     653     656     636     695     654
     607     645     694     663     680     641     627     657     620     675
     636     654     668     633     631     663     581     615     629     728
     628     687     625     676     633     613     642     657     630     619
     670     634     603     584     717     610     615     611     615     644
     614     652     656     645     590     586     653     581     628     603
     632     689     629     683     623     621     604     630     555     637
     579     678     561     571     623     586     588     635     612     629
     561     681     575     674     586     637     571     628     628     616
     603     611     620     639     571     586     603     610     603     654
     627     670     615     621     693     623     632     623     673     657
     624     624     633     699     668     691     614     662     585     630
     652     591     635     632     648     639     565     598     643     623
     562     567     581     603     586     597     582     601     577     620
     564     596     571     630     576     593     594     576     614     596
     540     565     593     567     575     606     531     667     579     621
     588     583     543     594     580     567     587     577     569     614
     513     593     549     614     555     591     577     596     557     540
     529     573     558     598     606     611     548     611     603     581
     603     573     583     555     606     575     588     624     586     586
     566     557     573     615     536     598     568     561     540     575
     469     520     576     541     553     585     582     583     597     568
     562     600     516     577     580     574     544     591     558     515
     576     505     560     548     577     564     584     529     553     529
     510     579     535     492     547     552     513     552     562     547
     562     551     630     536     519     555     505     535     530     548
     570     601     486     563     520     586     484     526     575     567
     516     559     571     559     552     530     569     566     528     517
     531     548     543     525     533     571     547     593     561     558
     523     555     625     575     571     588     564     528     535     536
     551     553     536     553     592     624     533     601     562     594
     567     588     585     569     546     578     582     573     542     579
     602     604     576     588     587     594     568     549     577     602
     565     552     653     598     570     601     565     592     602     607
     636     600     594     585     641     624     591     611     644     599
     619     606     646     615     633     623     625     650     631     661
     661     639     668     673     678     634     602     680     722     695
     733     682     677     678     730     757     714     753     701     756
     747     777     722     791     785     756     826     801     840     796
     877     842     810     851     872     876     968    1004     886     968
    1027     989     939    1014    1063    1100    1091    1150    1149    1224
    1215    1281    1291    1363    1334    1408    1519    1497    1474    1632
    1654    1810    1721    1839    1968    2010    2016    2113    2251    2298
    2223    2359    2379    2432    2522    2657    2696    2799    2756    2806
    2994    2968    2864    3015    3171    3236    3179    3191    3353    3500
    3276    3356    3503    3532    3353    3571    3547    3621    3367    3406
    3747    3520    3471    3444    3440    3514    3155    3400    3263    3298
    3106    3107    3168    3098    2866    2963    2862    2884    2625    2605
    2548    2478    2400    2303    2372    2319    2092    2014    2019    1946
    1862    1797    1747    1770    1577    1554    1568    1354    1360    1326
    1343    1271    1189    1192    1138    1173     975    1091     949     998
     967     966     979     900     879     894     916     905     841     945
     930     976     978    1012    1065    1018    1058    1106    1140    1189
    1218    1234    1389    1469    1435    1525    1572    1595    1607    1661
    1848    1823    1826    1852    1953    1928    1854    1826    1964    1822
    1736    1794    1765    1797    1676    1571    1709    1559    1350    1406
    1373    1258    1095    1168    1051    1015     950     874     858     752
     727     702     683     642     593     546     551     571     501     560
     525     575     529     512     511     508     512  262630
