$Informacoes da Fluorescencia de Raios-X:
"Sample    : ACC-475-MS",                                                                 
"Operator  : thiago",                                                                     
"Comment  : ",                                                                            
"Group     : thiago_acra2010ma",                                                          
"Date       : 2010-05-31 17:36:32",                                                       
"",                                                                                       
"Mesurement Condition",                                                                   
"------------------------------------------------------------------------------------",   
"Instrument : 700HS2   Atmosphere : Vac.   Collimator : 10(mm)   Spin : No",              
"------------------------------------------------------------------------------------",   
"Analyte               TG kV   uA      FI Acq.(keV)  Anal.(keV)  Time(sec)     DT(%)",    
"------------------------------------------------------------------------------------",   
"Na                    Rh 50 1000-Auto Al  0 - 20    0.8 - 1.2   Live -  959   17",       
"Channel_info_start",                                                                     
"Channel : Na",                                                                           
"Points : 2048
"Range : 0.000000 - 20.480000",                                                           
"Step : 0.010000",                                                                        
"Channel_info_end",                                                                       
$DATA:
       0    2047
       0       0       0       0       0       0       0       0       0    2048
       0       0       0       0       0       0       0       0       0       0
       0       0       0       0       0       0       0       0       0       0
       0       0       0       0       0       0       1       0       3       4
      81     185     173     181     185     193     204     190     166     166
     157     188     198     173     205     200     169     201     205     217
     215     230     264     291     241     285     242     284     295     336
     271     313     289     380     307     354     256     352     279     307
     292     317     279     298     214     242     253     214     249     270
     234     283     307     394     341     458     418     448     427     449
     396     347     370     376     326     286     271     277     308     317
     330     381     359     383     359     423     368     371     341     318
     301     276     258     228     231     248     196     231     267     264
     298     285     324     380     308     387     347     371     321     370
     284     312     310     327     230     300     302     337     377     501
     554     787     910    1164    1312    1726    1638    1899    1947    2089
    1793    1995    1679    1641    1296    1132    1016     846     711     778
     657     705     846    1133    1703    2317    3004    4249    5324    6869
    7605    9062    9560   10350    9964   10414    9230    9007    7482    6654
    5430    4346    3152    2545    1839    1423    1100     891     716     702
     609     667     609     584     561     664     604     631     564     603
     555     494     479     555     505     461     439     461     424     454
     447     430     424     503     438     496     547     647     662     797
     966    1270    1499    2020    2427    2990    3245    3885    4254    4715
    4643    5001    4625    4650    3975    3885    3295    2850    2245    2088
    1577    1414    1026    1104    1041     966    1025    1107    1235    1378
    1828    2259    2869    4043    4948    7136    7932   10222   10937   13420
   14122   15519   14688   15631   14473   14111   12144   10864    9010    7920
    5761    4905    3278    2737    2060    1853    1632    1630    1567    1806
    1675    1778    1687    1765    1619    1540    1371    1216    1084     895
     759     662     551     484     380     369     354     355     327     299
     327     368     339     331     324     338     352     374     366     376
     372     432     411     429     471     547     662     844     914    1473
    1756    2543    3061    4139    4988    6365    7289    8936    9673   10724
   10829   11498   11409   11504   10283    9991    8285    7677    6004    5155
    3874    3251    2397    1832    1420    1073     863     785     819     882
     944    1192    1329    1738    2010    2633    3323    4378    5233    7027
    8495   11023   12393   15206   17232   20158   20944   23981   23246   25071
   23440   23177   21363   20060   16706   15187   12175   10232    7576    6103
    4390    3318    2322    1755    1233     928     736     697     684     776
     887    1138    1293    1525    1707    2090    2353    2701    2815    3037
    3148    3393    3095    3181    2958    2809    2365    2241    1839    1638
    1375    1093     934     799     597     546     483     455     359     375
     360     320     337     344     359     394     359     337     364     373
     343     398     391     402     411     508     584     760     840    1041
    1213    1456    1762    2100    2389    2790    2940    3475    3729    3982
    3866    3994    3799    4028    3369    3357    3000    2649    2325    2100
    1748    1608    1349    1203    1021     973     878     878     779     803
     715     762     695     684     636     663     640     709     683     741
     743     767     807     906     835     993     986     983    1053    1155
    1139    1161    1183    1226    1144    1200    1118    1066    1002     989
     926     891     755     734     734     744     640     639     607     632
     653     663     609     642     605     690     633     697     640     704
     629     705     711     742     713     685     704     758     738     808
     776     809     781     876     872     912     851     890     890     976
     866     978     913    1043     949     986     848     914     952     902
     925     901     867     849     860     826     895     886     898     891
     829     865     883     937     864     870     914     901     920     887
     819     885     944     937     950    1054    1041    1117    1175    1197
    1266    1382    1477    1511    1590    1643    1648    1906    1803    1864
    1852    1952    1760    1738    1674    1630    1534    1562    1446    1404
    1353    1396    1263    1279    1147    1242    1207    1360    1228    1282
    1225    1319    1341    1455    1392    1549    1604    1780    1866    2352
    2914    3681    4357    5944    7788   10481   12737   16818   21158   26926
   30796   38304   45013   52154   56238   63917   68653   75078   74112   82857
   75677   77325   70756   69617   62449   58819   50311   45327   37924   33235
   25750   21709   17057   13729   10061    8544    6016    4729    3531    3031
    2353    2101    1691    1563    1515    1548    1424    1398    1402    1514
    1413    1500    1428    1462    1353    1373    1429    1450    1493    1503
    1572    1648    1549    1674    1638    1786    1900    2102    2247    2567
    2616    3117    3668    4216    4664    5566    6204    7143    7730    8439
    9248   10153   10085   10965   11355   11297   10829   10767   10160    9919
    8778    8566    7390    6982    5881    5238    4648    4080    3359    3027
    2510    2361    1937    1790    1623    1640    1459    1483    1399    1384
    1364    1371    1351    1342    1354    1289    1389    1434    1359    1350
    1371    1393    1351    1417    1380    1418    1371    1427    1409    1407
    1357    1488    1410    1378    1320    1397    1355    1338    1324    1323
    1384    1343    1302    1343    1396    1395    1319    1387    1426    1376
    1375    1341    1320    1369    1339    1444    1415    1375    1360    1436
    1417    1441    1388    1438    1331    1516    1427    1445    1442    1521
    1505    1526    1584    1702    1616    1733    1807    1938    1758    1970
    2079    2067    1938    2030    1993    2019    1783    1918    1941    1931
    1628    1705    1541    1687    1537    1565    1500    1418    1392    1346
    1321    1334    1285    1263    1277    1373    1176    1223    1204    1197
    1233    1331    1286    1203    1192    1199    1255    1277    1246    1281
    1222    1293    1141    1247    1282    1371    1336    1457    1428    1547
    1478    1676    1683    1793    1926    2023    2058    2205    2173    2280
    2325    2485    2333    2439    2489    2383    2185    2297    2138    2102
    1893    1866    1782    1715    1462    1611    1462    1476    1369    1441
    1356    1387    1280    1351    1327    1327    1284    1268    1256    1261
    1254    1287    1226    1287    1254    1191    1327    1296    1168    1258
    1161    1214    1170    1236    1211    1225    1094    1200    1216    1238
    1155    1244    1112    1172    1104    1162    1203    1186    1195    1263
    1151    1213    1256    1170    1223    1188    1050    1249    1135    1185
    1157    1141    1176    1150    1119    1195    1142    1154    1150    1193
    1162    1142    1131    1261    1140    1160    1128    1269    1207    1322
    1240    1207    1258    1319    1249    1332    1248    1256    1270    1316
    1353    1331    1189    1235    1255    1253    1204    1221    1234    1255
    1126    1193    1220    1212    1095    1168    1089    1097    1073    1151
    1158    1152    1058    1051    1066    1094    1084    1109    1103    1121
    1089    1151    1140    1120    1067    1095    1086    1123    1095    1129
    1100    1142    1118    1146    1112    1200    1094    1087    1103    1176
    1136    1136    1135    1164    1146    1178    1100    1105    1082    1085
    1100    1143    1067    1131    1135    1171    1110    1170    1077    1186
    1116    1147    1159    1125    1096    1200    1144    1224    1144    1234
    1161    1243    1205    1248    1242    1225    1150    1279    1190    1289
    1266    1252    1277    1258    1201    1288    1320    1339    1307    1296
    1160    1235    1130    1250    1258    1234    1155    1138    1128    1218
    1165    1197    1083    1196    1027    1144    1075    1144    1126    1099
    1172    1140    1073    1165    1098    1143    1112    1098    1194    1181
    1078    1059    1201    1213    1095    1111    1155    1151    1086    1097
    1174    1130    1078    1141    1016    1160    1064    1112    1158    1175
    1075    1154    1149    1088    1080    1120    1119    1129    1099    1141
    1127    1210    1111    1055    1186    1129    1098    1114    1142    1152
    1117    1126    1086    1194    1105    1123    1104    1190    1083    1100
    1106    1143    1035    1077    1100    1139    1063    1128    1084    1106
    1059    1221    1053    1104    1064    1099    1075    1075    1074    1099
    1093    1084    1040    1080    1118    1116    1055    1193    1095    1158
    1057    1094    1138    1195    1139    1158    1213    1258    1264    1215
    1247    1351    1274    1370    1385    1393    1317    1392    1459    1430
    1369    1378    1335    1453    1298    1278    1276    1324    1292    1344
    1188    1223    1168    1151    1167    1163    1072    1123    1149    1055
    1013    1042    1025    1063    1062    1058     990    1013     986    1002
    1027    1010    1002    1018    1002    1003     983    1054     971     994
    1025    1053     945    1050     997     970    1025    1054     984    1004
    1000    1043     949    1057     978    1071    1069     963    1080    1089
    1000    1016    1044    1064    1025    1009    1047    1115    1045    1037
    1136    1059    1097    1053    1106    1050    1063    1079    1069    1054
    1030     984    1088    1114     991    1044    1044    1112    1013     991
    1067    1031     990     991     931    1076     949    1042     907     998
     960    1041    1022     975     941    1009    1005     955     949     994
     934     990     970     906     947     991     919     998     912     877
     952     979    1027    1023     955     991     947     976     949     977
     968    1052     999    1004    1073    1065     977    1011    1059    1029
     947    1042    1022    1004     971    1051    1086    1059     981    1023
     994    1033    1015    1016     978    1011     906    1019    1034     970
     896     991     917    1029     933     913     899     978     915     979
     899     902     869     913     855     957     887     971     906     936
     860     946     925     931     866     867     899     936     851     883
     904     916     890     942     922     922     848     914     929     934
     909     960     870     933     904     912     946     941     929     947
     978     966     936     977    1021     981     989    1007    1024    1082
     978    1010    1027    1051    1005    1035     970    1036     958    1030
     968    1008     909     989     910     912     892     864     903     885
     851     833     873     925     876     829     813     875     819     816
     841     855     796     882     823     871     852     843     874     875
     805     785     833     871     768     823     806     820     807     781
     827     789     814     830     849     826     824     797     842     903
     777     744     788     854     837     841     747     841     798     774
     837     811     785     817     809     833     829     826     834     829
     762     731     823     849     775     829     818     860     778     811
     800     832     768     760     819     822     816     767     813     803
     781     820     802     773     715     787     810     811     738     766
     762     822     704     758     816     777     721     728     831     759
     816     750     826     769     735     770     784     758     699     721
     739     806     728     717     724     747     739     765     779     798
     729     725     765     817     739     828     818     818     779     806
     821     859     828     810     874     910     800     880     929     916
     813     904     894     948     831     922     863     907     864     870
     862     923     850     832     834     791     831     852     801     803
     743     726     766     810     720     832     715     779     693     724
     689     746     677     744     748     714     741     716     674     713
     743     723     720     710     667     747     725     737     743     763
     731     734     743     684     786     705     700     735     734     777
     628     729     712     716     648     716     671     731     694     744
     692     692     726     746     731     739     727     764     758     721
     731     717     695     746     680     749     767     694     679     648
     755     757     682     685     726     777     677     710     688     714
     645     715     677     712     640     688     725     663     640     709
     678     739     675     707     686     686     665     722     699     732
     659     684     729     732     636     669     701     691     629     742
     692     682     700     686     681     690     628     659     659     734
     596     673     715     734     663     688     725     693     674     648
     717     645     675     703     635     736     685     716     668     700
     702     728     714     699     685     722     686     716     694     669
     656     729     696     711     690     643     674     716     650     739
     702     717     742     724     695     678     720     714     692     768
     792     715     705     737     706     721     684     770     694     775
     693     713     727     714     728     691     736     718     652     685
     713     767     650     726     742     707     720     727     737     715
     713     705     829     724     720     724     763     838     718     714
     728     745     720     736     762     744     765     724     801     798
     798     757     806     866     734     759     821     834     799     791
     824     849     787     769     829     875     764     877     902     864
     823     848     887     838     858     902     958     918     877     870
     933     991     897     942     950    1030     938    1016    1039    1056
     991    1053    1019    1107    1041    1119    1199    1140    1055    1146
    1247    1218    1228    1293    1382    1353    1292    1406    1407    1538
    1474    1551    1646    1717    1630    1854    1854    1939    1839    1991
    2086    2169    2148    2267    2364    2431    2408    2514    2906    2746
    2712    2916    2984    3129    2951    3152    3361    3366    3329    3567
    3608    3725    3680    3731    4045    3859    3884    4039    4103    4202
    4030    4101    4419    4222    4222    4129    4501    4289    4178    4138
    4758    4294    4071    4385    4190    4277    4025    4044    4184    4030
    3827    3714    3799    3759    3502    3684    3537    3572    3174    3167
    3146    3169    2962    2808    2873    2676    2525    2537    2457    2447
    2175    2192    2230    2104    1974    1926    1929    1821    1770    1641
    1689    1549    1439    1455    1425    1388    1345    1292    1271    1280
    1161    1083    1179    1149    1057    1082    1179    1141    1039    1090
    1162    1264    1190    1141    1306    1289    1178    1302    1394    1445
    1513    1558    1682    1716    1725    1810    1927    1975    2019    2153
    2136    2223    2198    2271    2479    2362    2264    2343    2436    2434
    2239    2217    2277    2249    2041    2005    2185    2087    1840    1835
    1787    1725    1545    1468    1462    1277    1234    1163    1133    1107
     946     958     944     886     728     752     715     733     630     598
     715     682     625     616     613     650     628  327917
