$Informacoes da Fluorescencia de Raios-X:
"Sample    : ACC-430-MS",                                                                 
"Operator  : thiago",                                                                     
"Comment  : ",                                                                            
"Group     : thiago_acra2010ma",                                                          
"Date       : 2010-05-31 01:00:46",                                                       
"",                                                                                       
"Mesurement Condition",                                                                   
"------------------------------------------------------------------------------------",   
"Instrument : 700HS2   Atmosphere : Vac.   Collimator : 10(mm)   Spin : No",              
"------------------------------------------------------------------------------------",   
"Analyte               TG kV   uA      FI Acq.(keV)  Anal.(keV)  Time(sec)     DT(%)",    
"------------------------------------------------------------------------------------",   
"Na                    Rh 50 1000-Auto Al  0 - 20    0.8 - 1.2   Live -  959   15",       
"Channel_info_start",                                                                     
"Channel : Na",                                                                           
"Points : 2048
"Range : 0.000000 - 20.480000",                                                           
"Step : 0.010000",                                                                        
"Channel_info_end",                                                                       
$DATA:
       0    2047
       0       0       0       0       0       0       0       0       0    2048
       0       0       0       0       0       0       0       0       0       0
       0       0       0       0       0       0       0       0       0       0
       0       0       0       0       0       0       0       1       3      11
      76     172     157     179     144     191     166     183     175     171
     156     172     194     184     181     196     194     240     212     226
     250     277     283     322     307     334     326     345     341     298
     344     315     311     309     288     331     305     330     291     270
     245     280     282     245     224     275     263     266     245     328
     318     370     380     571     560     651     657     664     678     668
     557     655     547     495     400     421     326     327     287     303
     303     310     345     332     361     334     353     311     346     321
     334     274     253     266     237     243     252     223     215     243
     260     276     274     295     283     255     268     293     255     282
     260     262     263     283     252     287     262     303     295     346
     280     418     457     495     471     622     603     779     816    1037
    1043    1289    1416    1635    1677    1848    1955    1953    1820    1806
    1477    1412    1191    1147     860     912     708     773     815     955
     831     913     975    1025     991    1135     964    1024     852     838
     807     758     696     628     639     656     546     588     553     545
     509     549     507     524     511     524     502     545     513     544
     552     582     529     575     557     595     587     677     615     677
     629     683     644     731     708     813     784     993    1089    1352
    1582    1992    2493    3477    4121    5002    5601    7014    7590    8444
    8439    8700    8491    8384    7297    6753    5753    5126    4012    3547
    2728    2433    1879    1845    1603    1691    1652    1840    2147    2626
    3057    4157    5513    7338    9422   13604   15231   19416   21598   25393
   27383   30238   29400   30794   28442   27666   23744   21797   17841   14979
   11545    9424    6679    5826    4235    3883    3395    3493    3328    3615
    3555    3833    3690    3725    3419    3389    3059    3020    2513    2412
    1916    1729    1570    1520    1319    1326    1310    1228    1207    1275
    1147    1259    1180    1299    1306    1361    1224    1409    1412    1513
    1515    1759    1770    2140    2379    3006    4008    5660    7589   11665
   15390   22838   28911   40141   50066   65434   73942   91036   99326  113674
  113969  122213  119306  120481  107754  106065   87287   79323   61991   51906
   39806   30939   21635   15558   11020    7967    5415    4776    4338    4822
    5128    6240    7581    8984   10042   11757   12741   14305   14274   15582
   15236   15483   14028   14174   13026   12400   10819   10354    8701    8163
    6576    6219    5282    4644    3743    3308    2534    2103    1553    1309
    1009     803     548     447     361     353     321     327     345     336
     382     419     448     536     578     593     607     757     718     866
     731     803     732     721     669     668     650     598     509     461
     422     370     336     309     289     295     299     279     258     272
     300     298     277     349     343     305     283     289     285     318
     304     274     289     308     271     311     284     315     281     351
     333     361     418     430     477     510     491     556     553     622
     603     638     595     598     579     558     492     496     454     493
     413     386     357     378     364     368     366     337     355     394
     354     377     329     374     327     379     346     385     362     433
     397     401     400     438     416     451     470     445     488     446
     454     464     485     418     445     461     440     433     453     411
     434     443     404     412     387     421     385     436     412     458
     407     435     435     383     421     406     429     455     414     468
     434     443     409     473     451     474     444     502     455     491
     482     513     501     548     525     590     550     658     594     610
     671     609     596     683     658     671     626     712     684     698
     673     622     636     685     647     697     629     677     663     663
     626     661     598     684     649     654     647     690     640     618
     613     602     662     645     634     669     644     656     690     711
     659     799     728     794     787     840     749     838     907     967
     861     940     861     900     866     897     891     846     833     865
     776     864     852     848     848     820     783     879     784     851
     814     864     797     859     837     889     919     900     860     971
     943    1038     997    1234    1274    1476    1568    1935    2149    2625
    2927    3386    3876    4536    4658    5264    5655    6203    6081    6768
    6422    6498    5904    5916    5454    5053    4412    4248    3576    3315
    2610    2468    2039    1827    1541    1484    1188    1257    1112    1082
    1037    1084    1060    1039    1035    1076    1012    1060    1005     964
    1058     993     998     993    1012     973    1043     957     957    1038
    1068    1035     943     982     964    1046    1025    1043    1073    1124
    1069    1204    1183    1229    1179    1239    1359    1406    1355    1552
    1603    1763    1568    1683    1794    1843    1644    1715    1667    1712
    1521    1522    1505    1445    1308    1384    1253    1287    1159    1134
    1125    1149    1073    1039    1067    1109    1060    1102    1073    1079
    1050    1020    1107    1114    1007    1109    1117     997    1091    1129
    1081    1186    1114    1088    1061    1144    1039    1105    1095    1133
    1039    1134    1177    1137    1073    1105    1086    1101    1066    1087
    1079    1125    1026    1162    1073    1096    1027    1023    1113    1077
     976    1056    1073    1144    1057    1088    1123    1123    1046    1063
    1025    1102    1096    1202    1122    1218    1128    1101    1160    1198
    1149    1229    1262    1238    1247    1309    1328    1399    1371    1584
    1438    1564    1423    1479    1522    1530    1429    1444    1406    1405
    1270    1340    1228    1171    1188    1088    1113    1137    1068    1080
    1069    1083    1002     979     962    1031     990     961     996     973
     959     970    1056    1002     964     997     929     992     928     952
    1013    1076     981    1016    1016    1058    1093    1192    1202    1294
    1333    1436    1548    1660    1734    1856    2098    2061    2011    2202
    2388    2404    2289    2416    2341    2205    2183    2148    2050    2042
    1848    1753    1576    1583    1395    1347    1287    1260    1170    1181
    1052    1096    1069    1058     941    1054     998     987    1014     979
     963    1018     997    1015     997     998     957     981     936     968
     980    1035     993     982     933     984     925     925     978     940
     864     940     887     962     954     935     901     935     867     967
     895     941     912     832     942     933     874     933     912     957
     904     946     931     897     886     889     957     909     893     956
     886     913     941     979     917    1004     990    1032    1030    1043
    1019     985    1043    1041    1011    1014    1065    1084    1067    1018
    1086    1096     979    1071    1016    1042     977     961     968     929
     879     950     885     910     885     943     910     922     848     889
     936     922     893     861     891     938     852     931     843     893
     856     871     899     857     848     920     873     912     898     875
     954     875     894     909     874     897     866     857     872     963
     875     875     961     928     889     822     894     965     859     867
     843     907     831     886     989     945     803     882     877     928
     866     865     845     913     874     895     917     912     856     990
     882     944     936     959     963    1022     883     920     966     991
     905     948     925    1021    1001     944     968     968     923     998
     932     935     918     867     954     953     900     909     884     927
     842     943     895     973     862     935     904     896     825     941
     857     910     813     938     905     954     837     964     852     908
     819     885     953     954     859     829     873     870     893     919
     883     897     874     936     832     862     872     885     861     853
     893     909     922     899     851     918     888     921     870     943
     953     928     870     961     888     899     901     886     920     855
     857     911     895     896     807     849     898     901     922     929
     901     877     815     851     938     945     879     879     877     930
     819     928     855     885     819     883     863     868     832     862
     893     896     859     882     868     929     896     986     922     962
     944    1059    1072    1260    1155    1247    1291    1431    1408    1592
    1625    1740    1887    1918    2009    2047    2014    2148    2179    2162
    2086    2189    2041    2072    1985    1970    1855    1864    1639    1772
    1578    1472    1315    1336    1292    1194    1107    1114    1030    1007
     989     907     828     855     828     811     859     851     766     804
     816     792     802     819     837     786     757     833     774     888
     777     820     814     840     816     862     799     800     805     819
     793     876     724     742     802     885     791     780     832     821
     803     828     773     823     753     792     810     802     769     827
     848     811     764     796     825     859     787     797     817     764
     750     810     794     752     782     774     750     794     703     843
     820     805     728     752     727     817     757     799     746     773
     702     743     754     736     731     768     764     819     732     769
     796     830     764     726     747     796     742     768     779     774
     779     807     810     806     774     882     855     848     814     877
     942     985     922    1047    1036    1033    1020    1093    1080    1101
    1107    1046    1068    1132    1038    1043    1103    1056    1036    1070
    1030    1033     948     957     905     944     882     823     912     873
     830     814     797     768     742     811     746     768     709     723
     748     719     715     680     728     769     695     718     770     720
     661     713     752     715     749     688     760     735     678     656
     720     704     736     698     712     728     648     682     659     659
     628     730     674     690     651     708     735     752     729     650
     766     717     727     720     714     724     643     740     735     735
     657     736     675     732     742     720     760     705     639     700
     743     671     720     732     703     689     632     673     661     689
     693     720     662     674     633     677     647     659     658     638
     620     651     622     664     650     625     616     673     693     637
     663     630     668     681     621     666     635     634     599     640
     661     637     662     645     641     712     663     668     693     627
     661     635     657     674     629     651     636     683     601     654
     671     671     646     678     647     713     654     649     640     650
     683     643     643     647     660     640     683     681     600     704
     649     637     607     603     647     629     623     615     623     693
     622     620     599     647     582     625     638     641     609     640
     616     614     587     577     641     652     560     570     645     647
     546     596     635     652     573     531     658     611     566     612
     593     613     544     573     559     647     602     643     626     590
     589     606     584     578     555     660     563     573     532     627
     625     592     590     534     605     600     564     578     568     616
     544     598     600     654     604     591     612     576     582     579
     598     576     593     601     605     595     554     578     595     595
     549     622     568     613     507     622     593     581     536     566
     615     587     566     592     530     572     541     607     553     565
     561     555     552     580     542     587     531     561     564     595
     552     561     542     543     583     581     554     526     556     559
     531     498     552     573     508     512     556     547     546     514
     553     561     527     495     583     578     563     583     535     573
     487     530     572     538     530     547     600     531     563     511
     513     581     502     579     564     569     548     556     541     582
     563     509     524     586     531     563     557     580     503     550
     543     524     522     514     535     542     526     500     511     555
     538     569     536     541     500     553     547     557     531     538
     512     531     539     519     504     529     512     485     532     520
     502     530     578     569     521     524     479     476     492     486
     573     556     520     521     497     533     505     535     534     580
     507     515     592     549     536     522     529     548     509     519
     533     554     542     513     572     556     486     509     572     530
     535     505     534     556     531     569     527     547     510     565
     575     553     561     536     549     535     565     545     549     489
     544     529     556     534     502     545     553     533     546     538
     548     558     518     544     579     579     559     548     590     559
     556     514     613     573     544     553     530     595     541     598
     580     620     552     555     546     626     568     616     616     604
     592     567     573     617     515     614     545     592     575     616
     615     622     629     628     668     670     623     638     652     692
     701     641     637     718     635     677     669     659     681     709
     727     785     698     678     731     731     729     706     755     748
     783     730     821     883     803     864     928     973     819     912
     900     910     923    1001    1007    1025    1003    1072    1065    1136
    1127    1213    1291    1293    1309    1307    1394    1395    1399    1536
    1587    1672    1634    1707    1802    1898    1943    1901    2080    2146
    2088    2116    2385    2383    2406    2384    2622    2677    2552    2613
    2762    2826    2784    2956    3111    3097    2989    3069    3148    3183
    3092    3141    3330    3350    3160    3245    3300    3349    3206    3225
    3628    3410    3139    3282    3256    3338    3086    3147    3132    3150
    2901    2943    2977    2881    2826    2881    2697    2685    2549    2475
    2398    2355    2237    2236    2169    2149    1981    1953    1886    1867
    1684    1671    1768    1700    1531    1438    1447    1421    1232    1242
    1231    1211    1141    1109    1083    1059     951    1013     878     952
     876     876     880     916     803     840     839     855     861     845
     840     970     849     911    1030     979     989     990    1167    1123
    1180    1266    1288    1372    1387    1424    1541    1581    1643    1776
    1764    1817    1743    1879    1899    1905    1828    1918    1952    1900
    1845    1845    1819    1770    1668    1569    1693    1548    1432    1387
    1254    1331    1139    1120    1067    1026     886     901     834     805
     746     716     634     628     567     620     552     548     461     514
     523     489     443     533     493     491     422  248985
