$Informacoes da Fluorescencia de Raios-X:
"Sample    : ACC-442-MS",                                                                 
"Operator  : thiago",                                                                     
"Comment  : ",                                                                            
"Group     : thiago_acra2010ma",                                                          
"Date       : 2010-05-31 05:25:21",                                                       
"",                                                                                       
"Mesurement Condition",                                                                   
"------------------------------------------------------------------------------------",   
"Instrument : 700HS2   Atmosphere : Vac.   Collimator : 10(mm)   Spin : No",              
"------------------------------------------------------------------------------------",   
"Analyte               TG kV   uA      FI Acq.(keV)  Anal.(keV)  Time(sec)     DT(%)",    
"------------------------------------------------------------------------------------",   
"Na                    Rh 50 1000-Auto Al  0 - 20    0.8 - 1.2   Live -  960   14",       
"Channel_info_start",                                                                     
"Channel : Na",                                                                           
"Points : 2048
"Range : 0.000000 - 20.480000",                                                           
"Step : 0.010000",                                                                        
"Channel_info_end",                                                                       
$DATA:
       0    2047
       0       0       0       0       0       0       0       0       0    2048
       0       0       0       0       0       0       0       0       0       0
       0       0       0       0       0       0       0       0       0       0
       0       0       0       0       0       0       0       1       0       4
      78     188     148     169     173     199     171     172     170     166
     167     177     159     167     169     195     157     180     172     200
     199     237     220     305     245     277     255     256     237     295
     294     300     262     288     273     288     243     299     278     300
     268     308     251     224     226     233     207     205     216     245
     225     210     233     313     291     313     344     361     340     346
     316     331     291     261     256     267     260     271     258     280
     289     309     314     345     377     393     307     315     309     304
     255     264     196     194     213     212     194     219     225     260
     256     253     245     293     304     320     278     317     279     301
     287     268     267     236     230     274     240     243     301     356
     461     602     688     945    1041    1188    1264    1442    1540    1632
    1539    1426    1395    1353    1118    1101     900     843     685     670
     608     624     644     905    1099    1619    2083    2812    3548    4640
    4978    6215    6591    7278    6837    7447    6315    6358    5276    4641
    3744    3137    2227    1807    1384    1096     769     710     656     618
     544     631     577     643     653     732     742     820     777     879
     852     891     808     767     766     709     670     672     565     549
     465     427     435     469     464     551     543     621     635     786
     965    1303    1559    2099    2529    3306    3594    4423    4728    5336
    5302    5586    5514    5339    4603    4387    3678    3268    2505    2204
    1695    1436    1123    1033     958     919     875     984     993    1218
    1384    1719    2220    2895    3679    5121    5788    7330    8199    9783
   10283   11430   11085   11689   10569   10464    8965    8329    6744    5847
    4328    3638    2587    2144    1584    1423    1295    1242    1239    1395
    1286    1406    1340    1369    1332    1194    1026     949     872     773
     634     561     509     452     374     345     339     354     312     405
     324     339     354     332     343     352     325     380     343     404
     366     396     427     504     495     644     743     998    1198    1802
    2140    3227    3903    5616    6915    8819    9924   12361   13299   15303
   15270   16162   16009   16421   14505   14331   11927   10664    8508    7336
    5727    4346    3095    2448    1708    1370    1036     971     885     980
    1108    1307    1543    1857    2205    2849    3325    4443    5163    6639
    7844   10163   11340   13715   15668   18004   18644   21042   20968   22310
   20746   20960   18981   17805   14751   13389   10995    9041    7015    5367
    3928    2929    1974    1531    1070     836     640     641     703     706
     782    1017    1050    1381    1569    1804    2013    2297    2468    2746
    2681    2939    2673    2836    2570    2464    2190    2029    1726    1378
    1192    1047     829     702     548     449     424     424     318     391
     322     316     311     333     322     320     305     325     312     299
     306     358     304     379     373     422     445     514     598     779
     917    1178    1249    1676    1921    2162    2306    2660    2851    3057
    2923    3146    3007    3045    2648    2612    2305    2173    1783    1642
    1397    1265    1032     935     807     739     704     656     583     563
     529     544     506     518     506     568     498     582     537     563
     646     632     644     709     676     752     720     826     814     884
     921     897     883     984     894     959     846     789     753     783
     751     721     665     696     648     599     533     546     520     572
     506     570     492     530     477     532     511     565     508     608
     561     578     539     597     650     618     526     629     599     631
     674     667     681     735     677     714     765     796     796     823
     853     820     748     852     757     856     756     801     747     764
     763     759     737     720     711     698     755     713     725     706
     681     719     701     728     740     729     702     749     792     766
     739     781     842     816     832     801     896     971     966     996
    1051    1222    1207    1327    1347    1474    1451    1626    1570    1606
    1602    1662    1461    1499    1412    1414    1320    1304    1187    1144
    1195    1164     996    1090    1042     992     967    1028    1050    1062
     924    1058    1073    1126    1057    1119    1159    1284    1334    1605
    1800    2253    2634    3356    4220    5653    6829    8925   11264   14052
   16211   19858   23523   27797   29786   33914   36743   39798   39549   44567
   41346   42319   38079   37863   34285   32503   27638   25053   20950   18164
   14356   12247    9672    7800    5853    4933    3677    3072    2293    2015
    1638    1543    1346    1308    1248    1209    1144    1201    1151    1231
    1113    1250    1138    1225    1154    1213    1170    1201    1214    1238
    1209    1266    1221    1277    1352    1477    1409    1544    1619    1837
    1805    2138    2338    2701    2818    3278    3658    4164    4453    5002
    5332    5667    5778    6216    6365    6645    6150    6084    5941    5671
    5245    4961    4480    4125    3607    3285    2911    2623    2249    2140
    1827    1677    1495    1392    1363    1416    1257    1228    1194    1197
    1137    1181    1162    1149    1255    1189    1236    1229    1183    1178
    1204    1210    1197    1289    1217    1263    1182    1224    1186    1260
    1177    1336    1126    1241    1164    1246    1225    1229    1175    1222
    1154    1190    1094    1175    1143    1172    1211    1105    1269    1203
    1150    1210    1155    1283    1139    1235    1148    1297    1190    1275
    1154    1318    1233    1356    1277    1315    1287    1368    1400    1510
    1473    1665    1737    1796    1868    2060    2090    2227    2304    2504
    2599    2676    2562    2750    2627    2709    2518    2512    2412    2396
    2213    2132    1925    1932    1715    1678    1569    1452    1301    1372
    1239    1230    1101    1209    1185    1159    1082    1177    1129    1075
    1049    1132    1097    1177    1095    1129    1133    1135    1091    1101
    1139    1148    1121    1118    1225    1236    1367    1503    1393    1629
    1643    1902    1949    2210    2222    2444    2508    2736    2796    2967
    2987    3169    3124    3266    3317    3221    2923    2930    2692    2698
    2454    2373    2113    2093    1727    1701    1671    1581    1440    1418
    1336    1294    1196    1343    1268    1250    1239    1252    1300    1207
    1207    1237    1289    1220    1152    1149    1148    1212    1076    1105
    1125    1102    1107    1089    1039    1022    1053    1025     996    1067
     936    1076    1002    1069    1015    1056    1060    1057    1066    1050
    1056    1020    1018    1059    1062    1014    1055    1041     992    1067
    1065    1012     996    1027     993    1037    1043    1031    1011    1045
    1006    1129    1047    1110    1115    1154    1105    1170    1186    1247
    1192    1189    1271    1330    1241    1290    1320    1309    1286    1278
    1306    1225    1170    1182    1162    1185    1109    1146    1091    1089
    1028    1102    1017    1022     946    1050     948    1013     986     966
     914     974    1010     987     962     997     996     957     924    1050
     960     968    1004    1001     990    1012    1001    1006     902     963
    1041     988     953    1011     945    1028     951     991     980    1034
     976     984     979    1054     927     971    1051     993     985    1004
     944    1027    1017     953    1001     953     939     963     963    1038
     948     997     965    1000     971    1105    1025    1053    1010    1080
    1071    1123    1070    1131    1085    1205    1136    1209    1185    1202
    1133    1223    1151    1209    1168    1251    1183    1242    1131    1236
    1148    1178    1086    1158    1052    1068    1019    1147    1030    1088
     992    1051    1027    1017     957    1013     981    1014     979    1036
    1007     994    1014    1040    1045    1013     978    1007     990     981
     922    1037    1013    1050     854     984     960    1016     957     976
     998     911     998    1000     951    1043     948    1014     945    1058
     977     957     991     999     968     939    1046    1030     949    1033
    1003    1019     920    1020     990    1128     939    1023     980     991
    1004    1013     951    1013    1020    1057     940    1007     943     992
     978    1017     930     960     977     925     977     885     962    1016
     936     981     989     990     920     972     956     928     899     963
     936    1002     931     957     948     990     901    1018     981     944
    1034    1053    1088    1031    1015    1150    1013    1155    1182    1148
    1217    1204    1308    1405    1302    1384    1331    1439    1366    1385
    1437    1334    1440    1383    1273    1317    1330    1247    1196    1246
    1167    1161    1090    1142    1084    1093    1029     989     986     986
     906     956     897     846     976     887     957     921     943     886
     886     912     870     930     897     928     855     952     899     941
     864     906     827     900     857     918     877     941     858     922
     887     925     936     847     977     950     885     883     968    1022
     915     945     959     984     946     951     946     978     921    1017
    1012    1026     919    1047    1017    1032     972     919     979     976
     902     920     909     954     858     945     931     907     882     883
     907     853     832     853     866     918     854     899     840     902
     816     820     877     898     893     838     826     909     870     839
     781     878     804     842     836     868     821     871     887     844
     803     864     886     857     855     801     897     949     869     930
     951     941     895     941     886     946     915     975     973     975
     907     930     948    1011     939     986     927     940     921     953
     962     926     855     888     878     935     843     843     825     867
     873     798     819     864     821     835     812     885     781     801
     794     910     767     853     796     809     766     791     767     815
     769     808     826     764     750     781     822     830     748     777
     794     789     777     835     818     789     817     775     774     773
     736     796     843     878     816     812     815     803     846     836
     827     840     818     815     892     833     857     871     940     909
     823     905     878     930     913     882     881     868     827     867
     867     859     849     906     885     864     769     852     847     839
     808     761     741     774     753     706     773     770     747     733
     773     789     767     757     723     779     749     754     703     772
     701     737     690     723     720     747     732     761     673     744
     672     785     694     719     699     763     719     707     773     740
     687     693     756     760     743     749     693     723     700     687
     785     761     712     708     713     751     698     719     703     714
     755     717     690     775     686     709     769     744     672     733
     737     736     713     683     737     716     707     751     722     695
     670     722     779     759     675     709     736     707     674     700
     673     703     645     657     684     667     686     678     733     704
     611     716     686     678     668     649     763     754     660     684
     656     649     677     691     669     711     643     664     722     676
     667     713     646     708     651     763     694     741     690     733
     761     726     724     777     757     755     757     738     756     787
     739     778     716     808     738     759     789     740     779     749
     794     765     711     820     760     779     694     730     696     732
     682     670     688     644     677     668     664     656     625     663
     667     638     672     607     591     653     635     667     622     617
     609     660     625     629     601     658     599     651     572     643
     659     617     623     658     638     683     587     636     632     649
     594     662     680     659     605     647     627     657     633     602
     643     642     608     628     627     653     632     608     636     676
     614     696     602     654     636     584     602     645     611     653
     605     624     615     623     650     654     621     616     598     655
     611     604     661     604     620     588     625     628     550     681
     614     637     576     625     602     596     641     590     594     616
     589     617     614     635     567     604     638     584     556     614
     609     621     634     585     659     594     561     648     609     572
     623     657     603     616     614     608     580     596     595     627
     628     598     596     567     622     630     564     642     595     610
     609     598     621     660     605     658     640     658     563     606
     659     619     617     620     674     654     564     629     608     655
     645     582     634     642     596     628     654     622     629     653
     656     638     631     662     631     599     580     655     650     678
     636     654     653     615     618     650     655     665     624     611
     628     650     584     657     618     640     625     656     667     648
     579     647     710     724     627     681     658     686     628     680
     638     645     650     672     691     690     630     642     683     722
     623     663     717     711     668     693     715     723     725     711
     728     711     713     709     699     738     714     707     712     756
     698     761     803     769     782     805     756     809     757     787
     838     816     872     871     864     849     849     882     913     986
     836     973     964     928     915     944    1042    1051     937    1038
    1043    1130    1076    1151    1181    1203    1176    1247    1291    1314
    1243    1312    1490    1490    1518    1596    1645    1661    1701    1792
    1890    1930    1927    1963    2141    2239    2152    2226    2435    2391
    2277    2492    2663    2693    2747    2806    3090    3067    3032    3089
    3269    3283    3282    3428    3404    3577    3597    3568    3608    3747
    3714    3653    3958    3977    3808    3793    4021    3929    3816    3668
    4177    3910    3817    3945    3705    3873    3600    3692    3619    3672
    3405    3513    3439    3498    3087    3287    3044    3166    2835    2889
    2834    2856    2663    2592    2451    2435    2241    2295    2282    2271
    2079    2006    2060    1946    1821    1729    1631    1683    1559    1519
    1461    1401    1348    1237    1236    1269    1146    1067    1142    1007
     999    1044     993    1001     990    1003     957     990     964     981
    1020    1045    1025     967    1079    1083    1083    1201    1204    1290
    1290    1336    1567    1560    1484    1596    1606    1791    1750    1923
    1911    2058    1954    2058    2067    2069    2065    2079    2091    2044
    2087    1880    2032    1908    1811    1771    1808    1709    1655    1554
    1429    1471    1332    1262    1284    1218     976    1024     930     874
     881     788     774     700     701     654     658     598     638     519
     588     555     545     525     551     569     533  289965
