$Informacoes da Fluorescencia de Raios-X:
"Sample    : ACC-453-MS",                                                                 
"Operator  : thiago",                                                                     
"Comment  : ",                                                                            
"Group     : thiago_acra2010ma",                                                          
"Date       : 2010-05-31 10:17:30",                                                       
"",                                                                                       
"Mesurement Condition",                                                                   
"------------------------------------------------------------------------------------",   
"Instrument : 700HS2   Atmosphere : Vac.   Collimator : 10(mm)   Spin : No",              
"------------------------------------------------------------------------------------",   
"Analyte               TG kV   uA      FI Acq.(keV)  Anal.(keV)  Time(sec)     DT(%)",    
"------------------------------------------------------------------------------------",   
"Na                    Rh 50 1000-Auto Al  0 - 20    0.8 - 1.2   Live -  959   14",       
"Channel_info_start",                                                                     
"Channel : Na",                                                                           
"Points : 2048
"Range : 0.000000 - 20.480000",                                                           
"Step : 0.010000",                                                                        
"Channel_info_end",                                                                       
$DATA:
       0    2047
       0       0       0       0       0       0       0       0       0    2048
       0       0       0       0       0       0       0       0       0       0
       0       0       0       0       0       0       0       0       0       0
       0       0       0       0       0       0       0       2       3       5
      75     202     212     215     178     201     218     221     194     211
     215     224     218     233     239     211     228     223     216     220
     254     250     287     287     269     287     307     329     282     329
     334     331     310     362     322     383     361     363     403     379
     353     324     285     284     241     214     237     248     207     216
     171     202     224     221     214     195     215     226     190     195
     210     243     216     238     221     228     207     239     226     204
     236     262     255     284     259     287     267     227     229     249
     225     234     221     207     193     208     196     219     196     234
     237     238     236     243     242     242     241     243     229     253
     262     259     224     211     187     197     202     247     231     246
     278     320     324     392     367     476     475     539     574     590
     537     591     563     548     481     485     517     445     392     403
     379     410     351     399     413     495     562     711     862    1019
    1151    1368    1447    1650    1468    1536    1430    1426    1147    1098
     884     812     598     548     416     382     349     355     349     321
     319     359     337     360     351     405     439     430     390     439
     420     455     449     432     410     413     385     416     369     389
     345     360     322     360     358     386     435     441     507     628
     843    1068    1310    1864    2277    2828    3288    3841    4103    4719
    4741    4963    4829    4697    4166    3786    3311    2791    2197    1812
    1323    1153     891     773     641     585     591     526     501     506
     549     521     539     561     563     758     732     856     913    1053
    1078    1242    1174    1258    1220    1162     909     972     833     703
     609     568     421     418     363     375     363     368     361     391
     351     414     366     385     407     378     344     354     391     341
     334     343     304     306     281     285     303     281     293     276
     266     268     296     302     275     318     290     317     256     321
     306     306     340     377     381     445     553     718     879    1319
    1637    2330    2970    4024    4932    6373    7324    8855    9882   11055
   10999   12129   11216   11817   10705   10579    8447    7859    6127    5187
    3936    3100    2295    1707    1313     982     704     654     628     638
     715     847     986    1210    1235    1503    1691    2049    2128    2574
    2776    3257    3242    3801    4113    4343    4442    5016    4718    4959
    4541    4599    4028    3938    3287    2920    2474    2020    1534    1260
     972     830     616     511     448     431     366     413     338     438
     404     459     501     565     609     675     702     709     785     839
     836     892     771     863     814     785     660     663     582     568
     497     539     439     459     425     455     402     451     393     433
     409     441     409     415     422     393     429     443     414     422
     411     461     425     424     429     442     434     518     515     522
     568     661     640     716     778     801     791     969     953     973
     980    1047    1054     978     918     956     848     921     792     737
     717     707     659     667     572     646     653     634     653     679
     615     631     627     652     575     623     665     647     678     681
     712     694     693     710     753     746     671     731     732     782
     741     728     756     820     717     769     812     806     759     702
     723     728     697     763     670     703     676     712     694     748
     681     809     730     713     727     779     751     811     748     791
     689     720     779     800     792     782     759     861     826     829
     863     816     839     874     927     910     888     871     885    1006
    1032     991     949    1076     947    1032     944    1011     980    1016
     981    1051     982    1038     962    1044    1054    1063     997    1065
    1017    1005     974    1086    1064    1025     979    1126    1045    1109
    1096    1090    1066    1211    1099    1211    1189    1246    1143    1248
    1305    1263    1269    1363    1324    1408    1382    1426    1433    1537
    1431    1554    1398    1520    1420    1487    1307    1464    1339    1405
    1395    1352    1303    1415    1347    1329    1312    1324    1379    1340
    1315    1408    1309    1392    1389    1450    1501    1553    1453    1504
    1582    1776    1785    2009    2189    2594    2664    3160    3759    4294
    4847    5693    6298    7091    7694    8522    9005    9904    9960   10977
    9877   10333    9519    9379    8653    8126    7237    6818    5858    5319
    4333    4026    3413    3156    2635    2586    2278    2155    1930    1932
    1769    1839    1714    1720    1707    1793    1653    1812    1688    1833
    1715    1746    1768    1782    1715    1763    1774    1856    1734    1857
    1810    1873    1787    1831    1831    1845    1840    1920    1904    2050
    1973    2053    2010    2087    2188    2314    2294    2513    2464    2625
    2780    2875    2695    2876    2869    3002    2865    3016    2802    2867
    2720    2747    2637    2560    2316    2365    2221    2168    1938    2237
    1978    2076    1902    1939    1947    1897    1894    1966    1843    2010
    1838    1987    1905    2016    1852    1903    1928    2008    1943    1878
    1880    1975    1864    1971    2012    1952    1806    1970    1950    1987
    1878    2001    1854    1904    1876    1901    1916    1894    1808    1896
    1846    1923    1790    1878    1896    1998    1814    1934    1944    1876
    1816    1972    1976    1951    1842    1919    1924    1950    1932    1966
    1919    1976    1984    2154    1877    2041    1964    2017    2076    2123
    2106    2217    2202    2372    2310    2419    2390    2515    2495    2679
    2627    2764    2758    2862    2835    2774    2590    2653    2561    2614
    2352    2379    2253    2231    2068    2174    1973    1924    1810    1832
    1792    1867    1780    1794    1665    1819    1681    1718    1748    1754
    1700    1730    1749    1737    1615    1770    1724    1734    1672    1826
    1631    1712    1714    1814    1778    1757    1691    1822    1714    1931
    1953    1969    2147    2113    2159    2293    2364    2473    2513    2587
    2611    2704    2672    2680    2662    2674    2575    2556    2350    2369
    2218    2325    2177    2114    1969    1941    1922    1885    1706    1840
    1799    1765    1656    1812    1702    1761    1608    1810    1803    1802
    1661    1738    1710    1660    1662    1728    1701    1690    1560    1600
    1662    1765    1588    1681    1550    1609    1582    1673    1547    1673
    1512    1618    1593    1745    1576    1619    1612    1605    1535    1621
    1577    1653    1549    1560    1642    1595    1493    1616    1589    1630
    1563    1639    1584    1542    1517    1604    1523    1636    1535    1548
    1705    1608    1621    1632    1602    1742    1531    1679    1589    1678
    1588    1602    1721    1745    1648    1710    1720    1633    1659    1633
    1750    1705    1623    1708    1636    1652    1554    1645    1642    1609
    1566    1606    1523    1552    1528    1629    1504    1515    1534    1603
    1565    1591    1467    1462    1507    1610    1430    1521    1581    1514
    1539    1469    1556    1581    1534    1545    1532    1490    1508    1600
    1533    1579    1472    1517    1529    1476    1453    1537    1476    1513
    1441    1610    1501    1495    1498    1495    1576    1564    1500    1548
    1581    1497    1462    1610    1528    1598    1480    1588    1524    1583
    1537    1607    1537    1592    1501    1580    1505    1590    1602    1674
    1534    1649    1611    1670    1545    1740    1755    1745    1727    1813
    1653    1762    1780    1754    1708    1802    1792    1758    1620    1727
    1792    1710    1642    1675    1705    1702    1602    1677    1615    1680
    1526    1648    1562    1631    1435    1622    1579    1624    1580    1561
    1622    1640    1482    1614    1496    1583    1578    1645    1562    1647
    1539    1567    1511    1653    1588    1564    1604    1569    1451    1561
    1607    1511    1505    1620    1642    1625    1581    1623    1537    1582
    1536    1594    1651    1619    1509    1625    1575    1565    1500    1651
    1646    1589    1590    1592    1560    1569    1509    1608    1559    1619
    1512    1509    1547    1624    1543    1617    1570    1665    1550    1524
    1480    1583    1413    1584    1514    1656    1501    1517    1612    1574
    1447    1703    1512    1581    1489    1578    1520    1495    1536    1413
    1447    1524    1623    1591    1477    1564    1459    1570    1511    1579
    1475    1536    1658    1649    1604    1624    1730    1738    1635    1754
    1733    1810    1838    1863    1882    1962    1862    1983    1915    2024
    1914    2021    1867    1932    1906    1880    1895    1798    1614    1777
    1718    1728    1660    1639    1609    1536    1570    1489    1535    1608
    1485    1493    1440    1508    1417    1489    1462    1441    1370    1439
    1417    1507    1371    1449    1459    1408    1359    1419    1347    1486
    1367    1391    1409    1439    1420    1385    1437    1463    1382    1379
    1458    1451    1375    1438    1385    1399    1448    1435    1496    1464
    1411    1479    1524    1526    1430    1569    1416    1536    1400    1464
    1473    1551    1457    1515    1494    1537    1514    1560    1452    1440
    1399    1447    1426    1451    1350    1378    1354    1441    1343    1385
    1398    1431    1267    1464    1303    1382    1293    1383    1363    1345
    1328    1368    1326    1453    1336    1416    1289    1435    1352    1401
    1310    1413    1272    1401    1387    1391    1314    1307    1305    1437
    1295    1396    1392    1338    1324    1280    1391    1419    1274    1413
    1343    1454    1447    1411    1391    1484    1318    1447    1370    1408
    1342    1417    1451    1459    1448    1466    1442    1495    1386    1430
    1420    1456    1383    1478    1411    1415    1296    1322    1377    1421
    1235    1326    1303    1293    1301    1307    1290    1352    1177    1346
    1211    1369    1247    1249    1346    1340    1227    1247    1276    1253
    1156    1244    1288    1265    1260    1260    1323    1280    1229    1251
    1299    1355    1255    1272    1251    1291    1183    1279    1293    1350
    1221    1380    1198    1260    1154    1299    1252    1312    1260    1206
    1346    1286    1192    1277    1207    1285    1226    1267    1310    1287
    1203    1268    1239    1305    1237    1221    1243    1339    1204    1261
    1266    1237    1240    1254    1165    1223    1155    1274    1161    1271
    1151    1227    1251    1249    1145    1251    1205    1217    1176    1172
    1220    1251    1141    1244    1240    1286    1209    1213    1214    1137
    1198    1217    1159    1183    1185    1175    1235    1237    1106    1206
    1164    1232    1176    1109    1240    1190    1197    1240    1171    1173
    1119    1146    1262    1200    1191    1210    1144    1181    1099    1122
    1147    1238    1149    1185    1159    1165    1123    1171    1192    1201
    1189    1158    1107    1156    1084    1154    1198    1172    1106    1129
    1191    1135    1077    1039    1143    1150    1088    1108    1101    1118
    1082    1068    1171    1099    1037    1116    1126    1146    1091    1080
    1106    1115    1075    1016    1093    1070    1114    1042    1068    1142
    1002    1050    1142    1063    1109    1088    1101    1042    1025    1095
    1071    1149    1012    1030    1034    1163    1029    1075    1086    1095
    1035    1116    1077    1045    1082    1017    1050    1129    1045    1024
    1114    1064    1077    1077    1132    1130    1045    1098    1076    1086
    1025    1058    1039    1034    1066    1107    1017    1161    1086    1052
    1074    1068    1053    1061    1050    1029    1073     997    1100    1032
     983    1025    1043    1030    1010     996    1008    1035     988    1040
    1112    1089     993    1034    1050    1020    1000    1061    1034    1034
     993    1009    1064    1063     973    1040    1024    1030     941    1084
    1060    1089     963    1044    1017    1002     975    1010    1037    1031
    1028    1036    1051    1044     987     977    1039     993     976    1002
    1040    1067    1026    1014     955    1012     976    1040     987    1022
     989    1015     978    1009     958     962    1035     992    1017     914
     978    1033     984    1080    1009    1018     927     983     968    1004
     941    1000    1007    1007     923     939    1000     959     966    1008
     993     992     997     963     987     991     925    1019     986     988
     979    1014    1021     990     967     966    1003    1020     922    1009
     997    1000     947     998     962     964     960    1021     967    1015
     995    1038     984    1080     950     992     927    1026     933     975
     989    1031     933     991     992     965     986     978    1126     970
     978     987     961    1001    1022     987     981     976     969    1021
    1016    1007     984    1029    1004    1062     939    1026     948    1061
     990     948    1010    1043     980    1012    1010     994     964     979
    1004    1001    1046    1012    1034    1002     968    1039    1066    1029
     983    1045    1030    1018     959    1079    1056    1067    1009    1028
    1056     988     997    1020    1071    1087    1037    1007    1045    1077
     998    1007    1199    1039    1051    1064    1035    1064    1011     984
    1100    1108    1056    1035    1059    1058    1080    1116    1075    1130
    1067    1123    1147    1163    1099    1105    1135    1173    1203    1118
    1170    1127    1123    1178    1151    1214    1249    1151    1184    1220
    1212    1282    1191    1335    1215    1341    1329    1271    1366    1370
    1300    1387    1218    1408    1372    1437    1359    1386    1467    1539
    1412    1560    1526    1664    1642    1581    1649    1746    1658    1710
    1615    1814    1721    1910    1939    1945    2042    2080    2100    2278
    2189    2272    2434    2514    2468    2636    2768    2893    2746    2846
    3098    3130    3205    3323    3526    3599    3647    3670    4113    4200
    4051    4229    4488    4681    4541    4760    5025    4997    4948    5136
    5350    5409    5422    5638    5821    6001    5780    5973    5950    6287
    6034    6145    6350    6445    6262    6228    6453    6524    6273    6222
    6899    6347    6194    6353    6261    6229    5931    5845    6066    5961
    5583    5679    5557    5558    5100    5317    5052    5135    4598    4819
    4532    4710    4189    4257    4149    3968    3787    3713    3685    3484
    3310    3231    3283    3133    2855    2860    2800    2620    2419    2380
    2385    2324    2071    2199    2039    2077    1951    1916    1860    1820
    1653    1745    1682    1622    1467    1584    1600    1529    1479    1584
    1596    1636    1522    1606    1778    1752    1774    1821    1892    2002
    2039    2179    2280    2307    2330    2401    2525    2593    2628    2848
    2976    2981    2947    3186    3217    3255    3079    3203    3366    3261
    3088    3182    3246    3100    2902    2826    3047    2797    2547    2680
    2552    2343    2173    2177    2062    1870    1769    1713    1638    1539
    1358    1319    1290    1219    1057    1087    1130    1029     965     935
     997     984     914     898    1015     881     950  474750
