$Informacoes da Fluorescencia de Raios-X:
"Sample    : ACC-491-MS",                                                                 
"Operator  : thiago",                                                                     
"Comment  : ",                                                                            
"Group     : thiago_acra2010ma",                                                          
"Date       : 2010-05-31 23:01:27",                                                       
"",                                                                                       
"Mesurement Condition",                                                                   
"------------------------------------------------------------------------------------",   
"Instrument : 700HS2   Atmosphere : Vac.   Collimator : 10(mm)   Spin : No",              
"------------------------------------------------------------------------------------",   
"Analyte               TG kV   uA      FI Acq.(keV)  Anal.(keV)  Time(sec)     DT(%)",    
"------------------------------------------------------------------------------------",   
"Na                    Rh 50 1000-Auto Al  0 - 20    0.8 - 1.2   Live -  959    9",       
"Channel_info_start",                                                                     
"Channel : Na",                                                                           
"Points : 2048
"Range : 0.000000 - 20.480000",                                                           
"Step : 0.010000",                                                                        
"Channel_info_end",                                                                       
$DATA:
       0    2047
       0       0       0       0       0       0       0       0       0    2048
       0       0       0       0       0       0       0       0       0       0
       0       0       0       0       0       0       0       0       0       0
       0       0       0       0       0       0       2       1       1       3
      58     123     117     151     100     109     132     126     135     120
     146     129     122     135     107     119     117     153     129     153
     148     149     171     192     155     180     201     211     183     211
     204     212     227     248     247     218     246     247     208     242
     244     241     229     198     170     157     161     158     172     181
     195     228     203     238     275     323     332     372     340     362
     337     311     298     286     209     240     225     222     250     257
     263     292     295     323     314     352     320     320     286     276
     243     232     172     193     179     162     137     177     151     179
     211     220     199     234     243     247     222     257     197     213
     209     199     181     194     166     164     157     186     189     237
     248     318     336     483     489     606     693     719     749     782
     785     773     696     690     587     554     452     423     350     380
     278     308     299     366     505     680     872    1200    1506    1971
    2256    2791    2819    3163    3042    3308    2949    2839    2359    2074
    1714    1430    1097     841     665     500     391     355     302     322
     280     296     303     317     275     298     302     333     327     336
     355     331     302     318     277     302     281     300     266     303
     288     307     288     339     314     333     406     413     450     525
     663     834    1046    1332    1633    2118    2317    2972    3120    3515
    3493    3683    3487    3498    3237    2973    2529    2165    1759    1569
    1146    1127     860     798     716     710     704     827     886    1127
    1262    1787    2246    3222    4063    5797    6565    8826    9647   11763
   12488   13954   13514   14684   13349   13039   11123   10145    8460    7022
    5255    4485    2992    2461    1845    1629    1415    1356    1384    1459
    1373    1510    1402    1472    1305    1337    1131    1082     906     758
     643     549     443     342     276     228     211     218     197     217
     188     173     168     220     190     202     204     199     199     238
     217     209     196     215     240     308     346     472     559     755
     982    1421    1786    2554    3190    4132    4571    5907    6306    7103
    7232    8033    7721    7775    7066    7114    5800    5173    4068    3598
    2780    2224    1500    1204     843     651     504     485     448     483
     443     588     680     851     994    1234    1393    1832    2018    2603
    3125    3843    4174    5295    5733    6456    6730    7912    7714    8355
    7792    7819    7233    6675    5697    5054    4067    3341    2629    1991
    1537    1175     847     635     505     387     295     323     314     351
     377     437     506     581     622     685     805     960    1020    1239
    1094    1175    1111    1160    1030    1023     921     811     735     591
     480     414     374     367     325     255     237     224     224     230
     242     203     228     220     222     224     217     225     220     217
     234     247     239     234     233     287     317     349     325     413
     473     576     648     775     862     984    1088    1238    1364    1416
    1357    1490    1351    1421    1268    1308    1127    1118     822     828
     746     681     514     555     475     445     413     429     395     406
     367     398     354     400     377     360     364     389     391     412
     421     409     397     454     419     512     526     546     541     577
     547     617     547     580     525     562     564     573     482     556
     475     488     423     492     435     415     398     388     379     382
     376     414     345     394     379     460     364     424     399     426
     413     471     399     446     384     410     405     439     465     464
     476     465     489     511     483     542     505     535     565     563
     565     584     538     576     547     578     516     576     536     562
     502     550     518     552     533     578     554     576     505     566
     524     539     504     584     580     592     526     577     547     550
     562     590     594     572     576     604     603     665     651     713
     637     750     742     832     796     908     845     940     998     989
     937     931     912     911     880     849     849     861     777     794
     819     768     748     765     702     784     743     824     750     727
     750     752     787     787     793     840     806     945     929     996
    1148    1350    1500    1922    2254    2966    3603    4667    5819    7384
    8427   10344   12256   14367   15478   17754   19222   20844   20719   23782
   21615   22695   20817   20507   18574   17927   14883   13912   11491   10044
    7955    6676    5442    4472    3592    2943    2156    1902    1533    1398
    1226    1121    1039    1009     968     920     857     862     930     926
     892     906     889     970     890     876     883     925     936     918
     924     950     967     978     969    1046    1048    1164    1196    1189
    1218    1394    1493    1651    1813    1868    2167    2458    2547    2931
    3033    3280    3331    3587    3742    3870    3571    3681    3439    3423
    3029    2986    2796    2479    2179    2055    1822    1654    1440    1444
    1228    1272    1098    1030     997    1015     893     958     966     923
     898     902     936     918     947     954     956    1025     924     964
     954     995     943     979     957    1040     995     930     941    1039
     925     987     936    1008     897     915     948    1003     852     921
     911     955     918     906     922    1013     915     939     974     971
     936     925     920     914     908     987     890     930     966     966
     902     981     923    1016     944    1005     967    1023     979    1043
    1060    1088    1133    1143    1126    1202    1202    1237    1230    1327
    1346    1366    1376    1414    1347    1352    1275    1366    1312    1288
    1179    1131    1197    1162    1078    1006     984    1010     878     941
     932     895     812     848     898     846     865     864     802     898
     797     825     877     898     769     834     908     884     838     838
     850     888     825     875     911     865     865     974     866     986
     962     991    1039    1108    1118    1210    1239    1282    1353    1312
    1451    1356    1402    1403    1458    1480    1386    1357    1322    1258
    1193    1159    1145    1139     997    1015     971     936     885     937
     866     899     862     868     859     939     778     833     877     864
     819     900     861     876     828     897     892     889     812     856
     790     804     802     793     836     805     811     799     786     779
     782     831     808     857     761     817     822     870     772     789
     802     783     743     808     780     777     766     777     858     810
     720     804     816     760     731     802     774     783     701     788
     777     841     761     809     797     792     790     785     837     852
     794     827     802     849     826     837     844     861     827     858
     817     837     764     829     828     831     733     825     786     804
     763     821     811     803     720     797     765     788     817     739
     737     747     741     763     847     739     748     763     734     720
     710     730     809     745     738     782     732     788     686     787
     763     740     747     745     789     789     761     759     729     774
     738     761     730     805     724     725     770     787     730     706
     701     775     738     762     706     816     743     738     777     821
     713     769     798     793     712     774     769     836     785     885
     810     806     757     838     792     821     802     830     806     861
     851     848     820     847     876     877     842     856     792     861
     860     844     794     883     766     789     812     798     797     803
     772     787     779     849     742     768     750     789     753     752
     762     752     751     755     772     817     757     798     755     785
     746     742     745     784     742     763     772     816     760     741
     793     800     789     845     751     810     747     783     779     782
     743     770     771     813     791     821     808     788     759     785
     763     748     779     809     773     793     758     780     700     775
     757     781     738     753     772     778     785     775     730     745
     762     778     716     765     757     760     752     704     741     754
     690     743     755     750     711     785     751     781     711     733
     709     750     769     757     799     775     704     757     729     746
     726     789     782     798     836     824     851     843     793     935
     804     925     891     995     951     966     963    1014    1038    1006
     948    1013     976     970    1006     936     979     910     893     943
     906     912     850     830     840     754     750     800     793     788
     731     724     679     730     699     728     728     734     694     719
     670     687     695     652     689     699     663     682     650     707
     693     711     654     714     649     713     748     684     686     652
     686     680     630     645     702     732     660     700     707     716
     652     685     708     718     712     723     700     722     686     778
     687     759     649     731     677     728     645     695     744     699
     703     663     738     742     629     696     645     668     652     660
     692     673     642     700     621     680     688     702     671     673
     641     636     657     633     637     663     629     673     663     668
     646     645     608     607     712     660     629     672     621     660
     646     724     655     648     603     669     695     632     643     663
     643     725     673     707     707     730     693     691     720     698
     690     738     681     748     643     713     679     741     673     690
     686     734     611     699     689     657     613     680     649     704
     633     686     608     631     630     623     577     679     614     651
     585     644     594     618     664     630     603     628     652     646
     597     609     600     673     550     635     627     655     586     607
     635     624     601     632     614     670     590     596     623     626
     591     607     584     609     610     653     649     667     645     672
     673     667     610     626     683     662     684     643     668     689
     643     646     663     655     674     662     675     611     647     705
     641     685     617     654     660     634     591     686     654     602
     598     595     628     637     582     554     644     595     558     583
     609     603     583     587     508     598     570     576     580     553
     591     565     609     615     571     567     572     575     582     590
     538     585     539     591     574     583     543     555     596     589
     521     538     617     559     542     580     532     578     521     572
     542     577     552     553     582     609     495     605     521     538
     563     541     597     585     580     581     570     568     519     546
     536     553     546     514     553     590     528     550     542     526
     543     500     528     564     509     537     535     550     510     564
     582     539     495     545     524     587     505     519     555     548
     544     515     504     525     484     477     549     516     503     538
     485     523     484     508     523     492     478     500     531     553
     488     524     557     559     517     506     514     576     516     553
     630     573     523     502     524     537     458     564     583     530
     528     583     546     563     563     606     547     574     585     606
     572     545     558     621     543     551     530     553     530     537
     487     492     525     538     517     550     539     492     486     531
     569     521     487     451     473     458     492     504     516     497
     484     508     460     504     499     544     477     556     482     518
     475     498     490     513     474     492     466     485     517     482
     487     472     517     477     514     475     492     461     463     457
     478     449     515     474     514     515     497     512     484     517
     443     502     453     470     486     487     503     477     484     505
     493     522     496     499     486     497     472     454     505     532
     506     484     475     497     427     459     455     507     458     490
     469     489     471     470     468     474     447     479     483     452
     452     485     497     455     439     469     492     507     420     455
     443     479     485     496     502     420     428     451     487     474
     473     438     507     473     480     438     401     437     446     480
     468     491     473     456     489     449     426     476     484     489
     456     487     468     471     429     488     488     496     434     479
     475     491     487     457     477     495     475     463     474     435
     447     454     478     489     473     483     508     460     436     500
     489     472     477     503     479     505     498     516     515     483
     486     492     488     461     460     508     471     495     508     484
     517     512     473     525     486     494     418     510     489     529
     485     432     543     510     485     505     526     495     507     512
     531     494     485     511     518     514     507     494     505     547
     484     508     508     492     497     488     561     544     537     543
     505     574     574     586     634     581     568     622     606     603
     571     600     586     584     622     594     606     606     587     634
     687     616     588     627     628     720     676     641     764     750
     689     712     759     741     738     730     852     786     792     788
     786     837     905     813     910     905     995     993     958    1000
    1045    1097    1083    1158    1137    1240    1278    1270    1322    1382
    1482    1486    1386    1575    1603    1677    1655    1680    1917    1962
    1847    2026    1965    2074    2060    2103    2328    2392    2331    2438
    2518    2614    2518    2591    2809    2776    2583    2770    2889    3001
    2845    2928    2990    3010    2969    2926    3027    3166    2865    3008
    3269    3079    2872    2990    2874    2914    2792    2924    2924    2815
    2737    2699    2822    2664    2516    2627    2592    2473    2289    2298
    2261    2253    2048    2043    2094    1919    1846    1791    1822    1759
    1577    1555    1600    1488    1401    1369    1323    1340    1173    1186
    1179    1117     964    1022     982     956     960     940     830     845
     821     840     798     774     772     770     806     768     800     784
     749     767     770     790     918     947     856     964     927    1009
    1059    1065    1182    1189    1155    1215    1366    1436    1377    1464
    1470    1524    1598    1622    1541    1681    1688    1719    1647    1619
    1514    1507    1572    1551    1384    1305    1400    1331    1233    1156
    1132    1044    1013     942     911     893     773     760     718     705
     617     564     578     557     488     491     519     491     464     476
     486     467     400     438     392     415     416  224956
