Acquisition date and time: 00-00-   0 (00:00:00)
Live Time:,        0
Real Time:,        0
 
Photopeaks:,    14
  12,      1.254,        844,        102,       2.55
  13,      1.487,       5030,        132,       3.10
  14,      1.740,      22223,        191,       3.06
  15,      2.013,        468,        128,       3.49
  16,      2.307,      21355,        269,       1.77
  17,      2.622,     288977,        738,      13.21
  19,      3.313,     306229,        639,      13.36
  20,      3.691,     162344,        437,       5.51
  22,      4.509,      12102,        234,       1.10
  23,      4.950,        423,        190,       1.38
  24,      5.412,       1832,        205,       1.51
  25,      5.895,       7083,        250,       2.32
  45,      2.696,        338,        290,      10.69
  56,      4.464,       1358,        270,       1.75
Incoherent scattering peaks:,     3
  16,      2.297,       4121,        372,       1.80
  17,      2.609,      19122,        766,      13.58
  19,      3.292,       4124,        470,      12.13
