Acquisition date and time: 00-00-   0 (00:00:00)
Live Time:,        0
Real Time:,        0
 
Photopeaks:,    14
  12,      1.254,       2295,        130,       3.51
  13,      1.487,       8158,        169,       4.89
  14,      1.740,      26087,        218,       1.97
  15,      2.013,       2147,        160,       2.38
  16,      2.307,      24103,        221,       5.12
  17,      2.622,     224370,        587,      19.73
  19,      3.313,     539305,        879,      27.01
  20,      3.691,     398480,        660,      10.64
  22,      4.509,      19230,        288,       2.76
  23,      4.950,        399,        226,       1.14
  24,      5.412,       1226,        233,       2.23
  25,      5.895,      15320,        300,      10.21
  45,      2.696,       3022,        284,      15.12
  56,      4.464,       2996,        321,       3.32
Incoherent scattering peaks:,     1
  19,      3.292,       7567,        673,      26.94
