Acquisition date and time: 00-00-   0 (00:00:00)
Live Time:,        0
Real Time:,        0
 
Photopeaks:,    13
  12,      1.254,         83,         81,       1.74
  13,      1.487,       1722,         99,       1.51
  14,      1.740,       7002,        122,       1.80
  16,      2.307,       8875,        134,       2.60
  17,      2.622,      62179,        311,       5.31
  19,      3.313,     305145,        626,      12.17
  20,      3.691,      50261,        274,       5.12
  22,      4.509,      10249,        214,       1.45
  23,      4.950,        258,        172,       1.16
  24,      5.412,       1570,        192,       1.38
  25,      5.895,       3267,        227,       2.01
  45,      2.696,       2843,        161,       5.72
  56,      4.464,       1248,        249,       1.65
Incoherent scattering peaks:,     1
  19,      3.292,       9471,        437,      13.06
