Acquisition date and time: 00-00-   0 (00:00:00)
Live Time:,        0
Real Time:,        0
 
Photopeaks:,    14
  12,      1.254,       4643,        131,       4.86
  13,      1.487,       9309,        170,       8.92
  14,      1.740,      40404,        250,       4.54
  15,      2.013,      12912,        218,       6.15
  16,      2.307,      38854,        354,       2.83
  17,      2.622,     506711,        944,      27.66
  19,      3.313,    1013620,       1130,      51.80
  20,      3.691,    1245317,       1103,      29.14
  22,      4.509,      37367,        295,       2.58
  23,      4.950,       -617,        190,       1.76
  24,      5.412,       1503,        183,       1.69
  25,      5.895,      92965,        379,       4.99
  45,      2.696,       6380,        383,      25.91
  56,      4.464,       6144,        267,       3.09
Incoherent scattering peaks:,     3
  16,      2.297,       7068,        494,       2.64
  17,      2.609,      25371,        942,      27.55
  19,      3.292,      53172,        760,      52.43
