Acquisition date and time: 00-00-   0 (00:00:00)
Live Time:,        0
Real Time:,        0
 
Photopeaks:,    14
  12,      1.254,        591,         75,       1.33
  13,      1.487,       5387,        113,       1.81
  14,      1.740,      24060,        179,       3.99
  15,      2.013,        753,         94,       1.33
  16,      2.307,       5526,        117,       1.19
  17,      2.622,      49585,        280,       4.65
  19,      3.313,     137020,        447,       7.90
  20,      3.691,     150175,        401,       5.58
  22,      4.509,      13827,        215,       1.51
  23,      4.950,         68,        158,       1.25
  24,      5.412,       1876,        166,       1.54
  25,      5.895,       5444,        201,       4.93
  45,      2.696,        610,        144,       2.57
  56,      4.464,       1541,        224,       1.42
Incoherent scattering peaks:,     1
  19,      3.292,        609,        352,       6.99
