Acquisition date and time: 00-00-   0 (00:00:00)
Live Time:,        0
Real Time:,        0
 
Photopeaks:,    14
  12,      1.254,        391,         73,       2.13
  13,      1.487,       1307,         92,       2.18
  14,      1.740,       4754,        110,       1.63
  15,      2.013,         60,         89,       3.60
  16,      2.307,       8405,        140,       1.91
  17,      2.622,     117806,        464,       7.42
  19,      3.313,     266570,        587,      14.64
  20,      3.691,     103843,        352,       5.71
  22,      4.509,       2763,        160,       0.95
  23,      4.950,        379,        142,       1.30
  24,      5.412,       1862,        160,       2.03
  25,      5.895,       2279,        185,       2.39
  45,      2.696,       1777,        202,       6.42
  56,      4.464,        994,        202,       0.83
Incoherent scattering peaks:,     2
  17,      2.609,       5392,        443,       7.21
  19,      3.292,       7874,        413,      13.62
