Acquisition date and time: 00-00-   0 (00:00:00)
Live Time:,        0
Real Time:,        0
 
Photopeaks:,    14
  12,      1.254,        476,         96,       1.53
  13,      1.487,      15339,        165,       3.13
  14,      1.740,      57072,        265,       7.23
  15,      2.013,        934,        110,       3.22
  16,      2.307,      10117,        158,       1.88
  17,      2.622,      82522,        413,       8.41
  19,      3.313,     242760,        585,      12.63
  20,      3.691,      93781,        349,       5.76
  22,      4.509,      38187,        311,       1.71
  23,      4.950,        666,        210,       1.78
  24,      5.412,       1562,        208,       1.61
  25,      5.895,      10442,        267,       7.44
  45,      2.696,       1137,        189,       5.43
  56,      4.464,       2114,        299,       2.11
Incoherent scattering peaks:,     2
  17,      2.609,        313,        438,       8.66
  19,      3.292,        361,        448,      11.41
