Acquisition date and time: 00-00-   0 (00:00:00)
Live Time:,        0
Real Time:,        0
 
Photopeaks:,    15
  11,      1.041,       -106,         84,       2.40
  12,      1.254,       1073,         94,       1.74
  13,      1.487,      21687,        202,       4.55
  14,      1.740,      76445,        438,       7.28
  15,      2.013,        572,        112,       1.37
  16,      2.307,       9325,        145,       1.84
  17,      2.622,      63566,        319,       6.38
  19,      3.313,     293094,        633,      15.94
  20,      3.691,     125331,        390,       5.22
  22,      4.509,      45272,        317,       2.13
  23,      4.950,        357,        200,       1.55
  24,      5.412,       1757,        196,       1.74
  25,      5.895,      10649,        253,       9.08
  45,      2.696,       1387,        169,       5.04
  56,      4.464,       2487,        281,       2.00
Incoherent scattering peaks:,     2
  14,      1.734,       1874,        484,       7.28
  19,      3.292,       4090,        465,      14.81
