Acquisition date and time: 00-00-   0 (00:00:00)
Live Time:,        0
Real Time:,        0
 
Photopeaks:,    15
  11,      1.041,        -38,         77,       1.72
  12,      1.254,        197,         80,       1.91
  13,      1.487,       7741,        136,       2.19
  14,      1.740,      29837,        280,       2.83
  15,      2.013,        260,         96,       1.52
  16,      2.307,       6926,        127,       1.41
  17,      2.622,      64068,        315,       5.91
  19,      3.313,     220331,        552,      13.04
  20,      3.691,      79724,        319,       3.81
  22,      4.509,      19930,        245,       1.39
  23,      4.950,        243,        174,       0.68
  24,      5.412,       1451,        183,       2.30
  25,      5.895,       5033,        223,       3.44
  45,      2.696,       1405,        160,       2.51
  56,      4.464,       1594,        251,       1.72
Incoherent scattering peaks:,     2
  14,      1.734,        -91,        324,       2.83
  19,      3.292,       2663,        410,      11.66
