Acquisition date and time: 00-00-   0 (00:00:00)
Live Time:,        0
Real Time:,        0
 
Photopeaks:,    15
  11,      1.041,        151,         63,       1.93
  12,      1.254,        238,         64,       1.68
  13,      1.487,        456,         69,       1.38
  14,      1.740,        549,         92,       0.84
  15,      2.013,         91,         64,       0.50
  16,      2.307,       2281,         80,       1.46
  17,      2.622,       1060,         84,       1.54
  19,      3.313,       4796,        102,       1.69
  20,      3.691,       5365,        116,       1.47
  22,      4.509,       -205,        147,       2.14
  23,      4.950,        315,        144,       0.68
  24,      5.412,       1484,        166,       1.84
  25,      5.895,        836,        190,       1.50
  45,      2.696,        612,         71,       1.21
  56,      4.464,        630,        202,       2.21
Incoherent scattering peaks:,     1
  14,      1.734,         53,        139,       0.85
