Acquisition date and time: 00-00-   0 (00:00:00)
Live Time:,        0
Real Time:,        0
 
Photopeaks:,    12
  12,      1.254,        229,         72,       1.83
  13,      1.487,        344,         72,       0.78
  14,      1.740,        327,         71,       0.79
  15,      2.013,         72,         70,       0.80
  16,      2.307,         43,         68,       0.78
  19,      3.313,        210,        102,       0.91
  20,      3.691,        519,         90,       1.28
  23,      4.950,        169,        164,       0.67
  24,      5.412,       1560,        188,       1.89
  25,      5.895,        671,        219,       1.54
  45,      2.696,        820,         68,       1.28
  56,      4.464,        839,        213,       1.88
Incoherent scattering peaks:,     1
  19,      3.292,         12,        151,       1.05
