Acquisition date and time: 00-00-   0 (00:00:00)
Live Time:,        0
Real Time:,        0
 
Photopeaks:,    15
  11,      1.041,        121,         66,       0.56
  12,      1.254,         99,         67,       0.97
  13,      1.487,        242,         70,       1.25
  14,      1.740,        137,         93,       1.09
  15,      2.013,         43,         66,       1.02
  16,      2.307,       2912,         87,       1.00
  17,      2.622,       3601,        107,       1.75
  19,      3.313,      14283,        144,       1.60
  20,      3.691,       2149,        100,       0.92
  22,      4.509,       -389,        155,       1.49
  23,      4.950,        142,        149,       1.82
  24,      5.412,       1356,        169,       1.69
  25,      5.895,        666,        197,       1.63
  45,      2.696,        809,         80,       1.34
  56,      4.464,        765,        215,       1.57
Incoherent scattering peaks:,     1
  14,      1.734,        349,        145,       1.11
