Acquisition date and time: 00-00-   0 (00:00:00)
Live Time:,        0
Real Time:,        0
 
Photopeaks:,    21
  12,      1.254,        148,         64,       0.92
  13,      1.487,        561,         67,       1.24
  14,      1.740,        770,         69,       2.38
  16,      2.307,        180,         60,       1.03
  17,      2.622,        162,         70,       1.12
  19,      3.313,        969,         75,       0.91
  20,      3.691,       7242,        120,       1.52
  22,      4.509,        660,        117,       1.64
  23,      4.950,        174,        147,       2.15
  24,      5.412,       1591,        165,       1.10
  25,      5.895,        753,        189,       1.41
  26,      6.399,       8044,        296,       2.56
  28,      7.472,       2322,        380,       3.23
  29,      8.041,       5248,        423,       3.21
  30,      8.631,       3613,        384,       1.70
  35,     11.908,       1060,        378,       1.61
  37,     13.375,        657,        368,       0.85
  38,     14.142,       1020,        358,       1.18
  40,     15.746,        318,        341,       1.16
  45,      2.696,        716,         65,       1.28
  82,     10.542,        835,        371,       1.52
Incoherent scattering peaks:,     3
  26,      6.320,       5672,        416,       2.23
  26,      6.963,       9857,        334,       2.93
  29,      7.917,       9429,        451,       2.85
