Acquisition date and time: 00-00-   0 (00:00:00)
Live Time:,        0
Real Time:,        0
 
Photopeaks:,    21
  12,      1.254,        470,         70,       2.78
  13,      1.487,       3915,         99,       1.43
  14,      1.740,      16742,        154,       3.94
  16,      2.307,       4733,        104,       1.60
  17,      2.622,      11965,        155,       2.04
  19,      3.313,      75796,        295,       4.35
  20,      3.691,     159897,        407,       6.34
  22,      4.509,      16637,        173,       1.44
  23,      4.950,        147,        152,       1.30
  24,      5.412,       1865,        156,       1.68
  25,      5.895,       9047,        206,       2.08
  26,      6.399,      94436,        445,       3.57
  28,      7.472,       1619,        355,       1.30
  29,      8.041,       5344,        400,       2.41
  30,      8.631,       6133,        362,       1.93
  35,     11.908,       2253,        355,       1.45
  37,     13.375,       1431,        346,       1.23
  38,     14.142,       3166,        344,       0.97
  40,     15.746,        795,        329,       1.11
  45,      2.696,        281,         97,       1.86
  82,     10.542,        979,        346,       1.05
Incoherent scattering peaks:,     3
  26,      6.320,       3305,        459,       2.94
  26,      6.963,       6962,        336,       1.64
  29,      7.917,       6993,        417,       1.77
