Acquisition date and time: 00-00-   0 (00:00:00)
Live Time:,        0
Real Time:,        0
 
Photopeaks:,    21
  12,      1.254,        122,         85,       2.13
  13,      1.487,       2491,        102,       1.00
  14,      1.740,       8148,        128,       3.01
  16,      2.307,       2884,        100,       0.95
  17,      2.622,        928,        105,       1.75
  19,      3.313,      17146,        165,       2.61
  20,      3.691,      10819,        156,       1.48
  22,      4.509,       5155,        169,       2.24
  23,      4.950,        232,        202,       2.26
  24,      5.412,       2007,        214,       2.68
  25,      5.895,       1755,        257,       1.52
  26,      6.399,      59413,        540,       2.68
  28,      7.472,       4133,        512,       2.53
  29,      8.041,       6110,        565,       2.55
  30,      8.631,       3891,        514,       1.72
  35,     11.908,       2548,        511,       2.50
  37,     13.375,       1183,        497,       1.80
  38,     14.142,       1839,        482,       2.14
  40,     15.746,        432,        462,       1.29
  45,      2.696,        871,         91,       1.56
  82,     10.542,       1349,        501,       1.89
Incoherent scattering peaks:,     3
  26,      6.320,       8040,        656,       2.68
  26,      6.963,      15645,        451,       3.04
  29,      7.917,      15579,        595,       1.67
