Acquisition date and time: 00-00-   0 (00:00:00)
Live Time:,        0
Real Time:,        0
 
Photopeaks:,    21
  12,      1.254,        697,        100,       2.05
  13,      1.487,       7209,        147,       4.51
  14,      1.740,      28550,        211,       6.74
  16,      2.307,      19906,        198,       1.86
  17,      2.622,     152940,        473,      10.30
  19,      3.313,     416517,        656,      21.02
  20,      3.691,     196997,        483,       9.25
  22,      4.509,      22742,        215,       2.76
  23,      4.950,        196,        203,       1.35
  24,      5.412,       1674,        207,       1.41
  25,      5.895,      24600,        296,       1.47
  26,      6.399,     190143,        627,       7.72
  28,      7.472,       3013,        489,       2.35
  29,      8.041,       7275,        548,       2.22
  30,      8.631,      15108,        507,       2.35
  35,     11.908,       9745,        512,       2.10
  37,     13.375,       8249,        501,       1.25
  38,     14.142,       5424,        482,       1.65
  40,     15.746,       1013,        458,       1.56
  45,      2.696,        633,        223,       5.13
  82,     10.542,       2810,        496,       1.69
Incoherent scattering peaks:,     3
  26,      6.320,       8458,        637,       6.99
  26,      6.963,      13324,        464,       1.96
  29,      7.917,      12039,        568,       2.09
