Acquisition date and time: 00-00-   0 (00:00:00)
Live Time:,        0
Real Time:,        0
 
Photopeaks:,    21
  12,      1.254,         62,         70,       0.98
  13,      1.487,        593,         76,       1.08
  14,      1.740,       2272,         88,       1.05
  16,      2.307,       4796,        102,       1.98
  17,      2.622,       5179,        122,       1.19
  19,      3.313,      31384,        197,       2.80
  20,      3.691,      21488,        182,       1.46
  22,      4.509,       1183,        129,       0.84
  23,      4.950,         47,        164,       0.98
  24,      5.412,       1564,        180,       1.17
  25,      5.895,        589,        206,       2.14
  26,      6.399,      14080,        331,       1.46
  28,      7.472,       2780,        426,       4.04
  29,      8.041,       5771,        470,       2.03
  30,      8.631,       9445,        431,       2.06
  35,     11.908,       3546,        428,       1.46
  37,     13.375,       1067,        410,       1.50
  38,     14.142,        852,        406,       0.96
  40,     15.746,        295,        388,       1.58
  45,      2.696,        585,         89,       1.24
  82,     10.542,       2782,        423,       1.76
Incoherent scattering peaks:,     3
  26,      6.320,       6037,        460,       1.51
  26,      6.963,      11805,        372,       2.63
  29,      7.917,      13046,        503,       1.67
