Acquisition date and time: 00-00-   0 (00:00:00)
Live Time:,        0
Real Time:,        0
 
Photopeaks:,    21
  12,      1.254,        132,         60,       0.90
  13,      1.487,       2429,         82,       1.18
  14,      1.740,       8933,        117,       3.42
  16,      2.307,       4979,         96,       1.29
  17,      2.622,       2557,         97,       1.98
  19,      3.313,      24927,        175,       1.56
  20,      3.691,      23983,        180,       3.03
  22,      4.509,       5478,        128,       0.86
  23,      4.950,        119,        139,       0.72
  24,      5.412,       1508,        147,       2.09
  25,      5.895,       1418,        175,       1.52
  26,      6.399,      63657,        411,       3.40
  28,      7.472,       1671,        341,       1.25
  29,      8.041,       4492,        377,       1.80
  30,      8.631,       3624,        341,       1.68
  35,     11.908,       1684,        338,       1.53
  37,     13.375,        869,        321,       1.04
  38,     14.142,        983,        318,       1.13
  40,     15.746,        529,        304,       1.33
  45,      2.696,        360,         74,       1.22
  82,     10.542,        992,        333,       1.46
Incoherent scattering peaks:,     3
  26,      6.320,       3789,        446,       3.02
  26,      6.963,       7164,        311,       1.46
  29,      7.917,       6008,        394,       1.67
