Acquisition date and time: 00-00-   0 (00:00:00)
Live Time:,        0
Real Time:,        0
 
Photopeaks:,    21
  12,      1.254,        152,         94,       1.70
  13,      1.487,       6219,        128,       1.07
  14,      1.740,      24387,        190,       5.94
  16,      2.307,       6999,        128,       1.18
  17,      2.622,       5580,        142,       1.97
  19,      3.313,      28863,        204,       3.09
  20,      3.691,      61488,        278,       3.43
  22,      4.509,      15993,        204,       1.28
  23,      4.950,        491,        213,       1.79
  24,      5.412,       2795,        223,       2.15
  25,      5.895,       3589,        265,       2.91
  26,      6.399,     160497,        641,       5.75
  28,      7.472,       3825,        526,       3.18
  29,      8.041,       7124,        576,       2.24
  30,      8.631,       6818,        519,       1.90
  35,     11.908,       2384,        511,       1.99
  37,     13.375,        870,        499,       2.13
  38,     14.142,       1534,        495,       2.43
  40,     15.746,        970,        475,       1.93
  45,      2.696,        537,        109,       1.77
  82,     10.542,       1614,        514,       2.37
Incoherent scattering peaks:,     3
  26,      6.320,       8533,        689,       5.44
  26,      6.963,      16658,        481,       3.43
  29,      7.917,      14465,        602,       2.75
