Acquisition date and time: 00-00-   0 (00:00:00)
Live Time:,        0
Real Time:,        0
 
Photopeaks:,    22
  11,      1.041,         18,         78,       0.98
  12,      1.254,        384,         82,       1.97
  13,      1.487,       1372,         95,       1.20
  14,      1.740,       5827,        118,       1.14
  16,      2.307,       7590,        130,       1.14
  17,      2.622,      35158,        244,       4.37
  19,      3.313,     122713,        363,       6.10
  20,      3.691,      51683,        266,       3.97
  22,      4.509,       3114,        157,       0.97
  23,      4.950,         93,        192,       1.64
  24,      5.412,       1728,        210,       1.58
  25,      5.895,       2844,        248,       1.10
  26,      6.399,      37771,        433,       3.29
  28,      7.472,       3897,        506,       4.20
  29,      8.041,       6637,        554,       2.36
  30,      8.631,       6955,        516,       1.70
  35,     11.908,       5662,        516,       2.13
  37,     13.375,       2625,        501,       1.65
  38,     14.142,       2017,        487,       1.59
  40,     15.746,        308,        463,       1.37
  45,      2.696,        829,        134,       3.14
  82,     10.542,       1351,        502,       1.42
Incoherent scattering peaks:,     3
  26,      6.320,       8172,        567,       3.16
  26,      6.963,      16660,        448,       2.88
  29,      7.917,      17653,        591,       2.30
