Acquisition date and time: 00-00-   0 (00:00:00)
Live Time:,        0
Real Time:,        0
 
Photopeaks:,    21
  12,      1.254,        831,        100,       2.15
  13,      1.487,      12599,        164,       3.60
  14,      1.740,      36994,        229,       8.26
  16,      2.307,      13169,        173,       2.01
  17,      2.622,     113237,        411,       8.84
  19,      3.313,     311119,        571,      12.52
  20,      3.691,     185890,        464,       9.35
  22,      4.509,      33464,        242,       1.68
  23,      4.950,        596,        211,       1.24
  24,      5.412,       2399,        213,       2.14
  25,      5.895,       8811,        268,       2.23
  26,      6.399,     207791,        642,       7.72
  28,      7.472,       3168,        495,       1.79
  29,      8.041,       7453,        555,       2.20
  30,      8.631,      10060,        508,       1.38
  35,     11.908,      11212,        509,       2.09
  37,     13.375,       5668,        493,       1.51
  38,     14.142,       4753,        476,       1.44
  40,     15.746,       1160,        453,       1.18
  45,      2.696,        774,        199,       5.01
  82,     10.542,       3352,        490,       2.22
Incoherent scattering peaks:,     3
  26,      6.320,       9439,        644,       6.73
  26,      6.963,      13407,        471,       2.30
  29,      7.917,      13404,        575,       1.85
