Acquisition date and time: 00-00-   0 (00:00:00)
Live Time:,        0
Real Time:,        0
 
Photopeaks:,    21
  12,      1.254,        238,         77,       1.38
  13,      1.487,       5875,        114,       2.38
  14,      1.740,      20734,        169,       5.35
  16,      2.307,       8252,        125,       1.24
  17,      2.622,      17042,        181,       3.24
  19,      3.313,      46465,        238,       4.18
  20,      3.691,      72970,        290,       2.59
  22,      4.509,      15068,        177,       1.44
  23,      4.950,        495,        172,       1.24
  24,      5.412,       2116,        177,       2.16
  25,      5.895,       5196,        216,       1.51
  26,      6.399,     134252,        535,       6.61
  28,      7.472,       2225,        410,       1.77
  29,      8.041,       6033,        451,       1.93
  30,      8.631,       8791,        409,       1.57
  35,     11.908,       1940,        407,       1.51
  37,     13.375,       1428,        389,       1.29
  38,     14.142,       2063,        386,       1.35
  40,     15.746,       1076,        368,       1.08
  45,      2.696,        333,        106,       2.89
  82,     10.542,       1356,        397,       2.45
Incoherent scattering peaks:,     3
  26,      6.320,       4740,        543,       5.94
  26,      6.963,       9833,        383,       2.34
  29,      7.917,       8840,        472,       1.45
