Acquisition date and time: 00-00-   0 (00:00:00)
Live Time:,        0
Real Time:,        0
 
Photopeaks:,    22
  11,      1.041,        131,        106,       1.98
  12,      1.254,        898,        116,       1.31
  13,      1.487,       4917,        146,       4.90
  14,      1.740,      39463,        241,       8.40
  16,      2.307,      22963,        210,       3.08
  17,      2.622,     154609,        480,      15.11
  19,      3.313,     348860,        612,      20.13
  20,      3.691,     313739,        589,      12.03
  22,      4.509,      28098,        242,       2.05
  23,      4.950,       1294,        233,       2.30
  24,      5.412,       2031,        240,       1.67
  25,      5.895,       7065,        295,       2.70
  26,      6.399,     258547,        727,      11.67
  28,      7.472,       5694,        569,       4.09
  29,      8.041,       9008,        637,       2.73
  30,      8.631,      20708,        590,       2.26
  35,     11.908,       6402,        581,       1.20
  37,     13.375,       6039,        568,       1.45
  38,     14.142,       6298,        551,       1.91
  40,     15.746,       1669,        525,       1.49
  45,      2.696,       1209,        229,       9.56
  82,     10.542,       3279,        567,       3.22
Incoherent scattering peaks:,     3
  26,      6.320,      11087,        731,      10.42
  26,      6.963,      18223,        538,       3.14
  29,      7.917,      16881,        665,       2.94
