Acquisition date and time: 00-00-   0 (00:00:00)
Live Time:,        0
Real Time:,        0
 
Photopeaks:,    21
  12,      1.254,        152,         74,       1.31
  13,      1.487,       8219,        127,       3.06
  14,      1.740,      32929,        205,       6.07
  16,      2.307,      10669,        140,       1.46
  17,      2.622,      25731,        213,       2.83
  19,      3.313,      93289,        324,       4.59
  20,      3.691,     121590,        366,       4.22
  22,      4.509,      24164,        203,       1.31
  23,      4.950,        512,        176,       1.19
  24,      5.412,       2175,        179,       1.67
  25,      5.895,       9964,        230,       1.36
  26,      6.399,     256234,        643,       6.39
  28,      7.472,       2154,        402,       2.01
  29,      8.041,       6168,        452,       1.30
  30,      8.631,       9546,        414,       1.09
  35,     11.908,       3619,        401,       1.75
  37,     13.375,       1645,        389,       1.57
  38,     14.142,       2524,        387,       1.46
  40,     15.746,       2567,        371,       1.18
  45,      2.696,        224,        119,       2.06
  82,     10.542,       1585,        392,       1.97
Incoherent scattering peaks:,     3
  26,      6.320,       6299,        566,       4.93
  26,      6.963,       9495,        404,       2.81
  29,      7.917,       7284,        469,       1.12
