Acquisition date and time: 00-00-   0 (00:00:00)
Live Time:,        0
Real Time:,        0
 
Photopeaks:,    21
  12,      1.254,         71,         57,       1.16
  13,      1.487,        426,         60,       1.04
  14,      1.740,        848,         63,       1.47
  16,      2.307,       2651,         78,       0.94
  17,      2.622,       3662,        100,       1.19
  19,      3.313,       6564,        105,       1.45
  20,      3.691,       4862,        104,       2.19
  22,      4.509,        851,        106,       1.60
  23,      4.950,        119,        131,       1.00
  24,      5.412,       1739,        147,       1.28
  25,      5.895,        394,        168,       1.98
  26,      6.399,      12356,        287,       2.10
  28,      7.472,       1887,        336,       2.63
  29,      8.041,       5478,        383,       1.73
  30,      8.631,       4824,        344,       1.07
  35,     11.908,       1709,        335,       1.67
  37,     13.375,        396,        325,       1.74
  38,     14.142,       1086,        324,       1.13
  40,     15.746,        433,        309,       1.22
  45,      2.696,        465,         70,       1.10
  82,     10.542,        944,        332,       1.87
Incoherent scattering peaks:,     3
  26,      6.320,       4116,        379,       1.55
  26,      6.963,       7524,        297,       2.33
  29,      7.917,       6411,        396,       1.08
