Acquisition date and time: 00-00-   0 (00:00:00)
Live Time:,        0
Real Time:,        0
 
Photopeaks:,    21
  12,      1.254,       2496,        121,       3.62
  13,      1.487,      13795,        177,       4.04
  14,      1.740,      62334,        287,      16.95
  16,      2.307,      11468,        174,       2.77
  17,      2.622,      71867,        345,       3.85
  19,      3.313,     293138,        574,      12.33
  20,      3.691,     696194,        833,      15.64
  22,      4.509,      47157,        276,       4.47
  23,      4.950,        502,        233,       1.80
  24,      5.412,       1697,        225,       2.04
  25,      5.895,      23486,        311,       2.23
  26,      6.399,     520445,        884,      13.88
  28,      7.472,       2953,        528,       1.99
  29,      8.041,       8882,        594,       2.70
  30,      8.631,      15289,        547,       1.78
  35,     11.908,       6924,        544,       1.73
  37,     13.375,       6774,        534,       1.56
  38,     14.142,      14538,        538,       2.02
  40,     15.746,       3150,        503,       1.28
  45,      2.696,       -392,        188,       3.10
  82,     10.542,       2391,        532,       1.56
Incoherent scattering peaks:,     3
  26,      6.320,      10729,        739,      11.71
  26,      6.963,      15508,        539,       6.95
  29,      7.917,      11635,        617,       2.06
