$Informacoes da Fluorescencia de Raios-X:
"Sample    : GPE-187",                                                                    
"Operator  : LUIS",                                                                       
"Comment  : ",                                                                            
"Group     : thiago_acra2010ma",                                                          
"Date       : 2010-11-17 20:00:21",                                                       
"",                                                                                       
"Mesurement Condition",                                                                   
"------------------------------------------------------------------------------------",   
"Instrument : 700HS2   Atmosphere : Vac.   Collimator : 10(mm)   Spin : No",              
"------------------------------------------------------------------------------------",   
"Analyte               TG kV   uA      FI Acq.(keV)  Anal.(keV)  Time(sec)     DT(%)",    
"------------------------------------------------------------------------------------",   
"Na                    Rh 50 1000-Auto Al  0 - 20    0.8 - 1.2   Live -  959   17",       
"Channel_info_start",                                                                     
"Channel : Na",                                                                           
"Points : 2048
"Range : 0.000000 - 20.480000",                                                           
"Step : 0.010000",                                                                        
"Channel_info_end",                                                                       
$DATA:
       0    2047
       0       0       0       0       0       0       0       0       0    2048
       0       0       0       0       0       0       0       0       0       0
       0       0       0       0       0       0       0       0       0       0
       0       0       0       0       0       0       1       3       2       6
      84     227     217     211     186     224     199     239     201     216
     204     226     195     218     202     204     225     236     212     219
     221     199     233     240     220     216     242     256     228     257
     287     254     228     352     329     376     326     396     333     321
     321     305     259     290     265     253     234     248     243     273
     251     380     281     338     390     448     460     500     508     510
     502     483     394     389     330     317     266     291     266     280
     257     239     266     273     291     306     282     259     295     281
     246     261     251     251     237     261     261     288     286     300
     321     377     352     353     409     447     405     456     383     416
     368     368     320     276     278     285     254     297     289     346
     405     437     551     723     830    1006    1054    1328    1324    1459
    1309    1435    1340    1212    1109     990     922     854     759     718
     597     613     593     616     747     920    1216    1684    2095    2784
    3216    3923    4230    4852    4685    5027    4403    4376    3645    3352
    2679    2200    1609    1371     943     844     685     630     554     554
     569     641     618     646     701     715     750     843     794     770
     785     789     723     687     633     596     587     541     469     449
     394     407     387     380     381     387     386     415     441     473
     511     562     636     724     825    1009    1034    1228    1339    1381
    1436    1511    1521    1510    1368    1265    1156    1103     889     916
     780     690     684     632     630     682     729     790     874    1211
    1317    1916    2620    3626    4694    6959    8077   10418   11855   14371
   15700   17359   17003   18138   16965   16279   13974   12666   10443    8616
    6550    5309    3687    3095    2168    1923    1804    1755    1795    1829
    1937    2099    2025    2027    1876    1763    1597    1522    1228    1061
     924     786     703     596     568     492     447     475     405     417
     472     450     417     493     461     473     467     488     425     529
     509     556     594     656     663     777     968    1223    1498    2136
    2665    3990    5000    7038    9002   11658   13631   16523   18508   21509
   21258   23198   22941   23113   20817   20261   16715   15069   11601    9852
    7492    5866    4142    3054    2289    1736    1333    1221    1195    1238
    1445    1704    2038    2554    2910    3676    4552    5798    6907    8994
   10659   13657   15591   18930   21967   25330   26517   30252   30265   32054
   30195   29659   27106   25054   20970   18412   14873   12416    8998    6957
    5091    3669    2514    1850    1288    1003     732     743     726     855
     974    1176    1410    1692    2028    2436    2847    3267    3435    4019
    3892    4134    3875    4013    3719    3516    3029    2760    2244    2011
    1579    1251    1079     865     654     597     481     484     388     373
     310     371     347     396     362     372     321     352     365     341
     347     409     400     450     400     459     497     593     619     775
     904    1101    1261    1506    1680    2000    2281    2569    2703    2857
    2766    2934    2792    2772    2459    2413    2101    1908    1583    1438
    1247    1112     876     870     702     714     676     661     589     562
     566     599     601     596     572     588     621     668     638     662
     722     721     733     742     813     823     867     896     912     990
    1002     946     990     993     904     933     939     927     872     788
     765     802     716     721     680     720     597     655     659     656
     671     692     610     652     627     699     679     702     635     733
     686     703     711     776     721     747     711     722     693     747
     736     755     795     834     815     890     908     903     896     949
     936     974     898     952     931     957     958     939     897     944
     909     870     914     919     916     857     868     888     842     967
     865     931     894     903     930     926     919     974     934     951
     939     934     965    1013    1002    1106    1033    1192    1180    1342
    1288    1508    1459    1645    1715    1831    1786    1900    1920    2057
    1888    1995    1836    1766    1772    1638    1579    1570    1458    1396
    1345    1300    1237    1228    1145    1174    1217    1182    1249    1150
    1152    1242    1228    1293    1197    1321    1373    1414    1405    1530
    1596    1910    2007    2555    2810    3680    4263    5500    6565    8014
    9138   11005   12691   15000   15945   18019   19340   20523   20451   22653
   20894   21170   18946   18480   16763   15582   13147   12085   10105    8955
    6904    6004    4898    3987    3352    2967    2333    2208    1835    1760
    1695    1624    1475    1585    1408    1549    1407    1463    1449    1543
    1384    1465    1479    1473    1422    1483    1459    1545    1486    1477
    1564    1600    1540    1601    1653    1582    1606    1783    1740    1907
    1844    2027    2122    2321    2302    2646    2884    3186    3229    3445
    3721    3879    3778    4148    4165    4190    3904    4015    3813    3683
    3301    3203    2926    2939    2540    2474    2280    2242    1961    1935
    1816    1755    1639    1591    1640    1653    1582    1512    1505    1619
    1543    1552    1517    1620    1539    1617    1598    1573    1549    1594
    1605    1647    1631    1674    1783    1720    1486    1707    1609    1705
    1628    1640    1612    1580    1550    1604    1589    1632    1585    1618
    1574    1572    1493    1604    1545    1635    1527    1552    1679    1773
    1579    1586    1638    1601    1519    1667    1614    1571    1634    1640
    1586    1676    1637    1710    1576    1668    1663    1743    1655    1669
    1691    1839    1749    1891    1793    1908    1933    2086    2055    1990
    2160    2196    1921    2111    2040    2009    1884    2027    1954    1818
    1809    1719    1664    1836    1690    1660    1612    1551    1540    1533
    1499    1513    1459    1448    1448    1551    1372    1444    1503    1493
    1437    1521    1459    1453    1485    1381    1426    1491    1390    1501
    1456    1520    1457    1514    1589    1649    1568    1755    1794    1731
    1858    2039    2104    2364    2418    2562    2588    2866    2732    2893
    3003    3101    3088    2962    3040    2896    2645    2647    2519    2524
    2170    2223    2130    1983    1766    1744    1682    1668    1538    1541
    1531    1465    1399    1381    1416    1504    1386    1449    1383    1481
    1367    1457    1412    1472    1380    1384    1428    1389    1393    1411
    1352    1410    1384    1344    1382    1386    1294    1296    1358    1407
    1326    1457    1298    1392    1328    1370    1350    1427    1374    1286
    1376    1378    1339    1377    1383    1394    1279    1367    1316    1339
    1298    1324    1344    1415    1285    1335    1294    1395    1333    1316
    1444    1333    1324    1438    1393    1434    1424    1452    1447    1506
    1479    1472    1518    1516    1509    1575    1618    1576    1507    1514
    1635    1543    1460    1412    1385    1422    1305    1400    1348    1382
    1305    1420    1292    1327    1257    1386    1351    1410    1272    1321
    1284    1336    1287    1308    1328    1301    1269    1336    1304    1303
    1270    1269    1356    1301    1259    1340    1276    1252    1232    1365
    1352    1267    1293    1263    1371    1404    1274    1310    1260    1306
    1313    1216    1297    1349    1301    1254    1347    1317    1339    1270
    1318    1334    1324    1308    1340    1361    1202    1322    1267    1334
    1278    1342    1298    1320    1234    1314    1261    1354    1356    1380
    1297    1346    1353    1341    1292    1365    1340    1336    1391    1365
    1326    1292    1311    1336    1235    1337    1335    1339    1267    1317
    1265    1326    1317    1408    1343    1395    1237    1278    1337    1362
    1252    1397    1338    1341    1274    1328    1381    1384    1280    1290
    1299    1398    1243    1281    1365    1341    1312    1376    1340    1333
    1262    1369    1314    1273    1331    1326    1289    1289    1324    1289
    1360    1303    1240    1322    1320    1367    1259    1340    1392    1302
    1280    1284    1381    1332    1250    1339    1329    1340    1319    1325
    1385    1385    1330    1345    1389    1364    1307    1290    1331    1367
    1226    1327    1287    1321    1304    1303    1311    1415    1234    1324
    1317    1324    1305    1282    1317    1271    1264    1271    1318    1375
    1280    1384    1290    1346    1266    1335    1251    1367    1264    1269
    1300    1286    1263    1282    1392    1412    1311    1469    1363    1492
    1384    1568    1573    1640    1644    1717    1795    1916    1829    1940
    2075    2286    2138    2297    2325    2409    2328    2310    2426    2535
    2394    2468    2367    2430    2108    2166    2066    2093    1904    1868
    1829    1787    1565    1582    1492    1506    1383    1398    1382    1317
    1302    1260    1258    1312    1228    1234    1285    1298    1192    1204
    1196    1239    1216    1190    1225    1206    1172    1235    1249    1213
    1169    1205    1199    1258    1169    1170    1156    1171    1193    1169
    1182    1215    1183    1181    1202    1216    1199    1178    1144    1189
    1150    1228    1123    1207    1153    1142    1193    1255    1177    1187
    1199    1202    1167    1214    1183    1126    1100    1175    1191    1229
    1145    1156    1147    1207    1148    1239    1131    1196    1225    1206
    1170    1215    1061    1162    1189    1188    1189    1182    1201    1132
    1112    1141    1097    1189    1100    1135    1111    1187    1125    1125
    1161    1140    1102    1152    1172    1152    1137    1135    1138    1223
    1197    1200    1250    1262    1153    1335    1253    1289    1242    1339
    1325    1345    1252    1290    1327    1412    1400    1408    1376    1446
    1381    1456    1401    1430    1382    1356    1374    1419    1298    1318
    1316    1367    1208    1302    1270    1236    1189    1190    1221    1125
    1161    1160    1196    1164    1079    1099    1116    1136    1072    1172
    1086    1113    1056    1104    1091    1090    1066    1139    1056    1096
    1035    1099    1074    1063    1088    1032    1115    1046    1085    1020
    1078    1074    1045    1013    1118    1098    1073    1070    1098    1128
    1067    1082    1046    1138    1079    1137    1196    1179    1146    1161
    1214    1263    1168    1186    1220    1304    1272    1241    1281    1354
    1196    1276    1267    1248    1235    1237    1274    1319    1174    1139
    1141    1141    1196    1218    1124    1157    1028    1112    1074    1076
    1090    1081    1115    1071    1023    1103     998    1010    1025    1028
    1009    1034     983    1007    1060     987     990    1051    1010     969
     945     973    1050    1054     999     955    1040     994     955    1008
     980     988     974     968    1023    1017     962     965     944     973
    1002     940    1056    1050     977     943     952    1033     910     985
     925    1043    1022     981     984     975     975     946    1003     965
     959     932    1044     995     962     912    1024     993     953     970
     970     999     951     982     981     951     947     930     930     931
     917     923     940     981     929     957     997     948     882     865
     942     955     898     884     925     906     930     873     929     919
     905     873     989     942     890     855     978     940     904     965
     918     933     944     943     916     961     880     871     927     944
     953     965     932     913     921     961     937     976     940     979
     979     935     909     876     929     988     968    1063     974    1029
     914     986     886    1046     891     970     993     954     929     975
     983     958     925     987     965     992     888     935     994     953
     943     908     865     884     901     888     872     938     880     884
     858     879     883     917     857     935     901     908     928     898
     860     848     883     844     858     869     849     872     868     804
     849     863     832     878     846     846     851     880     892     860
     822     822     866     931     824     884     809     846     812     861
     843     861     814     801     831     897     800     835     863     855
     851     820     901     871     839     849     832     868     878     828
     839     846     845     823     871     834     819     852     824     858
     786     806     854     868     800     855     896     868     817     865
     851     824     838     879     781     821     799     791     839     857
     764     813     788     826     808     821     866     815     834     803
     883     831     834     776     817     847     811     786     836     850
     823     801     814     867     785     843     846     850     790     837
     820     870     791     749     853     840     857     790     907     890
     828     815     822     834     756     840     832     905     885     829
     888     863     764     824     808     844     823     843     834     829
     826     845     877     838     751     813     897     898     785     788
     944     870     818     872     889     913     833     820     815     865
     873     905     821     864     861     833     911     832     798     849
     922     860     858     882     916     856     832     858     910     920
     857     837     948     900     845     887     930     936     896     875
     906     920     875     817     886     915     907     929     927     918
     926     967     894     936    1011     985     982    1046     937    1010
     966     969     985     974    1140    1045    1082     991    1058    1061
    1035    1044    1070    1069    1048    1055    1078    1186    1096    1175
    1094    1164    1156    1128    1170    1222    1179    1155    1304    1234
    1154    1328    1303    1373    1298    1418    1488    1475    1419    1517
    1500    1600    1570    1691    1673    1719    1697    1752    1885    1934
    1936    1987    2111    2200    2111    2210    2392    2547    2467    2444
    2814    2886    2739    2843    3091    3159    3175    3116    3723    3611
    3623    3690    3860    3969    3834    4147    4396    4429    4472    4510
    4643    4883    4700    4817    5119    5062    5008    5158    5278    5251
    5243    5191    5483    5325    5175    5307    5433    5417    5387    5165
    5744    5334    5148    5045    5092    4957    4927    4920    4900    4847
    4597    4548    4633    4393    4113    4183    4122    3947    3712    3668
    3666    3582    3353    3221    3362    3129    2953    2857    2885    2750
    2593    2436    2507    2408    2199    2099    2037    2048    1913    1896
    1849    1782    1663    1667    1651    1602    1428    1490    1449    1444
    1321    1386    1367    1360    1251    1304    1295    1301    1335    1262
    1411    1429    1444    1445    1580    1640    1617    1691    1769    1765
    1827    1954    2075    2193    2191    2282    2414    2508    2444    2504
    2621    2802    2633    2877    2791    2780    2785    2904    2814    2783
    2759    2597    2661    2595    2450    2256    2510    2196    2058    2001
    1894    1844    1596    1628    1557    1417    1342    1254    1277    1104
    1069    1030     962     919     857     845     860     797     765     744
     804     728     752     745     785     717     674  397368
