$Informacoes da Fluorescencia de Raios-X:
"Sample    : GPE-162",                                                                    
"Operator  : LUIS",                                                                       
"Comment  : ",                                                                            
"Group     : thiago_acra2010ma",                                                          
"Date       : 2010-11-17 11:16:46",                                                       
"",                                                                                       
"Mesurement Condition",                                                                   
"------------------------------------------------------------------------------------",   
"Instrument : 700HS2   Atmosphere : Vac.   Collimator : 10(mm)   Spin : No",              
"------------------------------------------------------------------------------------",   
"Analyte               TG kV   uA      FI Acq.(keV)  Anal.(keV)  Time(sec)     DT(%)",    
"------------------------------------------------------------------------------------",   
"Na                    Rh 50 1000-Auto Al  0 - 20    0.8 - 1.2   Live -  959   16",       
"Channel_info_start",                                                                     
"Channel : Na",                                                                           
"Points : 2048
"Range : 0.000000 - 20.480000",                                                           
"Step : 0.010000",                                                                        
"Channel_info_end",                                                                       
$DATA:
       0    2047
       0       0       0       0       0       0       0       0       0    2048
       0       0       0       0       0       0       0       0       0       0
       0       0       0       0       0       0       0       0       0       0
       0       0       0       0       0       0       2       1       5      15
      73     184     242     219     213     221     222     196     186     221
     209     213     228     246     201     235     222     225     229     223
     203     212     270     240     234     238     260     240     227     239
     256     284     254     307     242     278     307     248     272     270
     247     247     269     275     223     246     223     218     232     260
     272     300     303     334     360     386     398     427     447     477
     457     425     401     380     333     330     270     263     240     225
     219     272     213     263     203     254     240     271     243     249
     245     244     235     222     234     213     272     240     213     284
     240     257     241     298     296     261     282     295     261     285
     262     271     251     280     240     259     252     260     239     236
     305     304     315     362     408     459     457     528     538     668
     637     700     673     778     728     786     718     782     694     715
     607     620     582     598     514     549     521     598     698     846
     926     959    1026    1184    1049    1179    1041    1102     954     941
     751     709     611     560     451     392     396     389     417     405
     422     513     483     493     487     556     534     603     579     566
     521     559     524     540     470     495     447     446     373     405
     383     394     353     403     371     366     406     433     425     474
     577     652     804     986    1166    1387    1547    1829    1998    2283
    2289    2400    2302    2348    2111    1995    1847    1590    1299    1220
     976     906     789     801     786     788     751     843     949    1177
    1432    1912    2542    3401    4300    6216    7061    9062   10191   11997
   12994   14408   14056   15019   13846   13532   11692   10800    9137    7901
    5992    4943    3472    3017    2213    2043    1716    1749    1617    1695
    1759    1765    1787    1784    1764    1711    1458    1444    1182    1162
     939     841     753     725     605     617     561     601     535     536
     485     507     527     565     536     563     552     560     574     614
     623     643     737     825     889    1122    1340    1839    2292    3625
    4615    6605    8430   11631   14562   18725   21396   26344   28320   32907
   33513   35580   35218   35666   32270   31861   25885   23840   18982   16127
   12466    9874    6872    5252    3715    2787    1982    1782    1581    1654
    1750    2263    2556    3167    3555    4393    5055    6047    6765    8146
    9017   10713   11517   13289   14809   16222   16387   18176   17943   18747
   17453   17328   15659   14601   12359   11224    9242    7606    5713    4531
    3301    2518    1778    1386     893     752     596     572     543     608
     667     813     967    1190    1340    1628    1767    2008    2152    2440
    2297    2555    2388    2493    2305    2192    1830    1858    1584    1272
    1051     968     787     651     579     512     414     390     382     368
     335     333     326     308     329     341     330     296     345     334
     324     346     360     386     326     381     394     409     466     470
     501     600     600     640     737     747     725     855     899     959
     907     952     912     924     818     873     794     719     705     705
     655     601     563     528     546     525     501     502     498     486
     504     495     522     544     505     514     541     611     599     604
     570     628     578     634     615     668     606     661     611     698
     672     682     610     708     669     631     636     646     646     680
     639     652     552     616     607     650     571     595     658     588
     601     678     622     646     594     629     587     643     660     670
     641     666     641     691     638     661     731     713     669     670
     738     746     743     758     783     851     853     796     757     856
     831     859     862     844     861     885     857     877     835     806
     802     820     851     803     811     862     858     889     808     913
     928     904     875     921     862     892     934     932     861     973
     867     963     978    1034     982    1139    1110    1258    1341    1359
    1640    1674    1784    2088    2000    2238    2175    2365    2470    2413
    2348    2575    2275    2358    2059    2036    1833    1889    1630    1636
    1437    1407    1278    1302    1231    1221    1166    1135    1125    1242
    1155    1160    1199    1219    1127    1231    1181    1310    1167    1260
    1319    1359    1418    1595    1611    1804    1908    2206    2433    2750
    2860    3460    3727    4406    4489    4952    5063    5467    5353    6122
    5415    5727    5268    5195    4684    4744    4116    3890    3479    3179
    2795    2598    2254    2173    1939    1893    1716    1696    1644    1525
    1415    1487    1471    1513    1422    1521    1441    1437    1463    1468
    1486    1398    1474    1538    1434    1486    1443    1507    1471    1533
    1450    1476    1423    1496    1556    1590    1520    1604    1560    1662
    1616    1691    1703    1710    1723    1784    1748    1962    1788    1976
    1999    2044    2008    2079    2151    2134    2049    2143    2051    2080
    1886    2002    1928    1855    1723    1735    1754    1725    1656    1672
    1601    1610    1463    1583    1577    1598    1507    1583    1518    1590
    1555    1528    1593    1575    1462    1570    1672    1619    1615    1650
    1621    1649    1600    1724    1605    1658    1536    1623    1603    1607
    1536    1666    1603    1675    1624    1608    1563    1603    1579    1572
    1658    1648    1542    1653    1520    1701    1574    1643    1663    1657
    1617    1649    1618    1627    1616    1654    1602    1645    1577    1708
    1732    1707    1720    1726    1741    1742    1617    1727    1635    1874
    1719    1776    1801    1910    1874    1936    1869    1951    1918    2095
    1986    2066    1953    2019    1990    2027    1861    1992    1870    1923
    1830    1795    1691    1712    1597    1654    1606    1629    1536    1537
    1508    1565    1470    1501    1451    1560    1441    1504    1530    1484
    1378    1481    1512    1585    1386    1425    1469    1492    1448    1423
    1509    1525    1496    1539    1533    1560    1591    1671    1590    1757
    1747    1855    1889    2062    2075    2209    2231    2362    2263    2442
    2435    2534    2497    2486    2451    2427    2242    2398    2178    2214
    2010    2001    1864    1910    1696    1724    1691    1641    1581    1544
    1481    1496    1461    1508    1463    1499    1487    1446    1459    1490
    1411    1459    1434    1525    1421    1466    1509    1433    1352    1520
    1404    1380    1312    1437    1382    1346    1292    1369    1374    1425
    1392    1411    1423    1390    1361    1373    1439    1439    1309    1398
    1471    1453    1372    1433    1322    1486    1372    1454    1409    1434
    1407    1368    1300    1409    1383    1373    1420    1379    1421    1442
    1446    1500    1388    1467    1458    1436    1354    1487    1545    1513
    1422    1502    1526    1555    1523    1582    1571    1472    1472    1566
    1526    1481    1449    1501    1416    1516    1340    1465    1365    1400
    1425    1446    1432    1360    1308    1485    1283    1408    1299    1325
    1326    1447    1340    1410    1412    1471    1331    1371    1402    1392
    1380    1339    1439    1416    1405    1348    1296    1413    1337    1385
    1369    1495    1344    1316    1320    1421    1304    1464    1412    1358
    1352    1448    1344    1454    1366    1341    1387    1471    1347    1345
    1392    1456    1380    1332    1383    1372    1358    1394    1375    1371
    1336    1429    1458    1480    1329    1390    1430    1481    1403    1495
    1411    1493    1424    1464    1548    1589    1405    1518    1522    1516
    1538    1430    1559    1525    1543    1550    1513    1482    1399    1527
    1511    1538    1435    1571    1479    1536    1404    1376    1458    1427
    1372    1440    1381    1453    1341    1389    1407    1443    1359    1466
    1424    1384    1433    1339    1406    1457    1385    1507    1443    1442
    1317    1459    1411    1477    1334    1392    1397    1400    1376    1444
    1353    1447    1317    1452    1453    1419    1403    1365    1432    1436
    1375    1453    1366    1441    1365    1340    1430    1390    1355    1410
    1427    1479    1334    1382    1347    1368    1301    1483    1411    1421
    1317    1366    1334    1367    1417    1451    1371    1437    1269    1293
    1341    1385    1328    1407    1366    1389    1352    1353    1395    1408
    1319    1435    1352    1355    1309    1389    1313    1386    1364    1344
    1285    1394    1275    1374    1386    1397    1309    1356    1310    1428
    1390    1358    1302    1362    1413    1398    1460    1497    1441    1531
    1416    1557    1441    1479    1546    1580    1445    1508    1466    1538
    1509    1542    1447    1524    1449    1511    1504    1466    1442    1500
    1422    1419    1364    1364    1335    1324    1257    1293    1337    1347
    1271    1334    1341    1338    1233    1343    1303    1354    1240    1317
    1347    1226    1245    1356    1249    1297    1287    1259    1285    1299
    1260    1312    1268    1324    1256    1260    1350    1254    1240    1227
    1278    1264    1266    1286    1352    1333    1256    1296    1351    1392
    1241    1334    1252    1374    1262    1328    1349    1349    1283    1336
    1308    1334    1298    1324    1292    1355    1273    1331    1282    1302
    1263    1335    1306    1303    1227    1230    1244    1255    1166    1248
    1239    1279    1199    1268    1255    1306    1234    1284    1231    1272
    1151    1201    1227    1256    1180    1246    1218    1229    1186    1200
    1218    1254    1259    1262    1195    1280    1164    1202    1223    1286
    1200    1258    1290    1306    1194    1271    1264    1378    1254    1385
    1388    1395    1394    1377    1425    1490    1424    1513    1530    1652
    1454    1574    1580    1642    1546    1632    1553    1522    1526    1544
    1545    1507    1442    1463    1436    1380    1311    1313    1320    1346
    1302    1317    1224    1274    1249    1232    1163    1152    1184    1138
    1142    1199    1100    1195    1157    1225    1085    1189    1149    1244
    1144    1202    1134    1174    1148    1120    1185    1158    1133    1120
    1102    1166    1127    1148    1189    1225    1176    1157    1136    1223
    1117    1210    1152    1277    1173    1190    1187    1217    1253    1200
    1278    1209    1204    1164    1287    1354    1244    1290    1357    1395
    1278    1318    1289    1319    1244    1391    1243    1329    1230    1233
    1253    1249    1221    1243    1184    1183    1071    1200    1137    1155
    1075    1094    1105    1129    1082    1045    1122    1073    1105    1070
    1096    1080     986    1108    1119    1106    1053    1122    1053    1053
    1099    1020    1040    1101    1040    1094    1108    1059    1021    1042
    1039    1080     996    1037     999    1080    1057    1089    1016    1108
    1056    1090    1060    1167    1067    1086    1111    1104    1108    1068
    1102    1096    1049    1074    1066    1070    1042    1151    1159    1093
    1080    1135    1068    1167    1072    1054    1147    1094    1036    1066
    1050    1096     993    1022    1128    1133    1002    1010    1053     993
     991    1027    1071    1062     989    1016     976    1032     960    1003
     991    1043     965     998     961     983     978     936     985     978
     970     930    1007     997     936     933    1072    1001     946     974
     988    1002     937     980     935     984     963     901    1013     921
     911    1009     961    1011     983     908     979     994     995     993
     935    1032     871     934     968    1015     904     984    1026     938
     938     914     942    1032     980     929     977     983     946    1012
     978    1043     972    1043     980    1024     930     991    1002     970
     950     950    1005     996     872     957     967     953     879     960
     954     949     890     952     914     962     918     964     939     976
     939     887     934     930     858     980     931     939     878     926
     940     894     894     888     875    1002     910     887     918     927
     859     867     963     936     919     934     940     895     851     895
     993     959     893     886     936     918     863     889     920     953
     889     879     955     890     839     941     961     933     845     873
     897     916     900     931     923     912     887     944     862     942
     856     864     962     881     874     884     871     864     879     915
     891     899     918     868     908     887     900     887     917     874
     943     896     917     887     893     908     942     912     824     876
     880     899     851     851     901     831     846     876     888     858
     848     896     900     879     858     834     882     953     865     828
     857     918     917     917     950     942     897     861     946     889
     900     845     890     856     886     885     893     893     855     893
     867     917     901     903     899     911     883     876     909     953
     853     917     930     874     895     862     863     944     859     811
     928     926     888     907     863     907     888     883     906     941
     878     861     882     958     875     877     954     925     828     925
     927     924     857     891     986     983     879     888     946     903
     983     882    1037     919     912     993     939     947     915     951
     978     972     950     939    1020    1005     982    1002     970    1007
     981     970    1030     978     988    1015    1024    1101    1015    1079
    1024    1105    1032    1019    1117    1052    1043    1102    1137    1138
    1101    1097    1080    1227    1044    1053    1139    1147    1127    1225
    1270    1311    1204    1168    1242    1258    1210    1257    1339    1368
    1318    1343    1361    1387    1400    1386    1530    1626    1449    1494
    1635    1656    1641    1693    1731    1908    1806    1959    1965    2090
    2065    2073    2295    2268    2284    2449    2428    2693    2680    2707
    2843    3046    3019    3177    3251    3529    3397    3508    3929    3897
    3877    4049    4235    4326    4315    4505    4758    4877    4682    4859
    5196    5337    5040    5343    5471    5577    5395    5617    5769    5753
    5703    5767    6113    5909    5806    5996    6004    6036    5846    5618
    6442    5995    5584    5770    5519    5646    5276    5475    5433    5294
    4930    4978    4956    4929    4676    4633    4469    4500    4102    4204
    4052    3942    3577    3540    3497    3390    3281    3098    3096    2904
    2812    2701    2747    2643    2322    2334    2314    2294    2137    2100
    1934    1925    1805    1805    1795    1672    1611    1555    1589    1545
    1464    1456    1389    1422    1402    1367    1442    1310    1397    1391
    1413    1514    1442    1395    1747    1605    1597    1694    1782    1886
    1827    1970    2160    2161    2157    2221    2373    2559    2499    2523
    2599    2778    2639    2796    2809    2894    2803    2828    2806    2796
    2622    2600    2613    2626    2410    2330    2461    2259    2036    2011
    2009    1837    1794    1705    1670    1565    1398    1287    1275    1278
    1076    1059    1029     997     921     933     885     907     737     803
     824     794     789     762     868     758     832  426106
