$Informacoes da Fluorescencia de Raios-X:
"Sample    : GPE-136",                                                                    
"Operator  : LUIS",                                                                       
"Comment  : ",                                                                            
"Group     : thiago_acra2010ma",                                                          
"Date       : 2010-11-16 22:10:16",                                                       
"",                                                                                       
"Mesurement Condition",                                                                   
"------------------------------------------------------------------------------------",   
"Instrument : 700HS2   Atmosphere : Vac.   Collimator : 10(mm)   Spin : No",              
"------------------------------------------------------------------------------------",   
"Analyte               TG kV   uA      FI Acq.(keV)  Anal.(keV)  Time(sec)     DT(%)",    
"------------------------------------------------------------------------------------",   
"Na                    Rh 50 1000-Auto Al  0 - 20    0.8 - 1.2   Live -  960   15",       
"Channel_info_start",                                                                     
"Channel : Na",                                                                           
"Points : 2048
"Range : 0.000000 - 20.480000",                                                           
"Step : 0.010000",                                                                        
"Channel_info_end",                                                                       
$DATA:
       0    2047
       0       0       0       0       0       0       0       0       0    2048
       0       0       0       0       0       0       0       0       0       0
       0       0       0       0       0       0       0       0       0       0
       0       0       0       0       0       0       0       3       4      11
      66     209     229     240     224     234     235     188     175     228
     218     194     212     226     213     208     222     242     184     241
     254     218     234     267     210     249     250     237     245     253
     247     263     267     276     266     292     274     322     279     278
     271     297     268     258     234     220     246     231     220     262
     244     301     305     309     316     364     353     411     378     426
     381     385     335     320     313     297     269     255     269     236
     274     267     254     250     244     242     251     241     274     282
     228     258     244     238     218     224     215     239     213     251
     264     271     295     311     346     280     301     304     287     274
     303     273     232     280     277     262     230     268     271     270
     282     334     386     482     457     572     635     660     732     767
     728     813     803     800     770     758     752     702     617     607
     548     540     515     528     522     611     690     867    1023    1373
    1373    1655    1741    1978    1882    2077    1796    1789    1581    1516
    1155    1074     807     754     564     497     394     429     409     410
     372     444     393     423     442     492     470     506     533     538
     516     603     515     517     476     478     414     446     356     346
     365     301     334     390     338     360     375     396     394     452
     500     623     693     843     961    1115    1284    1530    1587    1839
    1831    1854    1840    1848    1708    1632    1413    1285    1025     965
     831     746     675     615     641     605     639     721     783     975
    1180    1539    2015    2758    3357    5031    5604    7350    8324    9781
   10602   11676   11445   12236   11392   11200    9681    9005    7577    6483
    4963    4227    2910    2463    1951    1635    1418    1394    1372    1365
    1450    1546    1455    1512    1424    1320    1172    1201    1060     972
     789     724     598     554     464     484     420     456     371     438
     401     445     411     440     420     458     448     490     460     499
     465     526     537     642     658     849     989    1342    1739    2687
    3334    4935    6071    8643   10576   13781   15727   19293   21086   24134
   24181   26056   25856   26412   23729   23715   19634   17945   14334   12320
    9505    7335    5301    3987    2856    2177    1549    1327    1182    1267
    1322    1686    1899    2377    2586    3235    3542    4342    4845    5790
    6441    7333    7894    9162    9857   11174   11338   12567   12146   12907
   11940   11753   10737   10229    8683    7649    6539    5288    4042    3204
    2371    1799    1295    1002     762     602     492     490     468     470
     530     675     684     894     909    1106    1224    1398    1460    1629
    1550    1802    1571    1706    1605    1530    1300    1257    1115    1036
     881     701     642     598     493     483     424     405     357     330
     314     369     323     367     362     366     363     371     374     381
     379     403     354     403     397     426     424     461     500     615
     633     737     796     839     967    1126    1133    1349    1307    1457
    1427    1453    1359    1428    1240    1259    1145    1056     965     888
     835     749     656     688     604     597     526     570     546     561
     542     586     582     560     533     552     643     586     601     585
     661     670     646     650     648     677     728     757     721     787
     764     764     767     767     765     761     726     774     671     701
     699     673     637     652     673     664     656     581     644     647
     591     690     603     724     655     671     675     677     637     688
     620     692     679     749     678     697     719     718     726     765
     718     788     799     890     862     936     942     981     945    1097
    1027    1053    1021    1040    1075    1059    1003    1069    1024     950
     945     957     894    1001     838     906     851     924     866     979
     868     913     877     894     912     885     946     953     978    1000
     990     999     953    1022    1069    1085    1044    1163    1144    1266
    1337    1455    1359    1561    1592    1736    1575    1835    1799    1792
    1810    1864    1759    1820    1657    1654    1500    1476    1417    1447
    1354    1339    1269    1282    1191    1235    1220    1194    1169    1262
    1169    1226    1147    1283    1254    1305    1282    1317    1300    1370
    1438    1513    1603    1707    1914    2235    2361    2752    3234    3722
    4035    4930    5454    6159    6461    7220    7843    8469    8162    9169
    8392    8720    7881    7909    7311    6784    6097    5638    4934    4416
    3645    3409    2825    2636    2229    2215    1898    1822    1678    1620
    1553    1522    1490    1568    1508    1543    1466    1439    1454    1570
    1471    1587    1514    1564    1420    1528    1522    1599    1435    1672
    1495    1523    1528    1539    1603    1722    1543    1718    1700    1719
    1638    1832    1847    1883    1844    2074    2112    2173    2148    2313
    2351    2504    2329    2558    2556    2549    2449    2589    2457    2435
    2164    2300    2226    2083    1956    1938    1912    1833    1678    1802
    1692    1675    1626    1610    1663    1618    1613    1701    1685    1636
    1588    1584    1624    1689    1555    1687    1714    1658    1661    1664
    1667    1736    1665    1765    1707    1838    1701    1793    1681    1733
    1632    1764    1713    1852    1602    1677    1697    1680    1619    1597
    1635    1681    1623    1596    1638    1634    1565    1635    1705    1714
    1555    1609    1605    1686    1622    1685    1728    1691    1557    1727
    1652    1765    1652    1795    1672    1809    1647    1809    1745    1786
    1717    1854    1928    1936    1865    1912    1939    2024    2031    2072
    2068    2139    1978    2134    2073    2109    1981    2030    1958    1939
    1795    1840    1760    1812    1663    1727    1607    1687    1554    1628
    1567    1552    1474    1520    1581    1584    1520    1535    1526    1581
    1557    1613    1548    1616    1414    1461    1553    1573    1524    1560
    1425    1567    1478    1505    1529    1578    1548    1592    1528    1689
    1512    1650    1696    1751    1680    1758    1808    1916    1874    1976
    1931    1987    1906    1951    1883    1967    1864    1828    1766    1854
    1716    1735    1771    1656    1525    1639    1531    1521    1499    1587
    1516    1482    1507    1519    1453    1463    1418    1449    1487    1530
    1424    1533    1474    1510    1408    1536    1468    1505    1349    1498
    1490    1490    1388    1420    1382    1530    1374    1403    1405    1439
    1416    1475    1324    1456    1404    1416    1412    1425    1383    1436
    1369    1466    1360    1464    1406    1425    1314    1518    1492    1421
    1374    1380    1389    1452    1384    1309    1378    1471    1359    1409
    1362    1462    1384    1445    1458    1451    1424    1447    1407    1576
    1416    1425    1453    1455    1369    1425    1465    1537    1393    1376
    1535    1514    1465    1453    1442    1440    1411    1434    1405    1435
    1358    1454    1424    1379    1357    1516    1346    1465    1309    1458
    1337    1398    1314    1360    1370    1383    1350    1454    1466    1414
    1348    1364    1441    1404    1375    1422    1338    1380    1338    1382
    1376    1394    1327    1381    1382    1428    1352    1365    1424    1378
    1358    1432    1341    1352    1315    1352    1304    1387    1439    1419
    1455    1442    1274    1437    1298    1460    1377    1340    1382    1399
    1337    1406    1369    1403    1368    1407    1420    1480    1297    1506
    1361    1397    1372    1427    1425    1383    1345    1489    1403    1443
    1351    1439    1414    1489    1350    1491    1406    1438    1367    1434
    1431    1489    1387    1368    1457    1486    1374    1419    1397    1377
    1383    1427    1342    1432    1314    1443    1415    1409    1340    1411
    1409    1453    1365    1404    1432    1485    1375    1423    1376    1449
    1371    1421    1461    1419    1306    1480    1397    1472    1413    1364
    1400    1406    1467    1466    1366    1517    1290    1413    1438    1434
    1351    1410    1470    1476    1333    1402    1367    1402    1357    1400
    1505    1474    1403    1411    1377    1442    1383    1424    1375    1437
    1346    1457    1302    1446    1346    1449    1390    1505    1416    1422
    1442    1406    1409    1398    1381    1474    1358    1333    1383    1451
    1350    1514    1418    1426    1329    1374    1357    1373    1311    1359
    1374    1345    1325    1376    1394    1428    1370    1413    1303    1400
    1379    1436    1432    1405    1412    1477    1426    1542    1432    1493
    1481    1534    1462    1503    1479    1654    1533    1582    1513    1696
    1473    1610    1556    1617    1463    1464    1474    1481    1467    1450
    1425    1480    1355    1401    1380    1406    1361    1301    1240    1383
    1179    1283    1276    1292    1321    1348    1314    1323    1273    1335
    1309    1309    1285    1336    1309    1276    1234    1261    1274    1291
    1229    1342    1272    1346    1242    1280    1245    1266    1210    1218
    1317    1274    1182    1236    1338    1257    1272    1276    1294    1287
    1209    1239    1251    1326    1302    1167    1246    1306    1232    1231
    1334    1295    1215    1313    1225    1307    1304    1172    1240    1248
    1178    1248    1271    1312    1191    1185    1200    1245    1224    1267
    1277    1205    1229    1189    1178    1274    1175    1246    1183    1215
    1188    1228    1183    1228    1165    1242    1195    1250    1129    1190
    1206    1230    1214    1220    1191    1317    1156    1211    1230    1267
    1177    1244    1211    1222    1253    1279    1274    1286    1241    1344
    1302    1329    1292    1402    1340    1432    1394    1392    1471    1519
    1481    1536    1498    1534    1467    1516    1534    1559    1444    1500
    1457    1446    1417    1445    1445    1345    1285    1388    1286    1373
    1239    1229    1280    1233    1216    1242    1228    1212    1154    1220
    1292    1187    1137    1146    1151    1145    1114    1187    1195    1152
    1128    1136    1191    1186    1169    1115    1199    1119    1085    1184
    1182    1170    1118    1125    1116    1213    1099    1201    1194    1231
    1102    1160    1135    1190    1157    1152    1196    1188    1131    1155
    1221    1204    1142    1181    1227    1203    1214    1173    1270    1243
    1240    1269    1282    1291    1248    1313    1218    1280    1195    1190
    1200    1149    1203    1201    1200    1213    1119    1150    1133    1119
    1039    1127    1143    1091    1063    1110    1074    1135     985    1149
    1130    1114    1047    1093    1101    1145    1056    1080    1041    1163
    1002     981    1071    1116    1076    1098    1045    1120    1013    1160
    1045    1041    1075    1011    1034    1130    1022    1053    1051    1082
    1017    1067    1083    1020    1058    1095    1047    1030    1017    1100
    1072    1016    1051    1108    1064    1104    1022    1116    1113    1070
     987    1090    1117    1118    1016    1043    1034    1059     967    1060
    1068    1035     991     988    1117    1054    1022    1069    1001    1057
     986    1021    1033    1028     959     977    1041    1064     969    1063
    1010    1008    1012    1009    1023     969     983     918     985     990
     964    1026    1017     983     938     902    1030    1013     985     957
     986     969     932     940    1018    1031    1000    1005     991     955
     946     946     915     987     948     883     972     947     924     959
    1022     959    1009     957    1029     983     898     956    1044    1040
     976     965     929    1031     956    1019     988     993     942     926
     995     996     937     989    1000     997     926     985    1024     985
     919     941     933    1006     911    1000     982     945     939     900
     956     936     930     965     977    1025     956     895     947     961
     940     945     885     967     890     918     897     943     869     912
     948     962     971     904     948     877     911     896     918     965
     920     907     968     913     815     901     873     918     869     884
     917     936     883     866     938     883     912     893     928     874
     953     955     907     931     850     929     940     944     936     921
     995     902     890     862     921     923     836     894     944     890
     904     896     909     916     919     907     935     919     882     880
     918     956     881     863     881     910     878     863     866     935
     848     930     870     875     799     848     946     881     875     907
     895     837     853     893     898     895     862     884     860     897
     874     854     854     855     855     927     911     925     863     889
     892     860     833     891     903     914     875     843     939     909
     863     929     896     899     837     923     867     902     853     917
     884     951     874     909     853     944     865     880     852     910
     886     898     910     919     887     924     907     920     852     902
     958     945     878     876     931     935     871     886     881     978
     892     901     904     940     925     883     973     956     877     958
     926     977     944     959     926     924     894     959     974     939
     927     911    1102     950     902     942     970     963     956     901
    1014    1015     957    1040    1006     965     951     991    1027    1017
     977    1022     997    1017     967    1035    1016    1039    1025    1076
    1051    1100    1035    1017    1067    1098    1055    1106    1087    1076
    1082    1164    1190    1215    1062    1158    1205    1149    1195    1229
    1171    1218    1134    1207    1265    1271    1322    1266    1296    1405
    1304    1406    1442    1522    1380    1521    1589    1595    1499    1586
    1613    1622    1598    1707    1746    1885    1804    1908    1986    2024
    2101    2128    2176    2361    2350    2512    2638    2663    2623    2758
    2923    2978    3031    3135    3314    3387    3385    3496    3939    3991
    3875    4039    4199    4360    4303    4360    4788    4787    4778    4789
    5072    5186    5120    5283    5413    5554    5391    5555    5735    5958
    5502    5569    6035    5958    5771    5886    5961    5990    5707    5629
    6299    5929    5507    5683    5677    5672    5294    5358    5350    5423
    4932    5096    4963    4990    4563    4617    4432    4575    4166    4175
    4037    3915    3744    3562    3679    3509    3205    3191    3161    3084
    2758    2823    2841    2671    2413    2321    2300    2206    2124    2034
    2044    1961    1788    1868    1793    1718    1623    1574    1567    1562
    1474    1457    1429    1408    1398    1398    1455    1406    1370    1409
    1439    1521    1481    1471    1683    1646    1626    1658    1798    1950
    1838    1981    2108    2257    2260    2370    2390    2594    2522    2706
    2734    2752    2659    2902    2874    2904    2736    2956    3002    3058
    2710    2711    2743    2698    2528    2307    2533    2333    2178    2163
    2080    2040    1820    1740    1643    1613    1390    1377    1297    1307
    1119    1095    1050    1046     921     930     879     881     794     860
     833     874     743     755     775     811     806  427447
