$Informacoes da Fluorescencia de Raios-X:
"Sample    : GPE-108",                                                                    
"Operator  : Luis",                                                                       
"Comment  : ",                                                                            
"Group     : thiago_acra2010ma",                                                          
"Date       : 2010-11-16 12:10:33",                                                       
"",                                                                                       
"Mesurement Condition",                                                                   
"------------------------------------------------------------------------------------",   
"Instrument : 700HS2   Atmosphere : Vac.   Collimator : 10(mm)   Spin : No",              
"------------------------------------------------------------------------------------",   
"Analyte               TG kV   uA      FI Acq.(keV)  Anal.(keV)  Time(sec)     DT(%)",    
"------------------------------------------------------------------------------------",   
"Na                    Rh 50 1000-Auto Al  0 - 20    0.8 - 1.2   Live -  960   10",       
"Channel_info_start",                                                                     
"Channel : Na",                                                                           
"Points : 2048
"Range : 0.000000 - 20.480000",                                                           
"Step : 0.010000",                                                                        
"Channel_info_end",                                                                       
$DATA:
       0    2047
       0       0       0       0       0       0       0       0       0    2048
       0       0       0       0       0       0       0       0       0       0
       0       0       0       0       0       0       0       0       0       0
       0       0       0       0       0       0       0       4       7       2
      65     178     154     191     167     197     184     172     158     197
     177     192     171     159     164     145     164     167     152     172
     177     170     172     163     167     185     189     184     180     233
     207     251     268     293     289     376     365     359     373     376
     315     362     286     280     259     216     181     182     193     158
     159     165     168     159     151     169     160     167     163     152
     155     168     151     165     142     163     178     161     157     183
     135     183     137     173     150     166     159     171     146     169
     140     161     156     178     159     158     156     170     162     163
     147     147     150     166     151     152     137     170     143     162
     152     153     148     175     173     149     152     138     143     143
     168     183     165     195     148     188     159     189     177     196
     173     177     179     163     170     171     166     154     161     177
     141     147     155     149     159     134     158     163     192     166
     160     207     234     221     220     269     210     231     204     210
     180     192     165     157     161     171     149     155     138     145
     128     165     138     148     145     163     146     138     142     147
     138     138     135     131     140     120     124     145     146     156
     113     122     124     111     142     129     113     124     109     144
     135     143     114     131     127     147     135     130     108     122
     140     162     144     147     137     141     122     134     133     134
     143     119     141     136     114     118     119     129     135     116
     112     120     119     122     129     139     108     133     126     143
     119     153     146     159     182     192     157     179     149     195
     176     177     160     180     157     145     163     166     153     169
     161     185     181     185     166     175     185     163     169     186
     166     142     143     171     172     150     145     151     145     139
     159     140     111     143     115     135     116     144     138     135
     114     147     130     114     149     155     134     150     140     150
     140     133     144     146     172     156     157     168     170     189
     201     188     199     190     208     186     184     181     176     182
     170     189     132     152     144     169     141     161     151     144
     171     163     176     182     172     202     237     284     308     415
     449     592     680     839     966    1113    1147    1264    1306    1435
    1300    1284    1270    1232    1033     983     852     689     620     524
     426     334     293     296     232     224     217     235     196     241
     232     264     236     306     244     283     344     348     316     383
     357     387     384     393     384     383     360     382     331     359
     331     318     306     324     291     311     311     323     273     273
     300     307     308     321     317     319     332     324     331     326
     299     330     335     342     303     345     316     331     338     348
     337     342     323     373     371     383     396     389     426     418
     421     444     426     440     427     449     423     446     395     423
     422     478     439     491     412     462     444     497     469     495
     473     476     464     510     503     511     521     525     494     516
     538     558     478     534     510     543     579     549     515     556
     473     507     551     552     510     583     514     568     551     517
     502     537     532     528     488     562     537     579     573     562
     571     630     525     575     556     610     577     603     593     620
     620     651     585     627     581     603     613     630     634     646
     647     702     715     752     681     751     742     768     707     763
     750     772     794     801     821     820     724     835     834     835
     761     804     715     832     764     823     788     785     810     830
     801     884     736     816     835     877     805     841     855     864
     845     891     862     872     824     900     881     932     854     895
     991     891     912    1024     951     977     918    1026     950     972
     945    1017     927    1031     970    1018    1026     983    1001    1070
    1035    1072    1020    1076     984    1026     999    1055    1032    1131
     979    1073    1119    1103    1091    1173    1080    1119    1086    1163
    1119    1233    1143    1266    1112    1181    1117    1181    1306    1329
    1250    1341    1437    1366    1388    1485    1415    1517    1467    1637
    1464    1556    1434    1549    1470    1523    1383    1439    1396    1457
    1357    1385    1344    1468    1296    1386    1309    1374    1272    1357
    1366    1372    1377    1367    1337    1369    1378    1372    1202    1386
    1391    1436    1428    1473    1395    1424    1342    1448    1384    1491
    1435    1514    1342    1484    1390    1459    1409    1466    1458    1551
    1454    1485    1439    1579    1438    1508    1468    1515    1448    1506
    1468    1514    1470    1500    1522    1530    1430    1553    1437    1568
    1435    1485    1477    1565    1393    1526    1515    1583    1464    1551
    1488    1549    1464    1581    1457    1548    1394    1562    1536    1437
    1461    1459    1478    1506    1425    1494    1539    1475    1494    1510
    1511    1494    1487    1460    1500    1550    1482    1525    1542    1522
    1496    1575    1551    1508    1494    1571    1536    1490    1428    1533
    1461    1515    1417    1489    1436    1612    1460    1610    1511    1545
    1486    1527    1486    1610    1509    1628    1468    1591    1491    1504
    1455    1558    1504    1596    1435    1648    1596    1589    1546    1677
    1558    1636    1719    1705    1696    1811    1812    1888    1737    1899
    1750    1915    1843    1913    1855    1846    1779    1791    1688    1867
    1657    1656    1638    1588    1586    1566    1452    1520    1416    1405
    1439    1400    1403    1335    1379    1413    1322    1337    1296    1341
    1317    1414    1382    1373    1314    1377    1268    1307    1294    1350
    1331    1348    1320    1400    1339    1390    1336    1440    1367    1446
    1354    1455    1457    1455    1394    1559    1474    1560    1546    1601
    1516    1593    1596    1613    1666    1655    1561    1543    1539    1583
    1380    1477    1430    1504    1380    1408    1407    1345    1304    1365
    1367    1339    1309    1357    1332    1326    1299    1362    1305    1319
    1323    1260    1340    1388    1265    1385    1352    1355    1240    1283
    1224    1353    1234    1332    1289    1353    1180    1317    1208    1285
    1188    1302    1256    1291    1212    1261    1221    1283    1234    1277
    1269    1276    1257    1272    1186    1259    1207    1226    1256    1293
    1150    1219    1190    1207    1207    1227    1241    1241    1239    1263
    1250    1249    1233    1223    1230    1272    1251    1179    1231    1284
    1310    1290    1167    1312    1215    1257    1249    1281    1234    1259
    1313    1276    1188    1227    1232    1299    1211    1248    1268    1179
    1215    1243    1182    1283    1168    1284    1192    1241    1178    1218
    1207    1224    1144    1204    1190    1265    1088    1210    1175    1246
    1147    1196    1229    1241    1163    1176    1149    1213    1119    1213
    1217    1255    1174    1171    1233    1234    1219    1227    1200    1188
    1129    1198    1202    1252    1225    1165    1178    1210    1096    1182
    1248    1218    1179    1232    1152    1216    1185    1290    1239    1197
    1223    1213    1165    1243    1221    1172    1189    1266    1187    1224
    1174    1250    1223    1292    1163    1284    1154    1268    1219    1215
    1141    1217    1158    1262    1162    1267    1229    1247    1128    1258
    1224    1215    1165    1183    1269    1277    1140    1264    1187    1245
    1237    1295    1257    1305    1167    1277    1255    1300    1192    1275
    1217    1224    1244    1289    1264    1304    1210    1249    1261    1301
    1189    1308    1243    1242    1223    1275    1289    1287    1219    1268
    1266    1306    1186    1326    1200    1248    1209    1228    1281    1248
    1196    1235    1257    1278    1215    1313    1258    1323    1242    1267
    1236    1304    1200    1234    1201    1277    1205    1276    1243    1250
    1277    1221    1280    1311    1169    1327    1175    1293    1241    1233
    1252    1278    1207    1257    1274    1241    1135    1284    1264    1267
    1264    1284    1213    1249    1180    1243    1203    1314    1154    1222
    1285    1278    1199    1238    1221    1221    1204    1265    1171    1235
    1207    1219    1208    1239    1153    1206    1155    1214    1109    1271
    1176    1211    1198    1193    1150    1247    1148    1202    1182    1250
    1177    1179    1148    1164    1123    1099    1191    1172    1154    1207
    1166    1183    1141    1167    1169    1129    1117    1141    1165    1166
    1066    1164    1124    1129    1074    1190    1138    1190    1109    1150
    1146    1156    1077    1105    1184    1111    1114    1124    1141    1149
    1048    1125    1146    1171    1084    1150    1088    1165    1019    1114
    1106    1144    1109    1101    1145    1159    1058    1135    1185    1187
    1088    1113    1143    1138    1058    1109    1153    1149    1042    1084
    1091    1054    1056    1144    1068    1197    1048    1096    1043    1096
    1055    1124    1188    1140    1086    1106    1060    1119    1049    1179
    1085    1157    1045    1092    1031    1108    1061    1119    1055    1092
    1054    1033    1053    1090     999    1126    1061    1042    1019    1052
    1090    1110    1075    1066    1137    1132    1015    1015    1073    1102
    1090    1084    1092    1121    1044    1056    1032    1114    1080    1009
    1109    1096    1034    1058    1005    1114    1060    1100    1055    1049
    1015    1083    1066    1008    1055     997    1089    1121    1026    1025
    1145    1139     977    1049    1046    1110     977    1031    1054    1126
    1016    1069    1073    1025     970    1043    1016     987    1035    1059
    1022    1055     901    1041    1007    1071     997    1014    1019    1064
     976     977    1026    1050    1060    1036    1058    1029     954    1020
    1021    1053     969    1023    1025    1058     981    1013    1029     983
    1003     985    1023     976     949     985    1034    1038     962    1022
    1065    1027     969     968    1039     982    1022    1000     983     976
     936    1025     977    1032     978    1076     998     981     932     996
     957     982    1020    1035     916    1045     963     963     961     995
     877     936     899    1019     915     980     981     925     987    1004
     983     980     897    1002     923     979     920     904     965     977
     895     936     976     943     944     967     924     900     895     922
     906     954     846     894     946     925     909     969     957     995
     889     889     973     940     944     899     908     937     895     867
     944     939     807     943     859     915     905     870     892     932
     876     870     940     847     898     860     892     930     849     901
     924     938     854     854     963     892     898     925     901     895
     807     846     937     839     934     877     980     910     848     915
     886     897     815     838     862     886     842     880     818     886
     845     876     857     902     861     830     940     916     845     897
     870     887     789     877     845     870     808     866     848     846
     864     894     868     894     829     855     855     889     813     804
     885     877     789     788     821     853     839     838     878     881
     844     884     837     876     824     845     892     822     830     890
     808     860     800     871     802     848     873     823     837     849
     828     826     859     774     844     843     831     786     763     832
     796     828     791     821     861     829     808     836     829     850
     775     815     819     834     797     788     828     787     798     800
     789     856     785     774     813     792     824     782     820     765
     773     792     845     809     735     826     828     848     848     824
     822     795     767     789     778     776     752     840     808     799
     788     769     805     817     805     795     818     766     793     805
     818     813     807     819     794     807     775     772     790     805
     779     789     824     760     756     754     827     785     828     838
     808     789     718     804     749     807     801     760     811     824
     746     773     807     797     775     742     897     850     787     778
     758     788     744     771     772     831     764     744     788     827
     770     839     816     819     772     829     785     872     820     765
     807     812     760     752     815     827     796     764     843     802
     804     788     814     822     796     809     843     797     759     779
     777     785     759     798     766     823     754     802     802     816
     816     813     854     824     803     806     802     811     746     794
     833     844     794     825     828     870     816     873     829     801
     866     829     815     847     777     787     855     881     797     860
     831     810     792     842     886     814     853     855     850     894
     837     800     936     882     853     905     841     932     838     883
     901     894     848     864     868     911     849     934     905     963
     841     921     892     907     903     903     927     970     934     909
    1004     952     940    1014     962    1003     954     974    1002    1036
     978    1009    1076    1020    1039    1051    1048    1098    1062    1121
    1118    1147    1086    1131    1124    1217    1174    1146    1209    1185
    1223    1210    1316    1326    1327    1359    1410    1385    1368    1484
    1504    1516    1571    1644    1657    1743    1625    1733    1886    1894
    1818    1971    2100    2183    2062    2238    2255    2409    2441    2540
    2648    2788    2664    2882    3019    3189    3035    3117    3544    3605
    3323    3615    3778    3874    3877    3995    4166    4293    4104    4477
    4538    4682    4484    4607    4944    4949    4745    4838    5116    5052
    4766    4941    5366    5281    5008    5106    5237    5149    5071    4875
    5405    5051    4864    4906    4835    4926    4675    4606    4762    4629
    4320    4388    4315    4197    4049    4089    3962    3855    3662    3621
    3559    3525    3248    3226    3206    3169    2825    2822    2727    2672
    2423    2390    2475    2391    2168    2100    2091    1988    1904    1894
    1855    1793    1615    1642    1623    1560    1417    1413    1419    1395
    1283    1270    1311    1319    1251    1267    1282    1291    1200    1220
    1360    1366    1274    1336    1597    1557    1517    1621    1664    1791
    1796    1874    1992    2103    2073    2120    2249    2296    2332    2322
    2441    2654    2525    2679    2729    2663    2534    2697    2729    2581
    2474    2554    2480    2395    2268    2101    2276    2072    1870    1843
    1799    1629    1644    1485    1454    1333    1221    1245    1156    1032
     960     997     964     857     867     758     813     795     745     750
     768     727     667     716     761     738     733  379188
