$Informacoes da Fluorescencia de Raios-X:
"Sample    : GPE-190",                                                                    
"Operator  : LUIS",                                                                       
"Comment  : ",                                                                            
"Group     : thiago_acra2010ma",                                                          
"Date       : 2010-11-17 20:39:42",                                                       
"",                                                                                       
"Mesurement Condition",                                                                   
"------------------------------------------------------------------------------------",   
"Instrument : 700HS2   Atmosphere : Vac.   Collimator : 10(mm)   Spin : No",              
"------------------------------------------------------------------------------------",   
"Analyte               TG kV   uA      FI Acq.(keV)  Anal.(keV)  Time(sec)     DT(%)",    
"------------------------------------------------------------------------------------",   
"Na                    Rh 50 1000-Auto Al  0 - 20    0.8 - 1.2   Live -  959   12",       
"Channel_info_start",                                                                     
"Channel : Na",                                                                           
"Points : 2048
"Range : 0.000000 - 20.480000",                                                           
"Step : 0.010000",                                                                        
"Channel_info_end",                                                                       
$DATA:
       0    2047
       0       0       0       0       0       0       0       0       0    2048
       0       0       0       0       0       0       0       0       0       0
       0       0       0       0       0       0       0       0       0       0
       0       0       0       0       0       0       1       5       4       7
      76     168     179     158     148     163     148     176     133     157
     164     176     151     152     124     134     151     176     131     153
     147     158     145     154     156     154     183     195     182     190
     197     196     183     252     291     301     293     301     297     316
     282     284     240     244     183     195     186     173     143     160
     133     173     138     165     153     176     145     172     150     143
     164     163     151     148     153     162     122     171     145     150
     156     157     170     148     143     173     146     137     159     144
     146     147     143     153     163     189     151     149     148     173
     196     231     214     231     261     243     202     291     243     245
     227     221     219     215     176     210     217     269     226     337
     428     600     702    1101    1240    1536    1794    2036    2113    2310
    2089    2113    1913    1721    1404    1198     971     789     575     543
     453     457     428     554     780    1093    1478    2302    2842    3955
    4450    5687    6326    6985    7095    7611    6633    6437    5355    4642
    3851    3065    2159    1616    1181     931     658     475     448     376
     379     316     284     309     248     273     250     276     232     259
     266     254     228     228     202     215     200     207     163     167
     140     167     173     155     133     140     171     170     178     164
     165     171     208     251     252     325     380     361     446     436
     457     516     475     488     469     462     394     305     269     270
     227     201     164     176     177     170     146     182     189     198
     199     233     296     343     412     578     605     792     933    1024
    1173    1298    1298    1322    1233    1268    1042    1010     836     770
     565     515     405     399     349     296     287     328     266     306
     312     306     300     323     304     316     265     269     279     235
     205     202     190     220     200     199     195     171     158     159
     172     173     169     206     166     197     171     199     193     186
     194     208     222     207     229     244     270     340     369     527
     698     899    1158    1511    1963    2610    2986    3695    3974    4705
    4737    5213    5162    5075    4612    4517    3727    3334    2596    2254
    1724    1353     979     758     545     442     394     350     333     335
     405     476     490     615     696     869    1096    1283    1567    2034
    2445    3055    3551    4239    4891    5637    6047    6846    6780    7376
    6736    6734    6287    5880    4865    4331    3412    2939    2065    1700
    1348     937     637     547     403     330     319     270     303     315
     329     397     427     518     571     694     740     888     927    1054
     992    1064     975    1051     966     872     876     769     722     627
     543     435     404     369     311     325     306     282     289     264
     262     255     268     271     282     280     274     275     283     293
     276     339     287     331     362     402     431     542     573     782
     927    1178    1384    1658    2054    2331    2547    2939    3290    3422
    3387    3640    3453    3397    3019    2827    2565    2356    1879    1697
    1400    1204    1021     956     789     700     663     648     554     561
     517     539     511     519     541     503     513     525     549     567
     580     602     634     692     746     765     779     869     882     913
     923     999     931     971     949     974     886     905     847     853
     808     763     630     633     596     624     591     534     531     527
     485     564     510     591     543     543     569     575     553     563
     586     622     574     577     602     575     570     674     594     655
     685     627     685     732     722     712     698     826     776     846
     843     726     813     829     810     723     755     743     767     774
     674     735     764     767     675     741     727     755     698     773
     694     761     746     752     762     712     719     741     726     767
     743     824     764     820     846     864     846     940     891    1051
    1048    1218    1106    1301    1217    1387    1348    1423    1439    1496
    1438    1502    1440    1438    1349    1341    1237    1259    1124    1141
    1006    1054    1033    1041    1008    1021     974    1000     993    1008
    1021    1069    1039    1070    1052    1059    1149    1254    1262    1493
    1708    1926    2323    3004    3681    4807    5917    7697    9485   12124
   14012   17107   19836   23341   25011   28706   30538   33273   33281   36334
   33472   34586   30769   30306   26912   24859   20953   18944   15681   13582
   10328    8789    6824    5530    4290    3606    2689    2261    1883    1659
    1506    1370    1243    1229    1164    1200    1157    1179    1168    1188
    1134    1172    1151    1241    1159    1192    1197    1302    1190    1252
    1180    1278    1245    1333    1336    1465    1356    1545    1547    1718
    1792    1990    2224    2364    2595    3073    3362    3756    3823    4408
    4717    5107    5041    5502    5636    5485    5136    5298    4858    4907
    4280    4107    3718    3455    2873    2793    2389    2294    1886    1869
    1563    1542    1342    1335    1308    1277    1248    1231    1223    1297
    1191    1202    1184    1235    1179    1210    1265    1249    1219    1231
    1249    1305    1292    1294    1314    1358    1267    1276    1245    1261
    1195    1286    1293    1272    1216    1211    1244    1289    1201    1223
    1202    1145    1197    1204    1140    1188    1125    1269    1242    1244
    1226    1249    1231    1261    1157    1248    1200    1310    1149    1269
    1287    1312    1160    1295    1225    1280    1230    1309    1306    1381
    1249    1389    1418    1413    1436    1472    1458    1605    1494    1520
    1591    1587    1470    1583    1584    1688    1452    1521    1454    1456
    1385    1369    1372    1314    1262    1265    1263    1246    1133    1130
    1179    1140    1069    1105    1166    1113    1128    1126    1135    1106
    1088    1120    1116    1086    1077    1113    1110    1116    1057    1133
    1048    1124    1112    1123    1150    1141    1149    1286    1262    1354
    1229    1382    1401    1624    1626    1501    1675    1774    1791    1928
    1847    1920    1915    1901    1952    1897    1724    1758    1639    1715
    1459    1519    1409    1378    1260    1227    1217    1195    1065    1148
    1166    1099    1100    1077    1152    1092    1056    1052    1068    1075
    1056    1087    1077    1122    1056    1099    1046    1079     973    1010
    1046    1082    1046     991     965    1110    1047    1037    1031    1037
     996    1088     968    1002    1062    1064    1071    1074    1094    1075
     962    1042    1032    1034    1049    1034     973    1022    1018     992
    1007    1023    1073     993     972    1025     973    1063     992    1039
    1079    1057    1029    1100    1049    1042    1028    1079     992    1080
     983    1114    1076    1155    1086    1033    1116    1144    1095    1079
    1130    1162    1056    1078    1051    1050    1025    1014    1007     999
    1000    1037     929    1000     941    1004     935     988     981    1031
     934     991     955     968     975     978     933     971     941     972
     933     991    1013     960     946     936     955     988     951     937
     952    1013     944     965     904     986     972     995     958    1042
     941    1016     979    1040     945     978    1022     961     961     957
    1015     988     906     983     911    1007     947    1028     985     971
     904    1010     974    1044     955     935    1027    1026     936    1030
     940    1017     934    1034    1059    1014     970     956    1023     958
     942    1003    1110    1031    1002    1015    1010    1013    1009    1011
     993    1055    1018    1027    1014    1067     937     987    1024    1011
    1004    1050     998     991     965    1010     951    1015     972     963
     975     999     967    1012     953    1011    1012    1092     967    1002
     951    1049     969    1026     946    1053    1023     998     990    1037
     995    1001     947    1019    1032    1012     973    1010     944    1030
    1010     968     977    1024     972     975    1005     985    1014    1025
    1050    1018    1006    1029     953    1024     982    1010    1014     995
     967    1027    1018     944     997     985    1056    1006     887    1000
     952    1008     991     976     989     992     908     971     989    1014
     975    1055     970    1036     955     975     931    1004     978     966
     911     970     960     980     972     976     924    1014     970    1021
     945     977     967     988     977     925     978     971     943    1006
    1026    1041     911     961     997     962     911     964     934    1043
     907    1042     988     971     924     935     973     957     968     974
     934     950     920     944     963     930     913     910     966    1001
     954     944     921     952     899     850     872     908     849     930
     900     991     858     919     912     968     901     857     903     961
     824     891     913     921     839     829     826     916     872     878
     820     900     894     921     950     913     839     903     855     905
     868     878     908     898     859     894     884     928     911     920
     904     871     851     892     914     903     846     933     910     942
     853     883     902     916     872     870     905     869     882     834
     919     911     849     843     954     891     820     867     851     950
     883     817     878     863     802     885     852     918     828     820
     853     866     866     834     849     865     800     839     831     857
     796     826     840     870     856     847     910     907     819     836
     848     907     883     870     885     892     908     908     897     857
     831     880     914     921     852     914     926     910     852     879
     875     929     793     911     829     905     813     838     853     881
     865     855     837     837     831     832     807     846     799     832
     821     829     804     844     820     837     772     741     816     849
     829     783     858     761     773     864     807     834     790     805
     740     839     773     825     831     803     774     797     773     828
     772     827     813     771     780     843     860     874     746     823
     830     849     871     841     826     838     881     843     898     855
     845     958     795     856     860     876     873     852     799     852
     789     864     813     828     744     832     747     797     759     817
     744     789     855     833     747     767     742     800     755     727
     769     804     750     810     741     773     687     713     771     772
     711     701     741     785     725     741     719     771     712     758
     716     749     761     715     753     757     749     750     724     778
     757     733     748     696     705     743     797     728     732     743
     749     707     731     711     733     781     722     740     738     767
     727     736     770     747     689     743     725     713     703     678
     687     771     714     667     803     735     682     752     642     742
     716     727     697     738     690     736     702     714     679     699
     701     665     693     737     675     722     696     708     724     722
     673     721     665     645     683     682     688     693     629     641
     707     616     701     696     711     686     654     683     711     695
     671     714     675     725     678     676     691     735     686     670
     736     723     683     691     708     761     745     759     738     712
     761     735     739     804     718     725     743     753     660     755
     685     739     711     701     722     730     659     709     684     721
     656     678     673     667     636     692     645     693     681     647
     721     645     598     662     670     678     655     627     669     679
     649     684     664     658     599     656     623     641     614     605
     675     649     652     609     684     678     635     672     664     670
     621     649     695     690     564     641     635     642     656     619
     633     626     651     625     667     674     637     703     664     637
     620     613     639     681     647     656     663     661     632     686
     668     614     645     592     609     671     600     640     644     609
     622     650     604     673     569     639     614     641     571     665
     624     639     614     647     601     639     574     608     637     655
     589     651     591     653     551     590     631     651     597     608
     611     640     597     603     591     649     592     628     564     617
     659     604     620     676     609     646     604     686     613     621
     642     647     620     618     683     641     605     654     650     660
     577     636     644     621     572     604     633     604     592     633
     660     602     626     637     649     642     587     599     614     745
     674     634     666     651     630     648     674     652     659     650
     667     661     586     674     677     716     610     641     678     667
     642     615     664     680     654     630     663     661     634     674
     677     630     660     612     694     704     653     637     659     673
     647     639     775     715     606     697     660     729     673     709
     708     710     701     695     669     751     681     734     703     688
     705     731     740     763     732     730     729     723     711     746
     762     739     741     767     782     727     728     757     773     797
     819     765     777     787     791     764     850     826     850     839
     851     865     816     858     851     902     894     949     931    1005
     949     998    1108    1040    1014    1018    1180    1199    1101    1198
    1241    1237    1267    1216    1285    1398    1293    1429    1437    1451
    1449    1593    1590    1727    1777    1772    1808    1998    2032    2013
    2062    2271    2118    2328    2466    2481    2522    2508    2741    2879
    2673    2897    2957    3132    3043    3082    3320    3281    3204    3404
    3510    3592    3638    3760    3806    3921    3771    3815    3957    3962
    3922    3876    4141    4091    3898    3994    4044    4054    3966    3901
    4269    3982    3720    3940    3797    3794    3595    3654    3594    3607
    3336    3314    3389    3423    3162    3156    3192    3079    2695    2874
    2737    2670    2462    2531    2419    2341    2157    2088    2069    2028
    1911    1846    1905    1692    1634    1646    1539    1478    1479    1398
    1457    1393    1221    1278    1168    1216    1139    1102    1030    1010
    1008    1046    1017    1048     935     947    1006    1055     999     992
    1043    1095    1061    1112    1386    1219    1205    1384    1380    1501
    1459    1528    1575    1743    1658    1689    1850    1874    1903    2015
    2087    2078    2077    2087    2075    2211    2044    2081    2143    2074
    1919    1925    1918    1913    1700    1677    1750    1618    1456    1468
    1379    1291    1185    1137    1090    1002     913     904     868     838
     721     738     672     736     629     622     617     566     577     593
     618     605     555     561     561     558     579  298423
