$Informacoes da Fluorescencia de Raios-X:
"Sample    : GPE-175",                                                                    
"Operator  : LUIS",                                                                       
"Comment  : ",                                                                            
"Group     : thiago_acra2010ma",                                                          
"Date       : 2010-11-17 16:03:08",                                                       
"",                                                                                       
"Mesurement Condition",                                                                   
"------------------------------------------------------------------------------------",   
"Instrument : 700HS2   Atmosphere : Vac.   Collimator : 10(mm)   Spin : No",              
"------------------------------------------------------------------------------------",   
"Analyte               TG kV   uA      FI Acq.(keV)  Anal.(keV)  Time(sec)     DT(%)",    
"------------------------------------------------------------------------------------",   
"Na                    Rh 50 1000-Auto Al  0 - 20    0.8 - 1.2   Live -  959   10",       
"Channel_info_start",                                                                     
"Channel : Na",                                                                           
"Points : 2048
"Range : 0.000000 - 20.480000",                                                           
"Step : 0.010000",                                                                        
"Channel_info_end",                                                                       
$DATA:
       0    2047
       0       0       0       0       0       0       0       0       0    2048
       0       0       0       0       0       0       0       0       0       0
       0       0       0       0       0       0       0       0       0       0
       0       0       0       0       0       0       1       0       2       7
      68     137     152     156     145     136     143     152     131     179
     134     160     151     171     157     163     144     160     153     149
     147     157     157     166     171     160     170     212     177     211
     188     185     205     209     176     241     221     239     216     221
     199     233     213     192     161     183     149     163     139     170
     159     166     155     156     180     212     185     180     161     179
     150     175     161     153     150     151     168     176     155     175
     151     161     168     161     146     163     159     162     139     163
     171     207     136     133     134     140     155     155     157     179
     191     206     188     206     200     197     156     195     186     201
     166     184     178     145     153     156     153     155     168     162
     180     200     247     249     258     299     296     362     363     316
     369     391     379     353     328     341     322     284     269     276
     263     295     220     278     254     306     308     399     481     646
     683     807     790     909     869     893     869     823     735     681
     593     512     451     372     311     281     239     244     233     238
     267     254     250     265     266     283     278     327     274     303
     329     323     259     299     256     298     249     247     219     240
     191     176     177     208     191     186     191     214     236     245
     317     389     421     564     622     809     841     939    1150    1200
    1219    1325    1230    1252    1114    1054     993     865     697     603
     448     433     381     339     291     272     243     290     329     319
     348     507     610     752     827    1177    1284    1639    1941    2137
    2276    2502    2428    2613    2463    2390    2136    2019    1714    1521
    1264    1078     778     692     529     495     423     471     430     403
     362     423     428     404     418     442     393     366     335     326
     298     291     271     279     238     220     188     202     182     189
     198     228     212     219     208     195     200     211     198     205
     235     228     244     263     290     306     381     492     601     858
    1062    1539    1846    2518    3195    3941    4597    5492    5986    6749
    6740    7473    7211    7346    6690    6802    5645    5147    4210    3513
    2869    2263    1643    1330     949     718     551     470     448     495
     501     649     710     826     964    1216    1490    1777    2101    2635
    3092    3758    4263    4791    5504    6273    6397    7287    7258    7861
    7086    7222    6714    6229    5272    5007    4045    3320    2588    2175
    1611    1260     890     701     490     414     333     329     318     368
     371     453     477     537     682     740     730     942     908    1070
    1073    1122    1058    1086    1009     945     873     831     717     709
     551     479     421     375     321     321     274     274     275     267
     251     273     269     249     258     282     295     224     262     265
     266     281     267     274     272     313     318     331     353     397
     391     457     493     534     568     645     646     773     757     780
     785     786     779     810     709     716     636     647     570     584
     498     513     472     478     413     417     383     433     422     408
     399     429     388     452     388     418     410     415     406     464
     494     480     479     510     485     488     485     507     516     561
     566     573     539     542     521     603     534     570     508     505
     518     537     461     451     504     499     508     450     463     519
     433     508     466     516     487     487     481     509     481     511
     534     530     504     515     504     509     500     540     530     557
     572     614     572     607     617     640     580     686     607     640
     727     688     668     708     626     699     638     714     674     676
     648     617     665     667     645     675     649     697     586     745
     661     661     678     674     663     701     696     635     697     720
     666     667     684     691     764     810     787     790     711     814
     863     876     920     930     949    1010     973     946    1038    1061
    1021    1053     979    1011     967     980     903     953     905     888
     869     942     864     834     874     888     868     899     879     941
     809     917     863     931     867     929     947    1011     934     946
    1066    1066    1040    1187    1321    1387    1531    1763    1907    2403
    2467    2812    3061    3492    3578    3928    4192    4268    4429    4907
    4500    4552    4264    4254    3891    3600    3204    3096    2664    2539
    2153    2050    1841    1671    1491    1448    1245    1310    1201    1233
    1109    1115    1112    1137    1073    1118    1071    1130    1124    1132
    1144    1167    1183    1154    1081    1144    1176    1089    1117    1188
    1156    1222    1192    1214    1198    1218    1184    1269    1224    1317
    1259    1269    1257    1261    1369    1389    1478    1490    1489    1513
    1601    1629    1600    1757    1707    1646    1609    1650    1608    1606
    1514    1516    1524    1489    1356    1432    1337    1401    1206    1337
    1223    1195    1214    1239    1239    1263    1157    1152    1187    1269
    1163    1201    1213    1261    1211    1217    1274    1280    1206    1265
    1328    1317    1266    1271    1301    1354    1228    1243    1303    1296
    1267    1255    1275    1256    1228    1278    1193    1220    1169    1307
    1212    1207    1133    1171    1211    1249    1167    1282    1274    1252
    1198    1255    1219    1253    1134    1242    1298    1301    1215    1306
    1249    1301    1269    1336    1280    1271    1309    1342    1310    1347
    1226    1349    1382    1426    1415    1466    1505    1505    1463    1576
    1499    1581    1519    1620    1610    1620    1446    1573    1418    1531
    1367    1354    1301    1347    1295    1288    1208    1265    1179    1216
    1189    1193    1100    1232    1158    1191    1143    1181    1092    1121
    1154    1175    1147    1133    1125    1121    1137    1143    1102    1178
    1156    1179    1076    1129    1144    1198    1207    1243    1270    1360
    1319    1449    1523    1626    1557    1635    1719    1799    1774    1879
    1926    2021    1879    1953    1983    1925    1810    1824    1722    1657
    1584    1534    1414    1392    1319    1328    1239    1213    1206    1200
    1133    1220    1078    1140    1058    1115    1090    1154    1077    1112
    1040    1121    1044    1077    1037    1106    1119    1082    1032    1046
    1059    1088     983    1109    1079    1051    1005    1044    1034    1118
    1033    1097    1047    1062    1058    1122    1063    1082     992    1042
    1078    1046     978    1067    1065    1059    1021    1037    1073    1056
     990    1043    1072    1008    1046    1043    1091    1100     962    1144
    1084    1117    1065    1131    1110    1095    1101    1133    1137    1124
    1080    1147    1139    1198    1084    1131    1070    1184    1091    1136
    1197    1182    1099    1093    1105    1121     988    1088    1039    1083
    1064     988    1077    1046    1028    1013     978     997    1041    1053
    1015    1082    1012     993    1054    1089    1045    1008    1026    1036
     989    1048    1127    1054     985     978    1014    1061     937    1024
    1061    1000     999    1032    1059    1037    1031    1022    1011    1007
     985     998    1019    1048     961    1051    1046    1033     978    1021
    1015    1016     989    1007    1025    1036    1002    1043    1082    1063
     999    1010     996    1115     918    1058    1011    1027     996    1101
     982    1034    1008    1038     985    1098    1057    1074    1038    1050
    1022    1070    1002    1086    1075    1047    1044    1063     993    1065
    1048    1075    1005    1016    1011    1074    1040    1051    1007    1081
    1013    1061    1012    1112     983    1109    1076    1161     999    1058
    1025    1093    1005    1023     987    1030    1014    1088    1045    1115
    1032    1126    1078    1064    1079    1028    1089    1098     997    1047
     989    1098    1003    1120    1075    1054     975    1041    1024    1066
     987    1049    1087    1066    1003    1069    1106    1059    1032    1008
    1025    1032     985    1046    1039    1085    1021    1027    1059    1038
    1028    1048    1059    1098    1022    1066    1069    1002     995    1032
     982    1046    1003    1013    1088    1030    1054    1022    1064    1032
     866    1048    1021    1091     934    1037    1056    1091    1032    1039
     998    1038     922    1024     984    1064    1054    1090    1003    1070
    1048    1041    1022    1008     928    1022    1107    1110    1023    1049
    1039    1051    1026    1096    1150    1067    1099    1068    1152    1087
    1058    1108    1044    1110    1017    1038    1032    1093    1038     975
     975    1031     995    1006    1004    1010    1008     974    1001    1011
     963     946     986    1043     933     918    1025     994     981     996
     976    1002     914    1003     946     962     930     893     946     973
     915    1013     960     941     911    1005     952     965     903     937
     941     954     965     971     966     976     965     896    1010     973
     929     952     918    1010     925     935     910     961     893     944
     926     973     870     924     928     951     867     974     880     944
     867     986     909     957     895     943     947     898     878     938
    1008     910     945     924     941     918     857     914     921     946
     898     893     857     884     852     924     950     887     881     884
     898     885     879     896     971     923     908     914     933     989
     880     898     935     911     855     892     931     944     854     944
     942     988     976     968     924    1023     852     969     937    1012
    1032     953    1005     982     922     956     965     976     917     951
     889    1018     895     987     968    1026     941     899     949     916
     887     929     881     959     828     859     919     905     860     950
     812     927     841     896     864     914     827     866     850     862
     885     887     868     939     810     832     907     894     799     823
     890     876     761     887     865     888     871     840     885     915
     807     889     891     851     837     863     873     940     823     819
     913     910     881     899     917     906     937     971     983     926
     892     987     917     898     905     913     925     886     896     875
     898     887     925     870     907     925     830     869     830     873
     831     821     856     845     770     787     870     803     792     766
     791     844     768     800     831     818     747     771     797     850
     763     852     806     791     731     791     800     767     707     804
     753     818     757     789     799     862     746     803     768     787
     728     747     825     765     761     761     797     772     774     808
     754     769     740     798     787     809     759     795     816     809
     752     763     782     817     730     801     789     756     708     718
     750     712     713     707     758     768     719     787     751     779
     731     727     730     778     692     753     724     758     742     774
     765     729     710     695     722     752     732     717     757     793
     713     730     741     724     704     766     775     740     712     696
     777     722     723     700     697     757     725     737     751     756
     683     746     741     766     756     761     714     727     759     739
     728     781     683     767     732     753     667     731     744     725
     727     776     747     727     686     739     760     776     703     728
     748     757     697     760     761     746     716     771     694     708
     638     738     707     733     675     730     718     708     677     669
     700     716     723     719     725     766     675     658     721     702
     688     723     711     688     643     653     659     691     736     701
     697     731     684     644     733     691     685     665     662     714
     677     664     726     696     668     652     677     695     644     628
     715     706     611     697     709     697     637     681     735     661
     703     664     680     671     681     623     733     733     657     725
     642     677     658     690     688     705     649     643     662     713
     667     699     649     677     648     651     753     706     631     714
     722     719     624     691     696     719     674     641     670     712
     631     675     667     673     684     725     689     648     603     720
     662     673     646     665     660     685     695     646     717     674
     650     667     675     664     658     684     631     724     685     648
     672     681     626     690     682     700     642     641     693     643
     677     700     682     659     691     672     653     680     649     676
     626     655     645     617     642     693     663     693     676     712
     664     653     707     661     658     685     707     624     666     690
     697     733     657     663     671     718     671     675     673     702
     686     654     653     705     666     723     706     744     703     663
     699     709     680     684     693     710     697     714     710     750
     698     637     816     740     739     714     749     751     699     718
     724     733     722     728     695     777     689     757     729     780
     702     771     759     803     765     790     793     765     773     825
     804     851     727     790     820     815     824     838     775     836
     817     834     820     896     854     916     921     871     873     878
     929     911     941     952     978     986     900    1011    1001    1014
     995    1044    1138    1079    1097    1100    1184    1153    1166    1269
    1204    1315    1325    1299    1353    1397    1363    1409    1525    1547
    1539    1655    1702    1822    1856    1898    1920    2026    2128    2192
    2241    2383    2249    2468    2482    2568    2669    2625    3036    2944
    3022    3152    3302    3312    3374    3426    3648    3716    3583    3671
    3909    3998    3922    4073    4057    4276    4244    4228    4342    4410
    4281    4364    4489    4511    4425    4320    4496    4483    4363    4202
    4636    4458    4255    4168    4316    4318    4013    4082    3974    4004
    3778    3693    3639    3596    3397    3458    3369    3427    3112    3081
    2970    2936    2820    2645    2673    2520    2456    2389    2348    2277
    2039    1958    2133    1941    1768    1785    1717    1700    1473    1469
    1499    1486    1337    1402    1295    1289    1162    1185    1245    1125
    1070    1075    1098    1076    1032    1030    1084    1055     994    1050
    1202    1164    1098    1147    1271    1255    1259    1330    1478    1463
    1435    1570    1593    1796    1780    1776    1863    1914    1846    2052
    2045    2125    2082    2141    2199    2137    2097    2105    2216    2046
    1955    1908    1914    1917    1790    1714    1784    1670    1497    1467
    1398    1398    1241    1136    1050    1086     998     925     922     877
     818     742     739     717     661     605     682     710     636     592
     627     657     587     614     655     622     564  318771
