$Informacoes da Fluorescencia de Raios-X:
"Sample    : GPE-200",                                                                    
"Operator  : LUIS",                                                                       
"Comment  : ",                                                                            
"Group     : thiago_acra2010ma",                                                          
"Date       : 2010-11-18 00:03:59",                                                       
"",                                                                                       
"Mesurement Condition",                                                                   
"------------------------------------------------------------------------------------",   
"Instrument : 700HS2   Atmosphere : Vac.   Collimator : 10(mm)   Spin : No",              
"------------------------------------------------------------------------------------",   
"Analyte               TG kV   uA      FI Acq.(keV)  Anal.(keV)  Time(sec)     DT(%)",    
"------------------------------------------------------------------------------------",   
"Na                    Rh 50 1000-Auto Al  0 - 20    0.8 - 1.2   Live -  960    9",       
"Channel_info_start",                                                                     
"Channel : Na",                                                                           
"Points : 2048
"Range : 0.000000 - 20.480000",                                                           
"Step : 0.010000",                                                                        
"Channel_info_end",                                                                       
$DATA:
       0    2047
       0       0       0       0       0       0       0       0       0    2048
       0       0       0       0       0       0       0       0       0       0
       0       0       0       0       0       0       0       0       0       0
       0       0       0       0       0       0       0       0       2       6
      51     143     143     125     126     135     129     153     133     155
     131     156     121     144     138     136     135     144     126     138
     121     134     150     152     136     140     144     183     177     191
     191     230     209     261     251     291     278     289     245     280
     288     274     227     215     191     188     175     147     139     143
     144     149     138     115     121     163     137     152     140     148
     145     175     138     134     122     142     149     152     120     132
     132     153     150     143     144     171     145     134     159     139
     136     144     135     135     163     153     147     156     146     150
     156     151     176     155     147     185     186     198     163     188
     180     169     173     166     143     138     143     142     178     180
     230     293     312     372     466     578     533     613     613     665
     661     621     588     576     503     415     438     365     299     313
     249     268     266     295     377     438     581     754     954    1126
    1256    1478    1579    1786    1669    1792    1587    1664    1447    1400
    1105     996     769     620     471     399     291     298     242     229
     218     212     209     221     191     220     225     212     233     219
     208     223     206     197     214     197     195     179     186     182
     154     176     142     155     170     152     134     161     146     210
     212     257     333     351     403     518     551     641     684     800
     755     789     818     746     685     677     616     560     489     404
     361     279     244     247     229     240     208     201     217     219
     235     317     366     452     495     707     776    1000    1038    1275
    1301    1352    1311    1405    1343    1410    1175    1141     955     952
     747     617     485     431     348     306     291     285     280     311
     250     285     294     304     262     300     285     255     217     236
     232     189     193     196     167     164     169     178     163     161
     144     161     155     138     151     170     166     178     163     156
     161     156     200     202     173     222     250     315     352     499
     603     830     955    1284    1575    1869    2067    2679    2724    3199
    3201    3342    3379    3319    3045    3070    2616    2438    2016    1796
    1469    1191     816     665     556     445     377     327     308     341
     322     400     432     546     544     742     918    1108    1329    1641
    1953    2518    2842    3357    3908    4338    4517    5122    5155    5322
    5061    5085    4645    4421    3816    3484    2947    2517    1922    1615
    1230     978     737     610     397     348     293     292     278     301
     313     370     357     468     459     587     622     719     710     810
     824     830     788     798     792     774     690     676     588     533
     490     418     423     333     297     279     256     299     214     274
     260     240     239     274     229     247     226     287     265     264
     243     294     256     289     259     337     331     378     346     454
     517     608     646     730     870     875     987    1100    1160    1255
    1179    1244    1181    1234    1181    1081     979     992     819     763
     660     611     565     554     460     471     445     435     465     436
     426     402     416     416     419     468     421     465     406     451
     477     437     502     492     473     508     517     527     569     552
     542     593     586     591     595     586     570     583     538     550
     519     501     480     502     450     500     408     506     502     463
     456     480     432     465     454     478     466     463     440     493
     470     518     463     507     491     549     454     580     496     496
     530     586     581     576     571     678     593     658     611     645
     659     687     705     701     653     707     673     664     658     671
     660     687     670     698     566     693     649     654     613     665
     628     672     618     641     670     722     660     682     675     661
     690     670     687     730     643     748     697     789     719     810
     804     935     853     918     943    1028    1013    1061    1077    1055
    1014    1094     983    1042     997     975     961     963     886     916
     884     951     847     912     857     862     799     855     782     891
     809     836     853     880     874     910     927     943     920    1050
    1083    1175    1304    1517    1660    1952    2172    2628    3010    3679
    3977    4924    5433    6237    6458    7278    7721    8334    7912    9123
    8042    8526    7670    7583    7038    6463    5730    5409    4503    4078
    3505    3146    2727    2270    1931    1796    1509    1388    1243    1188
    1135    1144    1085    1063    1004    1071    1057    1083    1075    1103
    1016    1094    1067    1079    1016    1134    1098    1147    1074    1163
    1151    1158    1034    1110    1094    1193    1155    1227    1194    1274
    1202    1342    1341    1508    1457    1641    1675    1778    1743    1867
    1904    2096    2077    2097    2140    2121    1986    2057    1963    2011
    1833    1862    1715    1707    1576    1506    1449    1416    1300    1347
    1237    1254    1160    1157    1192    1203    1157    1156    1196    1153
    1065    1174    1131    1194    1123    1158    1152    1197    1090    1148
    1112    1131    1150    1230    1111    1223    1153    1220    1175    1238
    1226    1218    1152    1114    1138    1164    1194    1155    1068    1126
    1155    1192    1117    1158    1181    1179    1079    1156    1158    1168
    1107    1114    1147    1181    1092    1194    1152    1194    1175    1162
    1257    1176    1154    1211    1208    1242    1169    1224    1200    1318
    1264    1324    1296    1389    1339    1424    1373    1452    1407    1510
    1463    1574    1435    1519    1428    1435    1372    1397    1399    1381
    1303    1281    1208    1303    1172    1210    1109    1102    1116    1105
    1114    1140    1052    1078    1014    1030    1045    1016    1038    1087
    1045    1082     993    1032    1001    1044    1007    1066    1001    1102
    1026    1037    1020    1066    1041    1102    1026    1120    1096    1119
    1088    1224    1114    1272    1237    1322    1276    1423    1391    1433
    1443    1435    1405    1396    1455    1433    1278    1302    1313    1294
    1258    1183    1162    1176    1109    1134    1127    1149    1024    1058
     974    1038    1028     997    1010    1119     969    1008     990    1071
     975    1043    1001    1001     943    1040     977     992     900    1006
     969     998     928    1025    1004     946     946     915     928    1008
     894     975     939     970     972     948     991    1001     945     936
     961    1016     952     963     965     962     997     992     995    1006
     963     994     941     933     963     975     976     966     933     969
     940     982     930     983     962     948     923    1014     999     989
     941     992     946    1044     989     926    1039     975     967     994
     998    1018     901     911     873     950     986     985     974     936
     944     995     910     974     931    1006     882     969     919     925
     886     983     945     943     962     907     941     857     910     928
     920     887     953     941     885     946     937     950     889     988
     930     913     871     923     938     973     897     948     951     990
     871     943     908     889     875     933     942     992     921     876
     884     921     849     886     889     934     872     920     884     909
     880     991     874     909     872     948     974     954     921     924
     977    1068     864     931     904    1014     872     927     900     940
     913     957     912     987     972     964     947     976     975    1001
     932    1024     887     939     900     966     904     961     935     979
     951     966     897     934     900    1013     870     940     930     962
     929     936     930     958     962     984     912    1007    1016     934
     927     961     920     963     914     987     940    1017     930    1013
     956     984     910     978     994    1039     942     963     973     973
     824     948     950     916     925     960     962     997     911     968
     998     959     919     966     953     936     933     918     930    1007
     910     950     954     961     912     967     968     995     890     953
     895     913     932     934     925     894     922     915     940    1020
     963     971     891     981     924     953     896     986     865     941
     951     968     870     964     948     937     959     993     925     951
     925     951     881     967     894     955     909     953     879     981
     948     970     964     933     920     941     888     973     975     960
     875     946     914     948     875     933     926     926     913     900
     969     967     897     928     920     920     890     892     901     925
     843     861     836     913     842     914     893     883     829     905
     858     898     862     866     930     859     900     885     861     898
     849     906     851     912     833     898     842     877     836     885
     873     843     838     846     925     904     808     840     859     837
     828     849     864     897     857     880     844     853     815     861
     858     814     822     865     855     846     852     865     923     882
     827     888     841     825     837     839     822     856     842     809
     820     854     801     823     771     862     844     831     865     840
     798     834     810     802     783     835     797     846     807     819
     846     837     796     839     783     833     791     833     748     816
     812     812     811     827     816     817     809     819     778     829
     845     836     763     814     827     824     791     847     850     825
     863     820     911     848     806     885     858     888     831     862
     803     817     778     790     825     862     855     843     792     799
     789     815     794     862     781     794     796     853     792     841
     799     809     752     817     776     816     755     716     761     783
     732     836     768     836     751     746     799     834     755     783
     772     748     763     781     758     735     779     787     732     809
     740     782     807     772     763     773     817     844     775     835
     779     810     808     753     797     902     746     797     824     798
     802     810     806     808     800     816     789     816     751     795
     790     792     798     795     752     757     718     754     722     774
     727     694     809     772     712     703     728     720     720     724
     720     790     666     744     703     713     737     770     754     764
     765     648     761     715     701     667     775     749     730     801
     714     789     685     723     745     692     695     720     702     720
     729     699     718     737     643     688     706     718     720     706
     742     676     674     672     710     726     655     728     743     742
     727     732     731     680     676     700     751     684     665     649
     693     752     652     646     713     701     672     709     680     672
     643     627     645     736     667     687     672     696     684     667
     678     706     603     690     646     625     637     584     700     677
     686     682     664     687     624     624     755     706     627     650
     655     702     614     631     662     648     600     643     676     673
     623     679     660     649     633     663     669     645     631     619
     682     740     620     698     660     676     667     660     659     716
     646     694     682     718     660     697     705     679     665     680
     696     632     657     712     674     697     639     615     650     640
     611     621     636     649     606     633     644     664     636     642
     685     643     568     611     622     675     592     596     628     645
     620     655     662     669     617     676     599     649     580     566
     664     624     621     624     638     658     636     654     627     612
     591     596     677     624     615     594     619     623     614     620
     652     656     600     599     609     612     639     614     615     587
     581     628     643     632     575     604     618     667     599     631
     589     649     591     656     637     616     585     581     614     611
     615     561     611     631     524     640     631     577     582     640
     588     589     591     587     641     659     585     617     608     629
     615     589     602     637     582     546     634     587     582     601
     616     625     625     608     612     639     591     640     625     602
     605     626     602     610     576     610     606     585     564     579
     602     599     630     575     582     644     572     579     643     614
     594     623     596     615     559     588     618     616     562     566
     671     603     594     659     643     612     558     596     615     606
     607     622     600     665     604     637     627     578     581     590
     672     603     618     588     610     633     612     640     593     643
     623     642     616     604     673     648     625     614     603     606
     666     674     608     619     656     653     641     645     681     673
     618     605     735     683     597     674     643     669     653     662
     732     680     625     666     723     736     695     681     693     715
     645     729     692     674     711     712     742     727     726     761
     697     762     693     761     781     768     713     710     768     793
     760     750     836     787     806     814     777     838     854     820
     816     845     918     860     854     902     870     852     930     949
     866     951     992    1010    1061     933    1160    1046    1068    1131
    1162    1186    1175    1232    1251    1354    1281    1315    1376    1422
    1465    1539    1528    1658    1550    1714    1881    1889    1864    1914
    2029    2058    2036    2224    2304    2349    2370    2402    2729    2657
    2554    2660    2913    3006    2904    3091    3152    3281    3214    3326
    3399    3464    3459    3615    3669    3812    3611    3703    3858    3911
    3737    3734    3971    4012    3862    3854    3935    3896    3791    3742
    4139    3848    3715    3783    3600    3641    3455    3618    3633    3428
    3271    3292    3269    3222    3003    3075    2927    2970    2655    2645
    2589    2672    2449    2322    2357    2308    2116    2126    1974    1989
    1873    1789    1863    1830    1609    1559    1574    1479    1331    1354
    1349    1325    1158    1177    1188    1211    1090    1100    1058    1057
     956     977     972     955     918     998    1041    1010     975    1048
    1055    1049    1066    1114    1274    1236    1206    1311    1331    1400
    1384    1477    1641    1577    1630    1779    1791    1779    1799    1952
    1958    2049    1930    2026    2055    1997    1997    1971    2051    1970
    1742    1755    1791    1760    1692    1511    1618    1501    1414    1379
    1282    1260    1071    1088    1050     990     863     811     806     764
     720     693     707     632     588     580     598     576     587     544
     568     580     587     533     549     584     583  287028
