$Informacoes da Fluorescencia de Raios-X:
"Sample    : GPE-30",                                                                     
"Operator  : THIAGO",                                                                     
"Comment  : ",                                                                            
"Group     : thiago_acra2010ma",                                                          
"Date       : 2010-11-13 19:18:47",                                                       
"",                                                                                       
"Mesurement Condition",                                                                   
"------------------------------------------------------------------------------------",   
"Instrument : 700HS2   Atmosphere : Vac.   Collimator : 10(mm)   Spin : No",              
"------------------------------------------------------------------------------------",   
"Analyte               TG kV   uA      FI Acq.(keV)  Anal.(keV)  Time(sec)     DT(%)",    
"------------------------------------------------------------------------------------",   
"Na                    Rh 50 1000-Auto Al  0 - 20    0.8 - 1.2   Live -  959    8",       
"Channel_info_start",                                                                     
"Channel : Na",                                                                           
"Points : 2048
"Range : 0.000000 - 20.480000",                                                           
"Step : 0.010000",                                                                        
"Channel_info_end",                                                                       
$DATA:
       0    2047
       0       0       0       0       0       0       0       0       0    2048
       0       0       0       0       0       0       0       0       0       0
       0       0       0       0       0       0       0       0       0       0
       0       0       0       0       0       0       1       1       1       7
      56     116     116     134     116     133     110     136     124     131
     105     127     116     112     108     121      98     128     116     122
     112     128     117     128     149     121     132     143     138     170
     198     193     228     272     248     274     263     313     259     305
     296     291     216     217     161     182     152     137     140     122
     115     118     118     109     122     100     120     101     123     118
     109     140     116     148     142     136     119     112     124     119
     113     117     111     123     128     125     140     119     114     146
      98     135     125     126     126     138     109     137     128     109
     143     120     108     133     118     133     126     139     115     116
     106     123     117     120     121     127     120     116     138     123
     119     120     116     126     140     156     111     146     161     142
     145     166     152     156     136     166     140     143     143     128
     131     138      94     140     108     122     122     133     140     163
     155     173     181     176     165     168     161     187     155     168
     152     183     124     144     120     130     110     117     112      94
     109     114     101     126     104      99     113     103     103     117
     125     118     112      93     105     106     116     118      90     124
      94     118      81     116     123     120      93     122     107     128
     117     146     135     217     188     227     244     324     323     368
     350     410     378     378     327     333     341     266     228     243
     168     190     148     142     131     129     115     138     139     145
     147     143     167     198     239     302     294     365     412     505
     506     610     641     644     592     581     548     548     472     465
     352     345     242     230     205     204     176     199     174     184
     196     160     162     200     201     206     182     170     156     189
     149     127     135     141     132     135     120     120     112     128
     110     131     107     100     117     112     109     106     103     115
      98     115     124     129     137     118     126     142     170     189
     216     318     340     471     491     636     769     946    1019    1214
    1108    1267    1244    1419    1204    1271    1002     943     769     687
     625     476     363     303     273     238     170     171     162     152
     168     171     187     241     220     243     286     344     375     438
     479     584     658     715     768     877     938     996    1025    1096
    1002    1077     963     947     798     742     681     590     465     427
     345     295     279     229     170     223     194     176     194     198
     194     183     178     189     217     236     223     246     226     267
     255     305     288     238     293     274     268     289     266     256
     215     236     232     220     226     222     220     227     205     233
     231     228     231     213     231     233     212     252     235     219
     220     254     249     226     248     254     268     262     237     246
     263     276     264     291     283     297     277     305     298     341
     309     286     294     325     292     305     310     347     315     350
     323     307     318     353     332     343     326     361     366     376
     328     333     365     334     372     354     381     356     394     418
     393     381     375     380     401     430     388     420     397     416
     375     391     383     465     384     391     389     384     422     418
     393     409     413     401     432     395     378     400     414     440
     403     456     440     415     370     396     436     438     413     466
     409     467     417     452     487     445     505     514     437     496
     455     505     499     522     529     556     547     576     541     610
     556     588     612     674     648     574     600     655     642     624
     612     624     543     560     576     590     578     586     569     633
     576     658     616     599     582     623     615     602     598     691
     625     698     637     656     597     682     680     634     695     671
     652     672     683     646     675     711     688     689     687     699
     723     747     663     725     719     745     713     765     762     799
     749     749     692     731     743     794     708     785     745     756
     736     814     766     849     803     782     792     808     793     841
     815     847     842     893     857     940     867    1006     986    1032
    1051    1108    1125    1211    1217    1281    1245    1376    1414    1503
    1379    1426    1295    1429    1319    1394    1254    1286    1181    1207
    1163    1102    1093    1041    1043    1066     976    1027     953    1021
    1010    1016     967    1002    1023    1057     910    1000    1013     995
     974    1047     991     983     895    1042     999    1060     950    1019
     986    1038     989    1010    1021    1069    1031    1065    1040    1081
    1063    1124    1048    1089    1048    1068    1119    1106    1073    1124
    1099    1147    1105    1148    1104    1152    1083    1105    1069    1146
    1073    1152    1091    1162    1030    1076    1090    1197    1082    1159
     988    1091    1038    1124    1110    1147    1069    1152    1078    1111
    1050    1114    1074    1085    1065    1045    1145    1132    1073    1125
    1087    1096    1062    1185    1106    1118    1096    1120    1050    1122
    1110    1139    1059    1070    1057    1072    1077    1085    1090    1044
    1082    1109    1031    1146    1116    1092    1101    1088    1124    1099
    1067    1118    1147    1161    1073    1116    1150    1184    1031    1151
    1110    1114    1106    1201    1103    1184    1082    1239    1146    1196
    1157    1234    1228    1303    1323    1273    1339    1350    1326    1414
    1360    1407    1355    1398    1427    1456    1341    1394    1366    1380
    1231    1257    1227    1286    1133    1227    1189    1149     967    1080
    1059    1057     993    1012    1009    1004     925     988     969     994
     944    1058     973    1075     985    1021     981    1051     958    1032
     953    1054     926     969    1008     984    1026    1104    1028    1126
    1098    1058    1107    1150    1160    1201    1224    1240    1233    1338
    1312    1444    1273    1337    1345    1380    1301    1297    1309    1244
    1095    1162    1143    1142    1052    1073    1057    1062    1022    1025
     987     957     935     999     966    1001     967     982    1001     986
     915     993     958     958     915    1009     962     966     920     951
     989     998     888     968     862     956     876     890     871     914
     928     914     944     921     918     894     892     944     866     932
     915     909     924     879     940     914     925     924     896     942
     829     960     894     979     879     927     917     966     877     955
     897     909     834     915     883     910     902     965     933     952
     856     848     931     944     952     936     907     925     924     944
     955     923     922     949     922     970     892     958     846     881
     856     916     883     892     836     936     835     874     835     907
     886     867     788     892     860     840     827     825     864     869
     850     854     904     910     905     840     849     921     814     883
     874     891     840     826     842     880     840     897     904     893
     814     898     873     918     846     890     899     885     782     860
     873     895     808     872     871     847     856     862     887     871
     846     882     847     927     825     904     854     910     842     908
     819     886     856     917     896     891     883     899     928     872
     799     934     844     981     872     952     918     955     834     905
     876     889     895     912     901     890     832     891     906     902
     840     914     892     879     839     889     824     928     842     905
     888     938     873     904     846     900     854     905     864     853
     864     906     833     970     836     921     866     943     884     919
     900     870     843     947     840     867     892     897     876     916
     853     884     869     908     785     902     870     912     875     862
     887     853     871     888     913     923     892     890     869     925
     860     942     904     851     916     883     899     959     873     940
     876     848     840     881     944     931     850     906     923     918
     855     991     863     936     889     857     857     916     859     852
     861     898     843     926     870     915     849     893     853     891
     861     948     838     900     830     867     852     940     800     952
     856     887     890     904     889     878     875     879     869     939
     890     906     902     890     862     933     919     895     830     888
     864     866     840     891     888     911     807     839     827     906
     807     813     858     873     819     834     780     873     804     843
     828     860     803     816     820     826     790     807     754     825
     830     817     801     840     806     838     793     833     849     779
     839     821     836     821     791     891     777     772     845     809
     789     805     810     815     775     845     782     841     815     814
     840     823     754     796     829     836     752     773     803     840
     729     825     766     805     770     844     839     826     746     785
     749     789     763     800     798     833     754     800     766     783
     773     767     727     780     761     833     715     776     770     770
     797     764     749     761     763     785     765     740     764     822
     779     738     758     831     726     773     788     785     826     756
     794     842     744     790     732     787     777     830     757     786
     772     726     748     738     718     747     792     787     730     790
     758     715     732     747     775     762     738     759     718     726
     784     769     700     771     727     772     723     792     716     756
     737     797     725     709     755     737     710     766     762     787
     717     741     754     793     690     737     764     740     693     722
     734     760     767     712     666     732     767     711     787     718
     666     705     714     750     725     693     717     743     678     709
     726     754     716     730     742     763     728     718     730     709
     722     743     721     786     729     685     716     719     678     669
     712     688     710     740     704     723     668     728     647     715
     696     691     730     733     731     707     714     684     670     702
     759     707     649     704     697     673     628     693     695     729
     690     697     689     702     657     654     711     657     578     672
     675     684     678     674     681     728     660     693     659     717
     659     673     730     721     664     676     632     685     643     617
     649     677     629     664     642     649     684     635     642     672
     625     635     664     706     672     640     649     639     634     642
     606     639     640     616     676     690     633     650     611     681
     674     629     666     656     598     634     634     647     660     671
     632     620     613     671     640     655     630     608     609     652
     595     648     603     657     645     614     657     637     618     610
     657     636     607     623     642     630     614     630     626     676
     585     664     599     629     624     669     555     639     611     619
     619     661     570     549     608     549     604     591     617     608
     607     635     606     610     603     592     641     590     585     609
     633     635     562     597     556     582     574     627     619     617
     592     570     640     569     587     573     584     582     598     582
     606     654     562     585     597     582     601     551     567     593
     602     563     616     652     564     612     608     626     568     619
     584     608     563     591     605     610     588     538     601     628
     512     621     610     582     592     590     570     556     566     589
     567     607     572     618     564     587     539     574     600     599
     560     611     558     608     532     629     590     615     575     518
     606     554     546     606     596     594     540     589     575     582
     578     569     608     585     573     586     590     582     552     579
     563     570     522     554     587     599     558     551     574     553
     530     521     592     608     585     559     585     533     540     550
     599     541     576     558     572     579     571     538     560     591
     551     535     572     606     555     597     576     607     565     575
     565     563     566     558     569     613     547     582     609     603
     526     580     531     605     588     610     561     601     556     588
     582     577     551     559     595     622     571     581     595     578
     568     534     588     568     522     572     608     560     567     558
     626     585     536     600     579     572     518     602     614     579
     566     613     603     597     577     600     633     606     578     604
     605     579     608     591     618     569     569     611     611     663
     554     589     694     629     611     607     651     661     598     612
     628     629     641     652     621     667     582     675     666     652
     641     615     623     706     668     636     698     688     639     660
     703     670     675     682     674     736     691     660     673     726
     737     728     716     757     695     802     724     757     753     783
     737     801     708     738     786     816     812     798     838     844
     860     859     853     965     896     925    1001     963     889    1022
     955    1074    1030    1085    1090    1166    1106    1221    1231    1253
    1232    1352    1409    1537    1392    1536    1544    1626    1676    1644
    1919    1788    1837    1947    2031    2076    2183    2183    2380    2422
    2335    2507    2480    2655    2650    2714    3032    3009    2819    2985
    3147    3225    3180    3186    3244    3347    3453    3529    3664    3654
    3543    3515    3770    3780    3541    3631    3888    4009    3654    3675
    4088    3872    3566    3734    3650    3806    3558    3535    3500    3458
    3281    3370    3258    3387    3090    3170    3087    3049    2933    2811
    2705    2644    2473    2427    2651    2379    2190    2256    2167    2153
    1953    1954    1942    1871    1754    1647    1576    1626    1442    1439
    1459    1367    1222    1276    1188    1261    1119    1076    1071    1054
     995     968     977     969     906     892     940     931     840     907
     936    1019     963     942    1129    1054    1115    1130    1228    1229
    1259    1355    1431    1457    1442    1525    1665    1639    1707    1781
    1866    1845    1790    1945    1938    1864    1902    1935    1999    1979
    1774    1717    1771    1806    1646    1581    1682    1535    1409    1433
    1311    1357    1166    1136    1079    1048     936     853     884     807
     695     701     728     627     616     629     596     573     548     520
     586     567     552     581     504     497     508  275258
