$Informacoes da Fluorescencia de Raios-X:
"Sample    : GPE-549",                                                                    
"Operator  : LUIS",                                                                       
"Comment  : ",                                                                            
"Group     : thiago_acra2010ma",                                                          
"Date       : 2010-11-18 16:44:53",                                                       
"",                                                                                       
"Mesurement Condition",                                                                   
"------------------------------------------------------------------------------------",   
"Instrument : 700HS2   Atmosphere : Vac.   Collimator : 10(mm)   Spin : No",              
"------------------------------------------------------------------------------------",   
"Analyte               TG kV   uA      FI Acq.(keV)  Anal.(keV)  Time(sec)     DT(%)",    
"------------------------------------------------------------------------------------",   
"Na                    Rh 50 1000-Auto Al  0 - 20    0.8 - 1.2   Live -  959   17",       
"Channel_info_start",                                                                     
"Channel : Na",                                                                           
"Points : 2048
"Range : 0.000000 - 20.480000",                                                           
"Step : 0.010000",                                                                        
"Channel_info_end",                                                                       
$DATA:
       0    2047
       0       0       0       0       0       0       0       0       0    2048
       0       0       0       0       0       0       0       0       0       0
       0       0       0       0       0       0       0       0       0       0
       0       0       0       0       0       0       1       4       1      19
      91     217     213     240     216     222     226     208     234     233
     213     237     206     266     225     229     215     250     210     237
     228     262     234     258     220     253     243     271     281     305
     283     322     324     335     323     321     316     314     319     311
     314     343     301     321     247     282     263     261     297     323
     314     326     341     375     421     430     490     510     472     492
     474     493     491     430     397     403     325     289     281     278
     272     292     284     284     260     278     280     323     308     298
     261     296     268     270     259     273     252     237     235     291
     295     322     295     293     325     315     321     365     284     342
     294     299     328     265     297     313     289     338     331     378
     422     501     610     663     739     818     894     944    1050    1093
    1094    1217    1159    1169    1131    1121    1072    1029     971     958
     779     764     809     912     886    1007    1135    1437    1573    1832
    2031    2279    2389    2535    2562    2705    2419    2508    2232    2093
    1730    1580    1228    1084     796     738     556     521     461     494
     457     469     397     510     418     472     489     493     473     483
     459     474     500     500     454     462     435     447     389     383
     398     395     404     414     416     460     437     516     515     550
     639     709     800    1022    1052    1332    1425    1617    1716    1810
    1841    2052    1909    1922    1755    1692    1521    1560    1316    1151
    1094     975     876     766     853     791     815    1085    1196    1611
    2069    2727    3516    4974    6030    8377    8966   11520   12388   14378
   15116   16521   15933   16993   15669   15852   13949   12985   11275    9769
    7730    6727    4808    4146    3082    2733    2286    2221    1999    1944
    2062    2131    2005    2059    1894    1958    1669    1657    1439    1304
    1151    1069     867     830     690     713     631     594     572     633
     598     601     539     589     588     614     651     629     643     711
     689     820     817     977    1081    1412    1883    2589    3435    5159
    6751    9303   11787   15382   18774   23512   25966   31515   33496   37278
   37411   39852   39378   39612   36079   35534   30038   28112   23055   19763
   15706   12619    9196    7244    5167    3796    2826    2299    2205    2199
    2311    2667    3056    3615    4017    4749    5319    5925    6373    7186
    7639    8555    8815    9599    9845   10544   10296   11063   10358   10409
    9761    9411    8692    8039    7009    6270    5265    4424    3510    2776
    2197    1635    1246    1003     714     600     477     505     456     529
     514     611     631     789     858    1005    1124    1174    1156    1382
    1364    1459    1425    1254    1297    1298    1145    1094    1002     863
     724     680     624     564     476     465     379     406     358     395
     373     428     369     367     374     388     386     365     403     415
     403     439     432     435     435     543     540     576     634     666
     736     886     995    1045    1191    1408    1425    1607    1726    1777
    1725    1710    1714    1733    1568    1526    1441    1411    1167    1097
     945     874     798     813     722     715     648     632     656     581
     595     583     620     594     601     628     619     698     703     716
     677     684     683     747     731     798     738     811     878     887
     839     859     858     836     837     830     843     819     734     822
     823     749     729     755     708     746     654     701     667     724
     692     732     684     683     678     674     680     713     704     796
     703     762     701     754     734     750     731     788     715     817
     773     798     787     869     844     913     884     912     872     947
     927     984     902    1008     980    1021     924     969     949     983
     944     940     997     981     942     996     966     995     956     972
     950    1050    1007     960     968    1041     954     999    1063     999
    1012    1024    1072    1107    1132    1216    1184    1281    1234    1386
    1339    1531    1435    1600    1738    1775    1692    1890    1912    1872
    1858    1937    1788    1787    1693    1599    1631    1598    1511    1514
    1444    1371    1385    1342    1360    1406    1288    1317    1273    1267
    1288    1324    1258    1327    1318    1365    1362    1448    1496    1637
    1697    1853    1958    2410    2600    3099    3438    4214    4798    5602
    6147    7302    8239    9204    9597   10688   11411   12014   11816   12944
   11911   12214   11123   10920   10052    9422    8256    7771    6638    6133
    5085    4503    3874    3416    2982    2648    2273    2113    1873    1946
    1783    1828    1649    1706    1743    1669    1551    1594    1651    1654
    1536    1678    1619    1667    1631    1651    1671    1748    1607    1746
    1667    1807    1689    1716    1783    1835    1767    1884    1804    1997
    1918    2070    2173    2206    2255    2371    2558    2563    2722    2730
    2871    3046    2921    3142    3018    3237    3013    3072    2965    2946
    2689    2745    2528    2516    2348    2293    2112    2180    1978    2073
    1786    1968    1757    1803    1821    1810    1807    1800    1725    1904
    1642    1715    1849    1808    1718    1703    1777    1829    1728    1789
    1809    1837    1744    1741    1787    1830    1784    1741    1843    1810
    1758    1851    1810    1766    1780    1774    1793    1835    1822    1756
    1762    1813    1711    1775    1706    1800    1750    1740    1833    1844
    1697    1793    1829    1855    1734    1814    1760    1884    1783    1757
    1822    1832    1819    1882    1857    1891    1825    1894    1913    2057
    1915    1921    1989    2136    1951    2053    2113    2222    2075    2196
    2140    2275    2239    2206    2131    2192    2029    2144    2040    2043
    1919    1926    1926    1947    1776    1853    1792    1753    1689    1638
    1723    1719    1572    1617    1595    1656    1549    1626    1671    1640
    1596    1658    1662    1621    1559    1608    1679    1658    1568    1613
    1579    1680    1628    1687    1620    1707    1617    1678    1656    1680
    1709    1781    1753    1812    1791    1854    1947    1961    1757    1944
    1949    2013    1914    1972    2001    2013    1803    1895    1840    1905
    1797    1800    1763    1744    1668    1629    1662    1597    1593    1577
    1612    1679    1565    1635    1545    1650    1529    1600    1576    1520
    1553    1570    1632    1645    1528    1570    1594    1507    1477    1602
    1538    1564    1487    1636    1499    1605    1466    1545    1519    1527
    1577    1566    1548    1623    1451    1542    1531    1549    1565    1567
    1450    1525    1487    1520    1549    1540    1531    1624    1521    1580
    1489    1490    1461    1473    1526    1532    1455    1554    1492    1480
    1516    1444    1418    1575    1535    1560    1498    1510    1547    1526
    1462    1539    1545    1531    1500    1540    1495    1530    1502    1584
    1641    1459    1467    1488    1486    1549    1480    1581    1555    1561
    1387    1440    1547    1590    1453    1559    1426    1452    1422    1457
    1482    1534    1442    1420    1568    1429    1445    1509    1445    1512
    1373    1472    1498    1473    1474    1496    1423    1457    1376    1520
    1520    1490    1428    1457    1498    1430    1412    1508    1368    1495
    1442    1461    1492    1563    1382    1481    1569    1563    1453    1513
    1477    1602    1402    1540    1498    1510    1441    1500    1426    1465
    1487    1548    1440    1513    1450    1529    1465    1486    1457    1600
    1480    1582    1412    1527    1510    1622    1488    1579    1490    1590
    1446    1524    1522    1559    1464    1504    1524    1583    1497    1480
    1512    1518    1559    1529    1437    1493    1410    1514    1544    1498
    1453    1533    1526    1517    1466    1456    1482    1478    1436    1500
    1430    1466    1457    1547    1480    1504    1455    1560    1511    1558
    1375    1464    1480    1574    1449    1488    1503    1567    1371    1506
    1533    1499    1387    1591    1414    1542    1463    1540    1490    1538
    1486    1593    1577    1525    1510    1560    1533    1626    1491    1550
    1557    1537    1533    1512    1481    1651    1476    1579    1514    1508
    1484    1519    1511    1507    1390    1517    1500    1568    1443    1502
    1487    1506    1468    1402    1486    1490    1418    1440    1481    1551
    1471    1558    1419    1504    1445    1447    1406    1509    1520    1525
    1477    1412    1491    1491    1461    1513    1363    1473    1404    1482
    1424    1536    1474    1596    1469    1546    1573    1683    1462    1569
    1644    1641    1593    1717    1753    1818    1679    1621    1736    1725
    1674    1788    1719    1648    1571    1690    1557    1680    1566    1646
    1596    1630    1477    1465    1508    1424    1409    1494    1487    1446
    1363    1447    1389    1436    1263    1404    1347    1367    1376    1418
    1329    1446    1326    1342    1436    1386    1387    1402    1384    1465
    1301    1449    1345    1340    1313    1353    1428    1361    1338    1344
    1437    1426    1310    1340    1418    1313    1401    1363    1387    1373
    1399    1382    1364    1360    1371    1348    1301    1390    1242    1324
    1345    1445    1241    1260    1334    1346    1292    1291    1383    1268
    1301    1341    1380    1303    1278    1319    1345    1299    1323    1355
    1357    1381    1238    1302    1306    1294    1287    1353    1294    1327
    1179    1334    1285    1311    1241    1330    1265    1334    1283    1321
    1279    1356    1259    1287    1375    1333    1274    1268    1273    1407
    1245    1316    1319    1375    1232    1347    1367    1380    1292    1439
    1475    1424    1463    1490    1510    1508    1442    1547    1541    1502
    1575    1538    1571    1571    1508    1564    1572    1666    1502    1509
    1490    1537    1428    1436    1515    1392    1448    1435    1398    1394
    1399    1380    1328    1359    1286    1200    1281    1274    1261    1303
    1313    1240    1267    1237    1173    1246    1174    1268    1212    1238
    1214    1207    1210    1268    1231    1130    1194    1199    1214    1232
    1226    1267    1225    1263    1275    1253    1160    1260    1231    1279
    1214    1217    1218    1235    1238    1281    1213    1306    1186    1244
    1238    1308    1248    1306    1243    1243    1196    1292    1312    1330
    1260    1256    1260    1301    1208    1207    1251    1264    1190    1300
    1299    1266    1158    1271    1248    1268    1177    1274    1194    1274
    1144    1173    1182    1145    1119    1211    1173    1161    1186    1133
    1211    1198    1091    1166    1089    1131    1110    1130    1144    1194
    1137    1106    1096    1114    1056    1093    1155    1200    1082    1127
    1117    1147    1113    1125    1166    1099    1108    1107    1104    1144
    1106    1042    1189    1131    1085    1129    1130    1142    1143    1094
    1152    1141    1112    1146    1104    1041    1068    1098    1190    1139
    1102    1113    1116    1103    1138    1156    1173    1226    1021    1114
    1096    1159    1072    1074    1145    1158    1043    1056    1069    1112
    1092    1048    1096    1066    1032    1061    1116    1079    1020    1019
    1073    1122    1018    1105    1123    1020     966    1073    1037    1057
    1064    1038    1117    1059    1010     990    1167    1054    1002    1038
    1076    1046    1008    1102    1128    1049     938    1063    1040     981
    1048    1033    1023    1116    1041    1001    1057    1031     997    1063
    1048    1020     990    1070    1018    1103    1053    1085    1041    1066
    1034    1047    1065    1083    1060    1039     997    1030    1026    1052
     998    1082    1028     978     988    1062    1003    1028    1039    1004
    1015    1032    1010    1028     985    1035    1039    1079     988     979
     995    1024    1043     963    1009     981     982    1054     977    1039
     958     977     969    1001     927    1023    1017    1052     962     961
    1077     990     966     930     973    1015     961     983     985    1002
     899     891     984     972     942    1011     978     976     930     970
     934     942     955     981    1024    1019     958    1029     954     972
     899    1018     988     967     934     936    1006     954     894     922
     989     991     969    1041    1059    1030     972     963     971    1018
     943     950     999     921     950     906     973     998     928     932
     953    1017     950     972     943     927     989     970     942     978
     887     907     974     915     883     912     975    1012     920     908
     946     966     923     952     976     974     964     976    1002     955
     942     955     913     955     936     944     936    1030     901     949
     956     906     914     933     935     941     944     912    1007     979
     940     963     885     916     882     953     956     988     937     917
     992     905     981     943     942     981     955     921     990    1006
     899     959    1013    1012     965     908     981     962     977     957
    1011     981     916     997     924     969     963     968     996    1010
     968     969     977    1042     952     981    1050    1055     967     976
     989     980     954    1007    1010     984    1041    1002    1031    1011
     919     944    1130    1032    1006    1029    1069    1044    1034     981
    1001    1059     984    1025    1088    1054    1020    1035    1089    1113
    1025    1070     996    1046    1096    1046    1086    1164    1101    1069
    1138    1194    1090    1132    1224    1166    1060    1155    1147    1178
    1127    1149    1226    1276    1225    1299    1300    1287    1196    1248
    1373    1345    1371    1382    1372    1345    1358    1433    1544    1487
    1434    1455    1465    1563    1524    1539    1701    1744    1608    1718
    1713    1869    1823    1888    2052    2077    2010    2127    2218    2318
    2146    2379    2437    2596    2575    2680    2819    2842    2949    3043
    3230    3264    3248    3517    3709    3787    3688    3719    4252    4249
    4139    4351    4581    4558    4450    4794    5002    4993    5059    5207
    5540    5627    5381    5507    5776    5863    5564    5822    6074    6167
    5793    5990    6391    6230    5873    6094    6089    6317    5957    5852
    6627    6152    5867    5861    5870    5878    5646    5567    5447    5648
    5238    5272    5159    5038    4701    4764    4546    4569    4349    4183
    4241    4082    3764    3798    3757    3474    3258    3240    3300    3168
    2957    2847    2849    2639    2510    2444    2445    2286    2227    2110
    2137    2005    1925    1925    1947    1809    1772    1615    1662    1669
    1568    1537    1529    1523    1479    1517    1526    1449    1465    1517
    1546    1607    1645    1571    1857    1820    1841    1853    2019    2028
    2111    2170    2364    2418    2404    2453    2691    2715    2770    2903
    2860    2963    2894    3037    3100    3122    3060    3143    3173    3117
    2940    2986    2899    2768    2617    2545    2699    2543    2213    2187
    2223    1938    1899    1735    1734    1689    1568    1409    1446    1324
    1249    1135    1109    1093     945     931    1023     918     890     899
     962     912     838     813     884     869     825  455078
