$Informacoes da Fluorescencia de Raios-X:
"Sample    : GPE-567",                                                                    
"Operator  : LUIS",                                                                       
"Comment  : ",                                                                            
"Group     : thiago_acra2010ma",                                                          
"Date       : 2010-11-18 22:02:16",                                                       
"",                                                                                       
"Mesurement Condition",                                                                   
"------------------------------------------------------------------------------------",   
"Instrument : 700HS2   Atmosphere : Vac.   Collimator : 10(mm)   Spin : No",              
"------------------------------------------------------------------------------------",   
"Analyte               TG kV   uA      FI Acq.(keV)  Anal.(keV)  Time(sec)     DT(%)",    
"------------------------------------------------------------------------------------",   
"Na                    Rh 50  991-Auto Al  0 - 20    0.8 - 1.2   Live -  959   20",       
"Channel_info_start",                                                                     
"Channel : Na",                                                                           
"Points : 2048
"Range : 0.000000 - 20.480000",                                                           
"Step : 0.010000",                                                                        
"Channel_info_end",                                                                       
$DATA:
       0    2047
       0       0       0       0       0       0       0       0       0    2048
       0       0       0       0       0       0       0       0       0       0
       0       0       0       0       0       0       0       0       0       0
       0       0       0       0       0       0       0       6       4      17
     120     213     286     241     243     249     212     252     241     286
     234     265     245     277     249     282     248     276     250     239
     251     264     230     269     286     295     275     317     262     275
     286     288     290     286     287     327     304     327     299     319
     295     305     292     320     296     285     268     303     302     302
     326     373     390     423     483     545     510     590     544     573
     518     546     499     457     391     347     303     287     281     291
     275     287     267     294     268     281     263     299     269     287
     260     269     268     287     268     276     276     280     311     339
     342     355     387     383     400     438     443     439     357     432
     351     366     348     332     338     302     292     318     355     383
     397     452     570     720     729     894    1029    1064    1156    1185
    1252    1247    1187    1227    1084    1120    1016     934     878     808
     697     719     642     757     780     941    1069    1405    1677    2160
    2493    2913    3062    3378    3258    3622    3127    3052    2621    2459
    2060    1759    1396    1138     956     788     721     751     690     734
     779     877     844     932     965    1074     985    1159    1042    1114
    1049    1062     938     873     844     782     674     690     556     545
     515     466     467     475     465     479     469     520     555     590
     624     692     797    1005    1073    1200    1394    1570    1695    1895
    1788    1926    1843    1952    1711    1647    1537    1376    1206    1167
     992     989     915     894     923     910     892    1054    1169    1506
    1851    2516    3408    4716    6002    8681    9751   12915   14322   17186
   18775   20689   20237   21453   19684   19418   16540   15185   12664   10513
    7908    6748    4612    3900    2983    2559    2363    2332    2208    2297
    2351    2572    2375    2444    2335    2170    1952    1879    1591    1447
    1217    1059     886     848     708     705     645     689     588     635
     635     676     621     678     633     748     692     721     750     770
     730     832     891     925    1013    1264    1554    1935    2413    3544
    4613    6807    8518   11870   14602   18824   21483   26592   28837   33097
   33405   35879   35515   35907   31748   31473   25997   23803   18420   15816
   12038    9543    6758    5252    3690    2810    2131    1935    1843    2017
    2236    2815    3306    4013    4840    6130    7450    9606   11471   15086
   18084   22665   25365   31263   35534   41523   42827   48780   48318   51075
   47773   47716   43740   40597   34463   30554   24772   20125   15364   11748
    8688    6308    4244    3226    2140    1615    1233    1194    1167    1332
    1547    1913    2263    2821    3245    4047    4491    5325    5373    6341
    6228    6602    6311    6266    5851    5705    4806    4440    3720    3188
    2402    2109    1602    1237     956     828     574     569     449     455
     373     418     381     378     417     394     413     386     351     430
     435     417     421     511     476     530     576     695     744     847
     980    1166    1305    1618    1867    2089    2216    2503    2592    2762
    2736    2793    2623    2671    2405    2330    2040    1889    1613    1409
    1255    1103    1043     896     851     824     690     715     679     686
     670     667     650     713     669     704     724     823     811     811
     908     832     919     941     901    1037     996    1032    1065    1101
    1127    1086    1029    1078    1021    1016    1004    1050     952     986
     879     876     785     815     834     798     777     746     743     796
     707     849     739     802     758     835     811     838     783     809
     838     909     839     896     862     926     857     924     868     874
     889     918     892     914     939     950     935    1006     929    1054
     951    1028     998    1026    1020     999     941    1008    1047    1020
     977    1030    1056    1054     939     967    1019    1049     998    1069
    1058    1054    1020    1035    1049    1062     955    1040    1119    1109
    1024    1191    1107    1173    1207    1212    1259    1365    1353    1478
    1549    1802    1771    2004    2003    2207    2136    2235    2277    2369
    2201    2314    2166    2217    2007    2000    1846    1865    1570    1619
    1530    1488    1372    1408    1352    1322    1262    1388    1327    1344
    1294    1311    1393    1444    1307    1417    1445    1632    1526    1683
    1822    2037    2243    2710    3019    3771    4248    5506    6545    7866
    8803   10664   12378   14167   14978   16859   18150   19535   19033   21193
   19377   19878   17615   17535   15835   14867   12849   11544    9736    8551
    6987    6072    4996    4298    3411    3108    2423    2362    1996    1940
    1815    1781    1653    1690    1623    1658    1616    1643    1641    1738
    1622    1789    1747    1697    1623    1734    1676    1771    1620    1642
    1717    1717    1603    1763    1804    1841    1776    1927    2027    2099
    1978    2139    2242    2440    2505    2849    3033    3186    3181    3558
    3636    3908    3832    4072    4113    4150    3918    4036    3806    3762
    3385    3371    3013    2992    2647    2534    2398    2336    2229    2051
    1902    1946    1741    1810    1755    1815    1698    1754    1780    1735
    1709    1828    1802    1845    1748    1796    1774    1810    1728    1823
    1726    1849    1766    1845    1867    1804    1791    1813    1827    1850
    1796    1839    1776    1859    1745    1842    1750    1839    1694    1798
    1751    1824    1708    1801    1789    1763    1704    1783    1869    1800
    1772    1717    1732    1878    1726    1823    1715    1848    1780    1753
    1756    1887    1787    1965    1840    1884    1739    1884    1847    1933
    1784    2042    1994    2064    1930    2150    2195    2163    2111    2278
    2323    2286    2165    2171    2191    2266    2074    2207    2165    2192
    1927    1987    1890    2011    1787    1905    1786    1864    1651    1660
    1620    1746    1649    1663    1703    1686    1530    1547    1604    1738
    1620    1765    1579    1671    1642    1643    1680    1703    1648    1617
    1683    1744    1652    1596    1696    1726    1637    1769    1732    1847
    1683    1906    2035    2089    2049    2093    2222    2317    2201    2248
    2296    2354    2351    2300    2324    2421    2210    2226    2003    2108
    1949    1986    1907    1857    1773    1830    1692    1710    1677    1639
    1669    1635    1572    1606    1617    1648    1544    1691    1602    1649
    1616    1597    1634    1717    1584    1667    1636    1651    1551    1580
    1556    1716    1560    1676    1579    1596    1443    1584    1528    1603
    1515    1645    1505    1611    1528    1605    1597    1592    1492    1533
    1582    1646    1544    1557    1593    1577    1525    1566    1543    1590
    1527    1499    1521    1571    1505    1589    1572    1666    1503    1512
    1580    1573    1506    1562    1578    1687    1530    1616    1564    1644
    1541    1622    1695    1568    1549    1544    1729    1622    1650    1623
    1681    1728    1567    1649    1565    1559    1498    1589    1605    1618
    1554    1547    1622    1553    1454    1581    1566    1514    1443    1581
    1528    1584    1515    1501    1550    1616    1524    1554    1534    1567
    1502    1477    1514    1486    1472    1523    1557    1589    1524    1541
    1504    1540    1484    1577    1507    1635    1506    1572    1568    1537
    1535    1563    1487    1492    1458    1542    1564    1525    1555    1593
    1559    1588    1448    1563    1567    1582    1584    1580    1523    1594
    1492    1601    1499    1594    1507    1618    1525    1615    1602    1662
    1554    1682    1628    1640    1593    1655    1630    1632    1721    1794
    1679    1833    1752    1782    1616    1776    1702    1739    1656    1704
    1699    1755    1594    1611    1661    1655    1609    1615    1549    1645
    1589    1617    1512    1616    1496    1602    1614    1578    1494    1489
    1523    1617    1522    1535    1566    1620    1577    1632    1532    1523
    1555    1600    1595    1597    1556    1605    1555    1615    1507    1501
    1541    1556    1482    1678    1560    1555    1434    1594    1579    1641
    1506    1611    1485    1606    1461    1568    1524    1576    1562    1611
    1560    1606    1495    1537    1583    1514    1482    1531    1558    1555
    1488    1563    1524    1618    1520    1556    1540    1609    1534    1507
    1594    1533    1486    1526    1541    1551    1518    1510    1518    1496
    1461    1671    1550    1516    1443    1491    1483    1582    1494    1530
    1549    1514    1463    1543    1503    1587    1545    1610    1522    1600
    1514    1618    1496    1585    1612    1685    1773    1728    1737    1818
    1783    1878    1781    1837    1960    1915    1899    1965    1933    1993
    1891    1887    1904    1934    1815    1720    1847    1812    1630    1740
    1692    1663    1590    1595    1619    1538    1455    1561    1520    1492
    1491    1466    1454    1459    1336    1432    1469    1439    1386    1386
    1375    1458    1368    1399    1405    1454    1387    1469    1429    1470
    1351    1532    1402    1403    1359    1453    1377    1417    1372    1414
    1361    1474    1318    1382    1400    1502    1359    1445    1537    1495
    1394    1459    1433    1473    1474    1502    1516    1528    1433    1562
    1502    1604    1476    1472    1540    1486    1438    1449    1463    1430
    1401    1388    1436    1448    1375    1444    1428    1491    1374    1327
    1385    1444    1327    1332    1332    1405    1252    1381    1378    1358
    1356    1276    1290    1346    1325    1409    1370    1353    1275    1318
    1382    1334    1247    1342    1366    1400    1392    1355    1368    1354
    1412    1478    1396    1398    1362    1403    1470    1510    1417    1478
    1540    1595    1486    1592    1583    1756    1591    1697    1742    1725
    1738    1698    1704    1723    1753    1736    1799    1752    1612    1665
    1716    1640    1577    1581    1655    1627    1498    1485    1453    1499
    1355    1395    1387    1396    1282    1331    1316    1342    1264    1363
    1253    1354    1275    1249    1236    1313    1267    1305    1249    1242
    1241    1269    1210    1312    1216    1197    1286    1263    1266    1317
    1194    1232    1235    1268    1327    1333    1221    1292    1293    1277
    1316    1382    1338    1406    1282    1385    1400    1490    1345    1429
    1519    1607    1584    1484    1624    1652    1613    1671    1707    1692
    1609    1755    1682    1764    1587    1654    1698    1712    1585    1636
    1513    1528    1435    1563    1418    1391    1340    1455    1342    1403
    1247    1265    1283    1229    1285    1198    1219    1232    1209    1194
    1209    1301    1154    1247    1214    1230    1161    1190    1166    1247
    1144    1167    1142    1226    1149    1264    1169    1215    1167    1099
    1191    1156    1096    1171    1196    1241    1109    1171    1201    1217
    1203    1127    1304    1228    1113    1158    1231    1230    1146    1195
    1292    1290    1084    1238    1282    1269    1268    1247    1259    1276
    1190    1228    1238    1274    1228    1239    1196    1257    1221    1243
    1276    1258    1183    1182    1237    1139    1133    1144    1175    1169
    1180    1123    1165    1085    1097    1106    1142    1202    1030    1141
    1161    1120    1131    1086    1133    1138    1000    1111    1093    1082
    1075    1118    1076    1037    1094    1013    1135    1069    1030    1098
    1068    1105    1035    1123    1101    1068    1005    1114    1048    1072
    1025    1133    1045    1156    1067    1059    1056    1129    1073    1118
    1064    1159    1153    1069    1222    1195    1191    1172    1169    1174
    1140    1204    1174    1210    1252    1194    1236    1216    1148    1158
    1216    1178    1195    1199    1203    1187    1142    1114    1082    1150
    1113    1060    1029    1168    1092    1029    1072    1109    1026    1117
    1100    1079     961    1066    1013    1087    1016    1081    1122    1042
    1050    1026    1011    1011    1006    1011    1053    1053     995    1044
     997    1063     976    1000    1058    1006    1019    1049    1008    1039
     974     954    1089    1014    1020     983     994    1070     970    1016
     975    1082    1019    1042    1067    1055     972    1005     965    1024
     926    1044     967    1019    1018    1017    1032     997     939     988
     963     949    1037    1000    1088     999    1006    1041    1002    1043
     952    1009    1012    1054     956     978    1036    1011     950    1016
    1026    1058     933    1012     984    1067     943    1006    1051    1028
     957    1007     962    1011     957     965    1050     976     966     986
     973     978     937     963     954    1032     963     931     966    1011
     944     983    1004     972     900     933     988     948     987     936
    1008    1015     986     976     944     953     919     927    1092    1039
     987    1010     928     979     930     992     941    1069    1019     988
    1005    1015     925     995    1006    1027     929     934    1008     977
     949     986     997    1039    1004     972     950    1058     988     958
    1013    1043     983    1036     995    1005     972    1015    1096    1066
     990     999    1011    1058     941    1021    1065    1027    1015    1030
    1029    1067     965    1010    1015    1059     981    1026    1077    1082
    1005     967    1166    1087    1043    1033    1089    1046    1048    1054
    1064    1140     991    1060    1041    1111    1041    1109    1094    1146
    1034    1077    1114    1126    1094    1130    1137    1145    1120    1142
    1153    1127    1083    1156    1174    1246    1203    1155    1162    1303
    1149    1257    1297    1265    1309    1237    1281    1308    1217    1249
    1380    1395    1250    1303    1367    1361    1307    1445    1513    1473
    1430    1499    1565    1559    1582    1596    1632    1690    1642    1735
    1770    1810    1805    1854    1885    2067    2025    2059    2166    2234
    2199    2405    2503    2499    2520    2717    2729    2856    2826    3023
    3170    3280    3264    3425    3633    3759    3727    3727    4307    4211
    4111    4417    4565    4820    4730    4864    5225    5405    5198    5501
    5543    5699    5695    5996    6138    5983    5985    6216    6306    6424
    6257    6258    6586    6428    6331    6572    6605    6600    6274    6209
    6815    6405    5951    6265    6223    6116    5730    6043    5896    5952
    5568    5530    5333    5213    4873    5022    4919    4890    4470    4461
    4282    4327    4027    3932    3779    3783    3481    3343    3311    3178
    3043    2900    3008    2852    2677    2587    2485    2523    2265    2189
    2178    2164    1991    1917    1921    1925    1754    1793    1715    1656
    1535    1593    1621    1587    1484    1510    1612    1532    1478    1521
    1597    1635    1631    1555    1834    1768    1831    1876    1944    2062
    2112    2139    2279    2461    2385    2489    2584    2784    2726    2954
    2892    3087    2962    3068    3045    3162    3079    3152    3205    3210
    2920    3038    2945    2961    2793    2628    2889    2626    2464    2352
    2329    2162    1962    1946    1859    1679    1556    1405    1418    1421
    1286    1161    1201    1179     982    1028     978    1021     943     937
     940     904     836     856     903     854     823  469088
