$Informacoes da Fluorescencia de Raios-X:
"Sample    : GPE-581",                                                                    
"Operator  : LUIS",                                                                       
"Comment  : ",                                                                            
"Group     : thiago_acra2010ma",                                                          
"Date       : 2010-11-19 01:45:35",                                                       
"",                                                                                       
"Mesurement Condition",                                                                   
"------------------------------------------------------------------------------------",   
"Instrument : 700HS2   Atmosphere : Vac.   Collimator : 10(mm)   Spin : No",              
"------------------------------------------------------------------------------------",   
"Analyte               TG kV   uA      FI Acq.(keV)  Anal.(keV)  Time(sec)     DT(%)",    
"------------------------------------------------------------------------------------",   
"Na                    Rh 50 1000-Auto Al  0 - 20    0.8 - 1.2   Live -  959    7",       
"Channel_info_start",                                                                     
"Channel : Na",                                                                           
"Points : 2048
"Range : 0.000000 - 20.480000",                                                           
"Step : 0.010000",                                                                        
"Channel_info_end",                                                                       
$DATA:
       0    2047
       0       0       0       0       0       0       0       0       0    2048
       0       0       0       0       0       0       0       0       0       0
       0       0       0       0       0       0       0       0       0       0
       0       0       0       0       0       0       0       1       2       5
      37      99      78      82      97     104      91     111      84      93
      94      95     106      90      93      89      82     113     100      87
     104      90      99      93      94      94     105     130     123     106
     162     165     162     204     190     198     185     228     190     208
     186     198     187     178     145     131     111     117      99      93
     101      92      97      92      95      87      92     130      95     103
      83     109      96      96      92      99     110     117      94      92
     105      81     109     108     102     102     111     103     102     103
     113     106      88     100      97     109      93     103     103     109
     110      94     102     108     116     139     113     129     112     105
     121     124     124     104     125     117     122     105     146     183
     245     275     311     442     445     529     553     594     662     620
     604     615     576     611     552     488     440     382     287     288
     245     267     268     332     416     554     653     886    1141    1366
    1432    1672    1773    1932    1839    2009    1842    1868    1566    1570
    1340    1200     919     734     589     459     358     265     250     226
     170     175     151     163     163     158     138     178     163     166
     179     162     138     135     160     178     138     134     132     121
     125     121     113     122     131     120     127     140     137     183
     187     216     247     351     399     494     494     589     612     723
     700     724     685     677     649     652     577     518     455     395
     325     260     218     194     171     168     154     150     147     161
     170     221     258     291     361     439     458     581     606     733
     740     821     835     798     826     817     707     661     610     537
     506     417     321     287     242     257     209     203     198     219
     226     186     186     205     187     186     185     182     153     128
     118     149     117     132     123     116     110     110     111     115
     115     120     123     125      98     108     109     105     122     132
     106     128     128     130     175     181     217     282     351     460
     572     756     897    1255    1511    1858    1997    2442    2612    2858
    2819    3084    2988    3132    2783    2952    2404    2323    2020    1655
    1385    1109     882     741     554     444     334     293     279     284
     290     329     370     469     551     649     734     957    1133    1451
    1574    1954    2207    2665    2922    3210    3352    3780    3662    3750
    3617    3627    3297    3368    2800    2635    2224    1996    1636    1176
     973     795     571     455     368     247     217     213     207     208
     246     292     288     315     367     435     442     511     527     580
     546     563     545     549     535     504     504     451     447     406
     342     294     276     257     203     223     208     207     176     175
     157     188     166     167     191     186     151     166     175     194
     164     213     195     216     220     221     256     299     334     400
     497     528     589     757     845     951     984    1065    1145    1235
    1198    1246    1204    1290    1157    1170    1007     932     883     771
     672     617     501     481     384     384     387     320     314     312
     302     305     319     314     329     301     301     323     286     291
     329     336     312     379     355     400     380     389     432     425
     421     488     458     473     436     500     427     439     441     387
     414     380     352     349     345     339     319     351     344     340
     297     337     346     328     288     344     292     363     329     313
     317     347     376     332     345     383     348     390     361     407
     370     437     414     418     464     456     454     430     457     485
     538     552     495     535     493     543     495     505     409     458
     425     428     449     461     414     455     407     395     419     449
     392     443     424     445     401     409     471     477     440     467
     435     482     493     460     512     503     532     571     486     597
     567     630     613     656     638     706     666     722     722     742
     724     837     694     778     721     740     690     680     643     636
     602     649     623     579     612     613     552     620     624     569
     585     614     608     605     602     654     670     720     731     814
     907    1044    1203    1423    1696    2130    2416    3058    3583    4274
    4818    5765    6478    7660    7846    8628    9267    9959    9833   10881
    9931   10232    9261    9336    8479    8084    6878    6429    5614    4932
    4097    3509    2942    2551    1979    1830    1352    1199     976     974
     927     925     751     752     719     723     674     756     733     750
     708     743     704     728     731     772     752     755     670     777
     765     747     725     738     800     811     773     885     850     935
     945    1077    1045    1177    1206    1362    1386    1579    1576    1694
    1786    1817    1869    1982    2043    2031    1890    1964    1809    1800
    1625    1611    1446    1472    1303    1271    1200    1134     985    1011
     891     913     853     803     809     803     784     745     815     788
     687     777     756     755     740     747     780     785     746     760
     748     839     820     793     761     797     763     829     775     760
     708     802     715     839     712     773     771     778     715     728
     731     780     767     766     720     775     715     787     772     791
     737     740     735     787     746     805     764     749     707     766
     741     800     759     831     733     820     771     873     852     875
     919     912     899     953     885     916     970    1035     944    1001
     999    1060    1024    1055     960    1045     933    1006     954     972
     855     966     830     878     799     829     724     815     705     747
     723     713     657     726     648     712     697     719     754     679
     673     717     667     748     659     702     656     725     687     652
     673     632     681     695     698     748     736     776     763     779
     826     781     862     817     852     927     984    1042     995    1034
     990    1060     997    1071    1079    1054     978     992     945     921
     889     852     899     863     731     803     763     757     690     751
     717     654     670     663     710     720     627     685     705     756
     657     715     701     704     619     716     681     671     631     670
     613     647     628     694     622     642     657     601     660     642
     638     670     590     636     604     602     673     628     618     681
     578     698     661     665     638     664     607     683     671     626
     631     656     617     655     625     626     612     641     588     617
     644     669     628     700     684     685     631     677     656     662
     649     682     676     694     631     688     674     694     677     616
     693     668     621     671     594     645     617     623     655     611
     584     615     595     651     620     664     587     623     615     594
     595     586     612     616     622     600     558     611     622     651
     569     594     594     609     615     610     617     630     594     613
     597     614     606     592     634     632     584     654     586     635
     587     619     613     580     596     645     597     635     602     603
     613     589     583     589     575     612     614     641     597     571
     569     616     639     673     601     624     639     595     629     653
     596     641     559     678     638     613     657     618     666     652
     648     635     655     619     610     622     659     687     618     611
     575     644     635     693     632     591     556     630     633     591
     592     644     611     657     603     654     602     611     559     563
     617     647     607     635     646     617     636     655     604     680
     556     635     588     640     561     594     617     652     601     638
     651     627     617     648     628     672     659     673     674     605
     621     649     648     641     594     625     634     626     613     605
     641     653     621     661     622     649     647     669     646     639
     592     582     610     614     673     628     648     640     612     622
     632     608     569     647     627     597     584     580     562     621
     611     611     550     615     623     571     615     594     564     600
     591     575     588     565     612     621     593     612     601     620
     589     581     598     614     606     607     630     628     629     583
     620     625     575     660     652     674     642     640     670     651
     640     652     670     664     596     614     605     664     611     620
     602     667     587     609     599     609     554     600     595     594
     549     584     573     599     569     576     571     569     515     584
     539     600     535     560     560     570     570     548     570     536
     561     558     556     594     532     587     570     573     523     544
     551     567     541     569     547     558     571     537     555     578
     522     571     589     586     570     607     568     547     531     558
     552     566     555     556     532     571     544     531     540     559
     534     557     548     577     560     507     561     574     558     566
     517     532     505     558     482     574     553     539     547     561
     502     568     529     535     519     562     497     550     493     551
     581     556     504     531     513     545     539     540     530     531
     530     494     540     508     546     524     575     509     543     532
     525     514     537     542     549     543     573     565     567     524
     518     534     543     609     521     547     563     542     554     556
     588     556     497     532     540     523     507     541     536     537
     496     522     532     526     538     540     507     549     500     538
     524     548     513     556     511     470     487     501     511     487
     522     515     523     544     481     522     568     507     491     505
     535     494     499     476     534     554     491     501     526     520
     535     530     487     516     506     505     533     532     504     520
     561     552     524     508     571     531     499     530     590     553
     466     533     518     558     521     572     489     508     482     547
     508     498     500     515     486     499     511     473     464     510
     455     478     496     486     484     426     456     471     471     486
     452     503     479     449     442     484     457     431     461     492
     463     444     431     502     461     472     463     511     454     415
     452     487     431     452     471     421     450     477     482     460
     462     468     465     492     460     472     483     474     472     414
     501     456     454     454     522     467     452     489     474     497
     412     475     449     485     470     454     452     454     424     416
     489     458     441     431     494     477     402     433     492     469
     435     445     422     454     448     449     456     495     426     468
     411     464     422     422     423     430     425     412     447     452
     447     431     465     475     430     423     503     465     433     433
     395     445     443     442     395     451     419     432     390     462
     442     421     411     470     424     423     456     448     424     459
     437     462     491     454     461     477     486     416     470     448
     500     473     422     505     425     489     467     473     466     402
     453     431     432     481     437     496     453     437     431     454
     441     391     419     441     409     426     430     452     406     412
     428     428     403     389     418     406     386     413     398     436
     411     413     383     413     427     417     416     428     387     408
     440     446     427     418     431     431     384     408     413     444
     415     430     454     434     376     403     441     389     410     374
     382     395     414     433     405     360     375     422     434     423
     390     415     441     428     393     404     404     400     399     389
     415     396     410     397     434     403     400     397     408     409
     414     380     394     400     408     350     412     417     385     414
     401     410     354     404     375     395     389     378     385     388
     392     382     412     383     384     422     421     411     376     391
     401     416     389     382     422     375     395     407     403     395
     397     365     397     417     382     409     407     384     370     368
     403     405     380     390     378     375     387     400     445     390
     361     390     446     386     369     398     396     395     367     385
     403     426     389     427     408     409     434     427     417     418
     352     408     408     445     373     398     408     409     384     380
     413     394     386     374     396     399     397     432     419     452
     406     375     429     405     402     408     432     443     417     399
     436     488     405     410     432     444     431     417     414     454
     408     375     455     414     392     424     429     448     437     479
     423     453     434     436     409     432     431     483     427     418
     412     436     417     481     459     469     476     461     444     476
     496     482     452     431     483     526     466     501     489     510
     485     507     547     523     550     522     544     501     543     542
     570     578     567     562     589     605     610     562     607     597
     567     573     672     709     604     633     744     742     693     678
     757     766     733     802     805     857     803     910     893     907
     958    1040     997    1068    1019    1106    1119    1119    1160    1245
    1246    1393    1363    1387    1433    1668    1576    1611    1649    1848
    1755    1799    1786    1957    1995    1963    2106    2126    2040    2214
    2254    2294    2334    2428    2457    2382    2292    2446    2497    2541
    2466    2511    2600    2611    2568    2433    2660    2613    2483    2536
    2723    2528    2452    2449    2522    2513    2407    2371    2409    2371
    2142    2207    2129    2159    2044    2067    1979    1827    1784    1864
    1764    1695    1614    1562    1615    1558    1441    1411    1351    1303
    1234    1189    1199    1144    1060    1063    1005    1020     946     871
     858     880     829     767     758     821     726     708     734     686
     700     660     690     664     663     668     677     698     659     649
     751     740     761     719     872     833     824     888     870     937
     939    1041    1076    1150    1028    1113    1218    1249    1213    1291
    1281    1345    1223    1359    1338    1252    1299    1287    1330    1282
    1223    1199    1263    1111    1064     974    1011     963     904     844
     785     747     725     662     620     633     593     525     526     477
     433     452     462     398     364     368     373     395     343     385
     363     389     351     355     343     392     346  186691
