$Informacoes da Fluorescencia de Raios-X:
"Sample    : GPE-606",                                                                    
"Operator  : LUIS",                                                                       
"Comment  : ",                                                                            
"Group     : thiago_acra2010ma",                                                          
"Date       : 2010-11-19 05:36:57",                                                       
"",                                                                                       
"Mesurement Condition",                                                                   
"------------------------------------------------------------------------------------",   
"Instrument : 700HS2   Atmosphere : Vac.   Collimator : 10(mm)   Spin : No",              
"------------------------------------------------------------------------------------",   
"Analyte               TG kV   uA      FI Acq.(keV)  Anal.(keV)  Time(sec)     DT(%)",    
"------------------------------------------------------------------------------------",   
"Na                    Rh 50 1000-Auto Al  0 - 20    0.8 - 1.2   Live -  959   16",       
"Channel_info_start",                                                                     
"Channel : Na",                                                                           
"Points : 2048
"Range : 0.000000 - 20.480000",                                                           
"Step : 0.010000",                                                                        
"Channel_info_end",                                                                       
$DATA:
       0    2047
       0       0       0       0       0       0       0       0       0    2048
       0       0       0       0       0       0       0       0       0       0
       0       0       0       0       0       0       0       0       0       0
       0       0       0       0       0       0       0       0       7      11
      95     226     241     238     236     234     236     240     256     261
     259     263     220     264     243     275     252     299     218     271
     232     281     251     267     241     265     287     246     272     264
     252     297     270     348     317     314     319     351     338     364
     284     269     300     313     259     286     239     258     223     210
     233     270     282     265     275     306     299     323     282     368
     289     282     278     291     266     269     262     235     242     254
     254     279     254     252     264     289     265     275     268     235
     256     275     230     222     256     216     237     256     202     254
     245     271     260     254     239     284     258     323     289     264
     262     285     267     263     227     251     249     298     263     295
     307     368     400     507     524     612     653     739     770     835
     852     851     879     798     715     750     685     686     674     555
     546     503     516     576     587     696     783    1133    1429    1745
    1999    2404    2557    2977    2934    3088    2701    2616    2227    2025
    1638    1420    1059     902     736     622     403     414     385     347
     332     356     291     369     315     392     334     375     352     411
     357     399     357     358     329     385     299     321     286     327
     307     283     308     268     276     256     306     323     297     343
     398     447     504     603     667     854     976    1139    1261    1391
    1343    1484    1319    1422    1278    1176    1013     951     823     756
     583     541     492     442     463     449     412     509     499     558
     603     795     965    1282    1653    2351    2538    3497    3831    4616
    5012    5550    5502    5708    5431    5175    4509    4220    3501    3095
    2243    1907    1442    1238     933     910     837     777     781     886
     840     924     824     892     872     776     789     713     633     629
     557     491     458     484     434     446     382     416     395     376
     396     413     379     430     409     432     416     446     385     467
     454     480     523     548     573     755     860    1094    1385    2167
    2825    3946    5334    7238    9102   11778   13792   17131   18775   21338
   21975   23693   23332   23312   21011   20855   16955   15207   12065   10026
    7734    6036    4193    3103    2094    1633    1170    1000     917    1068
    1082    1405    1634    2026    2191    2603    2829    3291    3381    3980
    4234    4566    4704    5147    5210    5563    5540    6032    5717    5809
    5374    5313    4866    4345    3661    3289    2741    2263    1664    1333
    1119     822     596     558     404     408     351     345     309     381
     435     443     445     538     516     643     732     807     820     889
     856     963     939     904     853     782     761     748     611     576
     526     500     433     457     420     353     366     389     354     367
     409     373     369     398     383     406     412     405     392     426
     399     468     379     414     379     496     490     451     478     615
     576     734     717     843     958    1089    1089    1256    1305    1391
    1402    1418    1354    1370    1239    1215    1131     985    1019     880
     869     832     703     672     682     680     634     632     663     643
     615     662     612     638     578     613     668     648     675     625
     684     738     690     698     677     760     758     765     780     783
     753     785     801     822     832     813     794     813     759     809
     692     767     711     734     683     739     701     671     738     730
     665     755     639     733     725     760     706     714     733     794
     746     788     722     756     847     778     805     864     762     872
     858     801     844     934     894     929     912     967     951     961
     907     995     922    1092     987    1032    1012     994    1000    1037
     975    1006     938     987     944     973     999    1011    1044    1091
    1034    1093     988     997    1022    1107     980    1032    1042    1091
     978    1092    1125    1167    1074    1160    1124    1217    1107    1217
    1286    1286    1354    1366    1441    1422    1389    1464    1509    1537
    1550    1584    1508    1553    1480    1427    1410    1452    1363    1442
    1338    1409    1208    1340    1337    1358    1317    1432    1345    1336
    1308    1375    1337    1367    1465    1444    1405    1526    1510    1502
    1716    1718    1820    2048    2178    2600    2855    3350    3939    4695
    5057    6088    6800    7709    8264    9323    9728   10391   10456   11614
   10337   10682    9800    9686    8890    8162    7092    6586    5775    4963
    4240    3886    3429    2992    2449    2488    2092    1970    1920    1821
    1778    1847    1738    1793    1768    1799    1611    1764    1752    1723
    1731    1760    1720    1775    1666    1814    1771    1774    1693    1825
    1778    1802    1710    1807    1798    1866    1872    1983    1973    1998
    1909    1968    2056    2150    2309    2356    2534    2583    2593    2832
    2767    2896    2874    3054    3147    2986    2934    2932    2918    2845
    2744    2612    2611    2508    2346    2297    2131    2214    2046    2046
    1955    2051    1840    1888    1826    1918    1840    1932    1844    1862
    1785    1890    1867    1948    1781    1858    1834    1977    1854    1873
    1807    1949    1843    1869    1879    1906    1799    1885    1906    1957
    1814    1976    1939    1891    1891    1937    1842    1924    1790    1866
    1855    1896    1895    1799    1904    1895    1832    1803    1913    1936
    1876    1973    1865    1967    1839    1955    1947    1920    1810    1852
    2004    1976    1918    1961    1914    1971    1898    2026    2041    1940
    1934    2065    2099    2149    2078    2183    2171    2269    2268    2254
    2353    2449    2136    2418    2284    2311    2161    2269    2117    2141
    2084    2037    2014    2028    1860    2033    1832    1864    1748    1733
    1752    1824    1687    1746    1729    1720    1732    1713    1797    1786
    1715    1725    1655    1714    1628    1695    1670    1827    1647    1683
    1696    1718    1737    1724    1824    1738    1782    1880    1771    1824
    1800    2007    1953    2084    1962    2054    2067    2168    2135    2251
    2323    2332    2291    2238    2384    2277    2144    2196    2053    2104
    1962    1998    1851    1913    1781    1747    1827    1768    1643    1788
    1683    1783    1614    1736    1684    1741    1676    1722    1667    1728
    1644    1737    1669    1750    1751    1686    1727    1669    1621    1640
    1684    1674    1626    1656    1597    1717    1536    1645    1608    1680
    1560    1755    1599    1655    1579    1671    1623    1637    1634    1639
    1664    1583    1581    1575    1661    1687    1578    1618    1624    1644
    1525    1653    1571    1666    1584    1611    1614    1657    1528    1696
    1614    1744    1643    1630    1643    1685    1632    1678    1641    1711
    1539    1660    1696    1645    1543    1750    1668    1684    1688    1688
    1752    1646    1633    1645    1656    1709    1627    1591    1629    1719
    1591    1695    1600    1614    1550    1646    1506    1650    1539    1608
    1554    1639    1525    1563    1557    1657    1579    1574    1572    1669
    1543    1567    1672    1608    1562    1665    1548    1724    1579    1572
    1610    1608    1588    1498    1546    1689    1482    1579    1601    1658
    1579    1437    1629    1636    1617    1552    1583    1633    1584    1611
    1601    1617    1575    1700    1593    1544    1542    1611    1664    1692
    1589    1620    1666    1680    1641    1672    1566    1691    1557    1707
    1681    1677    1577    1636    1652    1672    1649    1617    1697    1721
    1702    1778    1781    1697    1636    1762    1704    1730    1566    1683
    1754    1668    1655    1674    1690    1711    1552    1673    1693    1619
    1641    1681    1606    1698    1560    1550    1641    1612    1616    1604
    1687    1601    1624    1614    1620    1677    1556    1652    1580    1676
    1565    1650    1647    1661    1616    1590    1650    1611    1565    1594
    1695    1637    1629    1644    1586    1609    1579    1619    1663    1745
    1563    1687    1659    1608    1555    1675    1608    1610    1597    1547
    1728    1597    1629    1626    1607    1682    1588    1611    1553    1773
    1665    1596    1563    1673    1673    1667    1557    1666    1552    1673
    1642    1664    1565    1543    1616    1554    1566    1630    1588    1604
    1561    1740    1586    1584    1495    1655    1611    1642    1525    1685
    1500    1713    1579    1655    1609    1654    1533    1590    1659    1663
    1516    1669    1574    1563    1581    1645    1636    1640    1630    1691
    1644    1677    1662    1637    1724    1743    1718    1723    1738    1674
    1644    1627    1728    1729    1692    1627    1743    1649    1507    1740
    1559    1580    1562    1586    1599    1535    1561    1506    1568    1555
    1520    1561    1569    1586    1489    1626    1536    1543    1484    1588
    1504    1538    1543    1515    1546    1480    1456    1487    1541    1512
    1483    1507    1532    1553    1416    1466    1424    1517    1508    1458
    1501    1470    1418    1520    1482    1509    1426    1524    1547    1527
    1444    1530    1497    1567    1520    1539    1529    1611    1478    1483
    1626    1530    1443    1501    1514    1509    1494    1486    1463    1490
    1457    1493    1485    1456    1403    1489    1436    1469    1418    1487
    1578    1444    1431    1392    1449    1493    1381    1361    1387    1408
    1403    1408    1431    1478    1378    1479    1374    1432    1397    1369
    1463    1454    1317    1397    1390    1441    1380    1438    1389    1457
    1417    1414    1496    1408    1349    1463    1438    1479    1387    1491
    1551    1494    1396    1529    1479    1557    1485    1590    1624    1653
    1617    1618    1663    1624    1581    1669    1604    1670    1546    1557
    1590    1650    1576    1604    1615    1571    1484    1467    1484    1491
    1454    1465    1335    1464    1392    1367    1488    1474    1335    1433
    1398    1371    1371    1486    1383    1398    1368    1359    1375    1437
    1368    1309    1422    1429    1361    1399    1412    1452    1353    1374
    1446    1442    1321    1428    1394    1434    1387    1408    1417    1496
    1389    1356    1403    1439    1257    1406    1392    1441    1356    1365
    1406    1501    1368    1358    1366    1398    1412    1402    1405    1405
    1339    1417    1389    1407    1329    1378    1334    1419    1343    1351
    1338    1384    1293    1393    1313    1308    1255    1234    1302    1316
    1202    1298    1290    1326    1263    1275    1254    1290    1240    1315
    1282    1266    1239    1306    1275    1171    1239    1236    1281    1282
    1218    1230    1228    1246    1220    1240    1271    1192    1207    1305
    1248    1297    1253    1250    1241    1221    1239    1232    1260    1195
    1267    1216    1335    1231    1193    1245    1175    1239    1262    1225
    1296    1243    1165    1162    1198    1272    1241    1282    1254    1274
    1219    1245    1284    1284    1228    1204    1268    1321    1246    1179
    1215    1245    1209    1217    1293    1189    1247    1194    1163    1226
    1208    1229    1201    1199    1178    1226    1230    1150    1171    1179
    1227    1166    1098    1132    1225    1163    1176    1094    1198    1161
    1110    1146    1139    1187    1133    1072    1264    1194    1165    1180
    1220    1194    1084    1144    1172    1131    1132    1180    1139    1171
    1158    1179    1165    1225    1143    1165    1174    1178    1158    1158
    1217    1187    1169    1155    1218    1226    1140    1246    1286    1160
    1163    1225    1206    1186    1172    1202    1182    1232    1183    1142
    1188    1210    1157    1188    1220    1232    1135    1168    1233    1222
    1178    1155    1166    1215    1104    1166    1135    1112    1151    1156
    1136    1130    1128    1091    1171    1179    1111    1157    1142    1123
    1094    1115    1081    1072    1042    1139    1055    1114    1103    1090
    1128    1105    1092    1104    1040    1114    1108    1024    1110    1109
    1063     994    1133    1053    1001    1042    1047    1055    1128    1132
    1104    1093    1076    1086    1111    1074    1056    1021    1118    1141
    1028    1036    1048    1019    1077    1049    1049    1076    1059    1062
    1074    1085    1072    1139    1150    1047    1031    1117    1031    1086
    1107    1084    1076    1134    1091    1073    1080    1133    1007    1037
    1029    1098    1113    1110     982    1083    1023    1020    1096    1044
    1029    1006    1062    1078    1053     975    1059    1077    1025     998
    1090    1081    1022    1073    1098    1067    1024    1047    1018    1055
    1003    1042    1123    1019    1010    1035    1039    1023    1067    1067
    1081    1084     989    1077    1054    1077    1008     996    1085    1049
    1062    1029    1049    1059    1038    1067    1064    1024    1039    1057
    1123    1038     996    1063    1001    1020    1019    1065    1078    1112
    1102    1059    1089    1118    1047    1017    1083    1024    1001    1062
    1175    1149    1084    1072    1121    1117    1103    1047    1145    1127
    1091    1034    1090    1104    1012    1114    1137    1125    1110    1119
    1103    1099    1037    1058    1094    1104    1087    1118    1082    1159
    1111    1062    1229    1163    1024    1142    1123    1172    1120    1157
    1189    1159    1129    1162    1237    1218    1180    1263    1217    1090
    1215    1264    1196    1235    1230    1161    1233    1273    1214    1234
    1279    1305    1154    1278    1362    1348    1294    1277    1273    1391
    1274    1385    1369    1344    1297    1360    1430    1426    1379    1435
    1418    1454    1369    1456    1528    1577    1477    1587    1622    1675
    1625    1650    1757    1755    1651    1684    1887    1922    1803    1864
    1891    2060    2000    2132    2166    2278    2181    2331    2372    2509
    2487    2706    2726    2793    2788    3011    3181    3227    3244    3372
    3557    3708    3709    3683    3874    4074    4214    4156    4779    4747
    4572    4955    5078    5342    5178    5497    5511    5561    5690    5880
    6136    6142    6184    6252    6702    6725    6374    6634    6968    6883
    6666    6830    7064    7070    6646    6936    7121    7138    6791    6764
    7391    6947    6624    6556    6672    6557    6275    6043    6260    6095
    5798    5775    5712    5654    5486    5443    5210    5094    4679    4582
    4675    4550    4209    4310    4181    4045    3709    3613    3539    3496
    3224    3112    3293    3038    2824    2750    2790    2668    2429    2430
    2392    2283    2101    2136    2107    1966    1950    1841    1951    1794
    1684    1730    1698    1627    1698    1559    1713    1652    1602    1608
    1728    1749    1750    1691    2040    1949    1912    1980    2161    2161
    2210    2403    2464    2607    2630    2630    2886    2944    2852    3171
    3162    3222    3282    3355    3311    3344    3397    3257    3483    3341
    3207    3268    3232    3090    2930    2742    3070    2669    2551    2493
    2362    2269    2120    1962    1974    1863    1661    1605    1574    1453
    1379    1302    1292    1160    1095    1115    1053     986     942     949
     954     993     927     913     961    1009     934  508162
