$Informacoes da Fluorescencia de Raios-X:
"Sample    : GPE-612",                                                                    
"Operator  : LUIS",                                                                       
"Comment  : ",                                                                            
"Group     : thiago_acra2010ma",                                                          
"Date       : 2010-11-19 07:18:22",                                                       
"",                                                                                       
"Mesurement Condition",                                                                   
"------------------------------------------------------------------------------------",   
"Instrument : 700HS2   Atmosphere : Vac.   Collimator : 10(mm)   Spin : No",              
"------------------------------------------------------------------------------------",   
"Analyte               TG kV   uA      FI Acq.(keV)  Anal.(keV)  Time(sec)     DT(%)",    
"------------------------------------------------------------------------------------",   
"Na                    Rh 50 1000-Auto Al  0 - 20    0.8 - 1.2   Live -  959    9",       
"Channel_info_start",                                                                     
"Channel : Na",                                                                           
"Points : 2048
"Range : 0.000000 - 20.480000",                                                           
"Step : 0.010000",                                                                        
"Channel_info_end",                                                                       
$DATA:
       0    2047
       0       0       0       0       0       0       0       0       0    2048
       0       0       0       0       0       0       0       0       0       0
       0       0       0       0       0       0       0       0       0       0
       0       0       0       0       0       0       0       1       0       3
      55     119     123     136     134     140     137     131     120     130
     105     135     114     130      99     120     139     112     124     128
     114     130     124     138     114     147     135     148     129     165
     175     202     208     252     227     247     229     244     258     260
     212     221     208     209     178     182     154     120     124     141
      97     110     101     106     107     119     115     122     134     136
     114     134     103     122     118     132     118     113     126     130
     131     137     126     143     131     130     112     116     131     133
     122     129     137     120     117     141      96     114     136     125
     126     147     135     151     147     195     136     145     136     156
     155     150     145     144     128     128     123     176     219     233
     319     406     423     605     586     746     762     859     857     854
     886     919     802     812     729     657     568     528     384     357
     312     294     316     402     524     667     899    1173    1400    1810
    1915    2206    2261    2487    2476    2708    2325    2387    2150    2060
    1825    1537    1135    1008     726     581     468     373     308     291
     247     285     233     208     225     218     224     238     220     255
     203     216     221     201     191     175     179     179     163     180
     151     159     154     134     137     133     147     162     163     183
     224     243     302     370     423     492     514     636     717     695
     698     777     740     703     669     654     584     550     436     437
     338     278     227     195     204     176     171     164     206     190
     205     218     262     318     379     509     498     642     695     795
     791     813     880     845     791     855     808     714     649     587
     556     442     353     343     274     277     233     218     236     246
     220     249     235     242     235     258     186     189     186     186
     178     186     153     168     140     168     150     153     136     153
     143     122     135     130     149     151     143     144     134     153
     186     159     162     176     198     242     261     322     369     486
     603     769     952    1221    1470    1747    1966    2301    2523    2749
    2785    3033    3024    3089    2807    2789    2419    2259    1843    1638
    1363    1108     836     689     527     438     379     337     338     314
     359     368     484     590     731     935    1130    1489    1808    2370
    2923    3553    4046    5010    5603    6267    6576    7242    7282    7680
    7102    7284    6921    6575    5674    5179    4439    3905    2966    2485
    1855    1430    1048     831     619     438     384     337     336     386
     370     457     490     605     606     782     776     935     938    1056
     974    1094    1059    1074     996     990     879     827     753     730
     535     500     414     423     356     287     276     283     236     217
     220     205     221     221     208     233     203     209     203     241
     246     244     245     279     283     318     339     428     456     566
     689     846     868     983    1142    1278    1438    1572    1667    1805
    1736    1929    1768    1700    1664    1679    1468    1361    1239    1122
     923     831     714     665     561     535     482     415     401     437
     409     389     394     378     367     427     382     413     377     392
     432     476     429     510     494     544     522     564     590     574
     605     650     592     646     631     602     601     618     576     560
     527     535     483     517     481     497     422     450     451     397
     376     463     438     409     407     453     475     454     456     452
     431     465     432     445     438     466     470     477     475     485
     483     515     470     551     520     580     584     594     576     596
     577     666     599     638     587     672     557     597     599     598
     540     602     574     564     586     591     606     576     536     547
     557     538     571     607     588     606     567     590     577     623
     627     609     601     638     614     714     660     736     748     772
     832     808     915     886     867    1022     957    1034    1041    1106
    1031    1101     976    1034     980     935     896     934     885     879
     804     855     796     730     784     799     752     759     803     738
     737     721     796     781     790     809     864     898     898    1020
    1220    1427    1497    1947    2220    2920    3177    4100    4876    5965
    6743    8015    9109   10373   10944   12260   12851   13618   13557   14993
   13778   14132   12882   12689   11683   10891    9624    8792    7592    6686
    5426    4789    4012    3291    2562    2304    1863    1592    1392    1305
    1081    1108    1035     970     964    1009     886     900     919     933
     900     994     913     954     965     980     977     981     939     996
     932     972     974    1033    1010    1095    1056    1107    1163    1264
    1282    1360    1490    1528    1590    1791    1874    2051    2121    2287
    2307    2539    2477    2651    2781    2653    2506    2635    2551    2565
    2212    2326    1966    1970    1758    1643    1560    1514    1287    1313
    1218    1156    1100    1041    1038     984     987     991     955     955
     952     971     981     994     952     942     968    1044     958    1018
     980    1016     957    1060    1002    1055     991    1011    1004    1039
    1022    1022    1015    1072     959    1048    1043     993     981     965
     991    1014     955    1022    1012    1006     909     974     997    1031
     929     995     943    1085     946     965     959    1030     949    1012
     991    1025    1028    1114    1017    1000     994    1090    1069    1101
    1087    1136    1140    1124    1135    1186    1196    1249    1293    1317
    1266    1345    1255    1237    1301    1274    1210    1264    1184    1234
    1137    1128    1149    1079    1017    1044     987     988     931    1007
     933     981     892     973     866     984     889     879     881     950
     901     910     882     885     890     924     886     873     912     893
     921     941     908     880     885     968     912     987     970    1080
    1021    1063    1123    1160    1129    1187    1196    1274    1154    1321
    1252    1376    1297    1333    1381    1343    1304    1240    1236    1224
    1135    1163    1072    1127    1000     928     977     938     899     924
     933     882     882     829     880     918     833     883     853     907
     840     860     907     851     873     895     840     884     791     864
     841     809     808     875     835     871     821     869     840     827
     784     857     833     830     800     843     847     858     823     833
     844     837     828     810     813     816     806     832     847     875
     827     816     825     827     776     846     807     800     855     820
     831     861     764     837     863     829     775     808     870     838
     869     830     866     804     815     849     854     879     850     922
     859     853     842     786     801     843     795     895     847     864
     820     779     787     808     782     784     804     819     775     743
     821     836     765     786     801     767     774     780     813     781
     781     815     824     797     769     800     788     797     831     759
     768     847     791     792     762     810     778     786     787     816
     769     841     788     762     788     750     751     814     736     763
     757     796     775     877     770     823     768     804     794     784
     713     865     786     806     773     780     786     814     718     813
     764     819     792     840     784     811     805     806     823     847
     805     822     830     816     828     857     797     830     789     827
     795     826     786     808     841     819     766     779     797     787
     784     789     805     813     792     839     784     795     791     825
     856     816     817     826     796     810     850     851     828     814
     797     794     801     850     797     813     828     813     790     796
     793     782     807     792     847     840     793     860     811     846
     798     856     799     798     780     813     799     835     822     830
     796     806     750     849     798     823     808     835     763     793
     771     790     807     833     765     827     831     842     750     790
     766     857     811     787     778     801     766     803     780     804
     770     864     823     779     753     794     845     789     774     795
     826     795     763     835     789     787     749     775     804     770
     791     740     790     784     797     806     779     826     777     848
     782     784     830     774     842     843     771     807     809     844
     825     783     760     805     774     787     817     818     760     802
     794     798     780     741     712     774     733     712     805     795
     714     791     740     754     740     751     805     730     745     740
     765     780     635     718     719     752     681     699     729     737
     726     797     671     762     724     769     704     751     789     743
     772     728     732     697     737     698     687     721     795     740
     662     699     725     691     711     711     745     763     702     730
     734     767     714     770     721     692     667     720     762     672
     668     725     755     695     723     717     763     733     657     658
     718     685     720     704     683     665     649     698     694     738
     651     712     748     752     645     738     642     700     741     709
     696     730     716     706     732     692     656     666     684     710
     675     697     667     689     674     695     682     681     714     709
     722     692     633     697     762     682     684     736     692     709
     679     706     725     726     668     693     772     704     678     702
     702     737     693     747     737     735     689     677     710     674
     662     730     693     681     717     651     630     714     670     712
     696     667     633     684     729     660     647     645     670     688
     648     690     674     661     650     650     659     688     644     659
     668     704     637     639     703     676     612     673     694     681
     600     666     684     659     643     642     641     677     691     654
     646     710     654     667     685     665     698     668     686     728
     650     683     721     709     618     746     652     740     674     688
     711     685     624     728     698     710     616     631     643     623
     588     682     633     631     643     595     665     687     600     681
     648     666     584     637     572     614     610     587     613     651
     578     644     589     620     601     635     625     568     559     586
     583     633     589     602     578     607     567     560     651     622
     573     591     582     615     580     578     623     607     574     582
     608     618     585     592     607     590     545     631     646     605
     588     584     611     601     579     623     651     618     562     609
     627     626     581     564     583     611     592     570     568     588
     574     579     575     582     550     570     614     581     534     569
     566     584     569     566     557     539     552     593     585     572
     505     577     593     570     589     500     620     560     603     536
     534     511     554     530     531     562     523     604     603     579
     571     602     543     562     542     578     611     591     598     544
     581     594     568     548     614     581     584     575     562     589
     535     583     570     593     548     584     605     573     588     568
     555     594     583     552     586     587     551     540     571     563
     541     574     553     572     546     536     555     609     503     551
     507     563     528     542     517     525     496     561     517     565
     496     544     526     528     513     502     513     522     544     535
     536     535     495     551     544     557     533     530     555     574
     451     469     569     551     493     558     557     546     523     512
     522     491     543     536     521     538     531     536     511     529
     513     503     562     515     522     502     514     542     542     526
     524     498     589     579     525     567     500     531     491     514
     511     503     510     529     503     532     551     531     503     526
     523     535     514     555     522     528     530     527     558     547
     500     503     526     558     473     486     520     498     511     552
     515     525     529     488     548     501     499     498     519     536
     501     502     527     506     506     501     510     529     503     542
     507     517     515     497     517     525     502     515     541     494
     530     473     479     543     479     505     511     551     508     518
     549     515     499     532     493     530     515     540     534     549
     544     534     559     579     493     507     558     571     536     531
     600     533     535     490     536     529     520     543     586     571
     491     594     545     552     520     521     549     534     506     561
     561     499     574     527     558     533     488     528     535     581
     522     530     608     572     565     576     573     572     548     561
     584     566     543     523     568     536     579     600     593     601
     600     583     587     615     563     598     604     589     565     628
     640     619     606     585     714     656     616     632     633     680
     658     619     672     677     687     681     658     730     626     698
     708     694     719     728     770     715     760     793     788     810
     779     789     782     828     863     867     938     902     896     907
     993     961    1060    1023     999    1109    1108    1127    1222    1226
    1177    1309    1278    1380    1398    1412    1503    1548    1593    1562
    1773    1838    1727    1768    1921    1975    2025    2054    2316    2255
    2158    2362    2419    2471    2446    2568    2787    2689    2761    2834
    2853    2972    2925    2991    3103    3229    3122    3123    3279    3349
    3118    3113    3391    3322    3129    3357    3371    3286    3165    3218
    3596    3247    3172    3238    3146    3260    3086    3073    3055    2984
    2911    2845    2861    2804    2580    2718    2513    2589    2353    2321
    2392    2323    2087    2050    2152    2027    1817    1755    1836    1725
    1699    1564    1587    1522    1362    1353    1399    1238    1215    1184
    1151    1108    1073    1063    1074    1040     966     918     953     920
     873     922     859     871     863     813     815     881     880     893
     892     925     873     923    1064    1031    1117    1130    1168    1250
    1253    1231    1393    1333    1379    1499    1578    1565    1610    1647
    1683    1717    1651    1751    1775    1735    1723    1683    1716    1654
    1579    1489    1546    1518    1419    1335    1411    1289    1149    1171
    1089    1062     943     842     913     882     710     692     698     677
     630     581     604     570     523     514     510     508     520     503
     489     495     450     454     480     432     462  243898
