$Informacoes da Fluorescencia de Raios-X:
"Sample    : GPE-646",                                                                    
"Operator  : LUIS",                                                                       
"Comment  : ",                                                                            
"Group     : thiago_acra2010ma",                                                          
"Date       : 2010-11-19 10:55:30",                                                       
"",                                                                                       
"Mesurement Condition",                                                                   
"------------------------------------------------------------------------------------",   
"Instrument : 700HS2   Atmosphere : Vac.   Collimator : 10(mm)   Spin : No",              
"------------------------------------------------------------------------------------",   
"Analyte               TG kV   uA      FI Acq.(keV)  Anal.(keV)  Time(sec)     DT(%)",    
"------------------------------------------------------------------------------------",   
"Na                    Rh 50 1000-Auto Al  0 - 20    0.8 - 1.2   Live -  959   19",       
"Channel_info_start",                                                                     
"Channel : Na",                                                                           
"Points : 2048
"Range : 0.000000 - 20.480000",                                                           
"Step : 0.010000",                                                                        
"Channel_info_end",                                                                       
$DATA:
       0    2047
       0       0       0       0       0       0       0       0       0    2048
       0       0       0       0       0       0       0       0       0       0
       0       0       0       0       0       0       0       0       0       0
       0       0       0       0       0       0       0       2       2      16
     113     247     285     259     249     237     229     267     274     272
     252     253     224     239     277     244     267     257     258     254
     241     254     259     292     255     305     283     281     292     293
     268     260     253     308     269     288     286     247     256     285
     236     222     273     254     260     249     257     277     283     286
     281     288     276     302     312     329     316     325     344     362
     343     365     318     334     281     270     297     280     303     275
     270     284     287     296     246     300     326     264     259     273
     260     295     264     254     276     287     300     300     298     328
     363     403     397     408     464     428     456     502     403     447
     397     419     419     365     328     348     355     323     359     469
     527     637     712     913     925    1005    1147    1252    1270    1358
    1326    1430    1291    1233    1052    1033     908     797     719     684
     627     648     730     837     999    1323    1661    2171    2509    3202
    3288    3826    3927    4493    4283    4559    4127    4137    3615    3420
    3011    2610    2072    1729    1406    1193     995     946     898    1011
     958     986     978    1065    1046    1106    1100    1111     993     952
     905     887     745     715     625     602     552     535     480     442
     436     456     436     423     411     432     469     470     555     608
     697     870    1048    1201    1455    1770    1896    2054    2350    2519
    2331    2544    2526    2510    2272    2241    1979    1930    1427    1392
    1129    1037     807     746     653     718     645     730     831     894
    1070    1337    1821    2239    2733    3857    3908    4942    5338    6197
    6431    6959    6597    7212    6547    6731    5851    5677    4890    4296
    3451    3038    2252    1971    1472    1300    1158    1056    1032    1106
    1068     971     993    1135    1060    1046     881     862     762     714
     635     656     610     556     467     463     488     512     440     503
     451     502     494     500     551     524     524     566     582     600
     595     616     657     687     769     835    1015    1179    1482    2055
    2389    3285    3908    5128    5892    7540    8098    9833   10299   11795
   11360   12065   11912   12056   11124   10989    9464    8720    7274    6509
    5343    4444    3447    2799    2262    1987    1581    1555    1547    1604
    1753    2202    2714    3602    4543    6158    8102   11432   14124   19024
   23401   30138   34410   41335   47441   53669   55500   62272   61298   64983
   60712   61208   57512   54637   47048   42302   36296   31264   23747   19349
   14813   10948    7767    5885    3947    2965    2221    1883    1947    2116
    2390    3011    3467    4086    4710    5545    6134    7060    7244    8153
    7953    8759    7941    8149    7510    7301    6245    5941    5061    4439
    3533    3112    2346    1916    1418    1221     886     713     574     473
     404     430     385     429     366     401     385     393     389     424
     427     462     441     500     509     626     685     855     938    1182
    1394    1766    1853    2252    2508    2949    2977    3542    3621    3893
    3583    3833    3810    3872    3375    3311    2856    2810    2343    2017
    1773    1624    1339    1190     979     952     769     736     736     732
     638     705     691     646     594     703     679     693     703     743
     839     895     795     914     991    1007     994    1090    1102    1214
    1178    1209    1184    1146    1189    1144    1084    1124    1038    1071
    1002    1007     859     870     833     795     719     734     710     734
     686     784     628     750     669     712     703     704     661     735
     779     789     686     805     770     809     829     816     762     841
     791     832     808     856     797     954     914     995     939     919
     950    1002     964    1014     956    1002     965     979     909    1021
     878     966     925     924     897     912     955     932     878     953
     871     931     905     913     963    1009     901     934     939    1046
     933    1038     999    1069     993    1089    1106    1072    1119    1190
    1302    1356    1322    1447    1458    1529    1503    1587    1638    1753
    1669    1703    1595    1707    1498    1532    1476    1430    1437    1337
    1387    1378    1239    1263    1260    1301    1302    1268    1275    1255
    1226    1265    1259    1363    1357    1480    1424    1572    1704    1925
    2132    2486    2834    3642    4475    5546    6453    8000    9732   11621
   13333   16070   17949   20110   21302   23839   25512   27017   26292   29061
   26815   27394   25045   24149   22199   20842   17955   16663   14005   12444
   10064    8754    7325    6068    4714    4287    3290    2979    2389    2267
    1923    1932    1805    1729    1627    1634    1552    1591    1604    1679
    1566    1630    1656    1631    1522    1602    1664    1659    1553    1679
    1600    1634    1619    1707    1742    1771    1784    1960    1995    2165
    2126    2329    2601    2818    2968    3298    3512    3899    3988    4308
    4454    4871    4830    5130    5092    5226    4847    4881    4719    4546
    4325    4273    3630    3609    3155    2941    2715    2523    2289    2296
    2090    2044    1838    1773    1795    1824    1666    1754    1721    1768
    1651    1663    1688    1709    1663    1723    1752    1775    1664    1752
    1762    1844    1808    1826    1794    1819    1701    1804    1743    1808
    1741    1794    1695    1713    1627    1678    1710    1751    1670    1704
    1714    1717    1679    1744    1693    1654    1691    1680    1710    1680
    1649    1729    1661    1732    1586    1754    1608    1757    1678    1695
    1789    1785    1683    1818    1833    1811    1805    1874    1805    1901
    1818    1944    1889    2006    1987    2088    2055    2144    2042    2214
    2189    2312    2155    2242    2235    2163    2127    2148    2056    1966
    1935    1955    1807    1903    1760    1909    1733    1722    1646    1638
    1659    1655    1541    1580    1621    1576    1575    1549    1631    1605
    1484    1629    1602    1643    1433    1535    1551    1546    1522    1620
    1539    1611    1571    1709    1586    1696    1666    1772    1758    1842
    1932    2005    2056    2079    2172    2242    2406    2479    2382    2413
    2543    2520    2501    2481    2624    2470    2489    2420    2349    2329
    2073    2135    1917    1932    1827    1871    1812    1747    1657    1712
    1581    1619    1591    1554    1635    1569    1516    1599    1712    1547
    1540    1541    1537    1575    1499    1525    1619    1576    1476    1548
    1499    1556    1497    1528    1539    1498    1421    1543    1468    1517
    1479    1600    1431    1619    1466    1562    1542    1562    1423    1510
    1500    1553    1437    1481    1517    1542    1475    1469    1673    1614
    1443    1440    1496    1520    1488    1421    1535    1518    1452    1556
    1520    1650    1508    1588    1587    1639    1492    1558    1557    1672
    1653    1663    1638    1663    1547    1745    1677    1644    1653    1618
    1753    1609    1525    1543    1576    1583    1497    1636    1554    1514
    1491    1554    1589    1513    1460    1503    1591    1587    1404    1523
    1583    1557    1484    1496    1427    1535    1508    1492    1451    1578
    1469    1459    1578    1535    1476    1469    1522    1558    1462    1520
    1490    1530    1469    1474    1532    1505    1459    1533    1514    1543
    1505    1445    1563    1521    1408    1500    1429    1504    1442    1442
    1514    1436    1450    1481    1540    1550    1444    1547    1462    1547
    1469    1492    1457    1504    1459    1538    1560    1583    1521    1586
    1508    1542    1505    1575    1588    1621    1494    1625    1604    1655
    1577    1580    1600    1646    1574    1645    1580    1689    1649    1532
    1560    1639    1520    1616    1528    1595    1556    1566    1552    1491
    1515    1618    1555    1559    1461    1535    1546    1527    1509    1509
    1528    1707    1525    1521    1486    1594    1551    1559    1544    1557
    1419    1498    1443    1540    1536    1515    1442    1589    1481    1560
    1512    1648    1408    1537    1455    1500    1424    1558    1456    1619
    1460    1488    1468    1515    1478    1462    1473    1537    1445    1473
    1567    1511    1394    1519    1474    1560    1466    1501    1572    1515
    1513    1449    1566    1481    1354    1565    1464    1504    1441    1477
    1433    1532    1452    1522    1510    1550    1479    1472    1493    1402
    1469    1528    1444    1397    1450    1455    1453    1439    1427    1440
    1513    1524    1459    1446    1490    1444    1456    1507    1387    1456
    1422    1443    1426    1536    1395    1445    1510    1546    1490    1533
    1548    1496    1495    1609    1575    1627    1473    1560    1612    1604
    1494    1542    1551    1610    1443    1560    1558    1573    1510    1539
    1475    1451    1367    1464    1479    1465    1356    1384    1411    1439
    1343    1443    1405    1413    1393    1459    1479    1388    1337    1386
    1383    1366    1287    1394    1362    1445    1385    1391    1403    1300
    1265    1396    1397    1323    1301    1408    1346    1373    1299    1342
    1336    1434    1308    1418    1397    1376    1298    1303    1368    1426
    1367    1404    1366    1414    1350    1388    1469    1449    1383    1412
    1476    1432    1364    1329    1402    1479    1435    1433    1388    1450
    1361    1362    1408    1392    1332    1363    1368    1332    1305    1355
    1342    1314    1301    1322    1307    1332    1243    1305    1372    1275
    1257    1362    1293    1375    1305    1291    1299    1330    1289    1321
    1266    1295    1252    1378    1321    1344    1272    1265    1257    1315
    1271    1334    1376    1305    1242    1354    1299    1304    1300    1367
    1318    1365    1341    1328    1381    1383    1327    1501    1461    1445
    1317    1382    1384    1435    1330    1435    1417    1430    1368    1374
    1367    1368    1339    1444    1382    1315    1316    1300    1344    1330
    1294    1347    1249    1259    1208    1299    1232    1325    1189    1341
    1256    1302    1149    1257    1219    1265    1201    1271    1226    1209
    1186    1185    1255    1304    1226    1223    1259    1268    1232    1211
    1198    1211    1209    1174    1225    1276    1209    1229    1326    1286
    1257    1411    1454    1367    1310    1445    1382    1456    1447    1569
    1590    1586    1596    1650    1619    1802    1669    1734    1910    1773
    1643    1813    1814    1814    1757    1805    1737    1749    1649    1652
    1672    1597    1531    1450    1463    1458    1354    1362    1314    1372
    1239    1238    1227    1259    1186    1191    1254    1208    1060    1185
    1183    1138    1092    1231    1123    1102    1111    1116    1128    1100
    1150    1165    1139    1148    1128    1111    1178    1172    1055    1134
    1140    1109    1139    1124    1189    1151    1138    1207    1230    1178
    1134    1041    1158    1147    1007    1127    1163    1162    1120    1126
    1124    1133    1116    1095    1106    1159    1112    1178    1092    1155
    1106    1145    1120    1164    1047    1058    1157    1144    1096    1044
    1187    1085    1066    1025    1157    1159    1019    1073    1104    1096
     996    1083    1066    1094    1104    1068    1161    1106    1097    1054
    1111    1105     986     977    1056    1043    1051    1127    1037    1071
    1076    1108    1007    1017    1073    1009    1101    1083    1041    1134
    1017    1072    1031    1034    1054    1083    1058    1037    1064    1058
    1048    1120    1044    1127    1145    1150    1080    1142    1121    1158
    1130    1193    1155    1188    1236    1271    1115    1211    1326    1259
    1203    1281    1284    1242    1189    1340    1285    1265    1248    1261
    1261    1278    1122    1226    1209    1277    1090    1161    1172    1162
    1101    1114    1084    1131    1027    1036    1094    1097     996    1042
    1064    1045    1005    1047    1019    1033     976     966    1027    1013
    1041     975    1015    1005     974     990    1048    1043    1018    1026
    1006     965     952    1014     979    1025     976     928    1006    1000
     934     948    1048     993     918    1016     987    1008     969     977
     929    1028     972     942     965     948     987     952    1085    1027
     990    1000     965    1064     934     999     951     940     958    1014
     994    1024     948    1014     985     983     927     973     959    1035
     967     924     939     997     944     978     925     939     920     953
     952     950     941     919     895     971     983    1015     974     953
     951     964     993     993     970     927    1003     915     912     946
     910     947     892     970    1004     948     990     979    1048     956
     903    1037     894     936     930     951     935     976     912     936
    1050     963     867     954     951     908     906     900    1043     967
     940     934     942     987     926     930     944    1006     945     987
     970     968     899     947     973    1013     933     984     996    1035
    1004     993     982    1024     971     913     928     938     957     920
    1075    1012     965    1013     989    1013     911     990    1034     959
     936     990    1039    1007     911    1030    1025     990     994     967
    1003     964     995    1010    1031     989    1024    1033    1038    1003
     953     930    1120    1071     998    1053    1016    1076    1018     992
    1072    1071     984    1075    1082    1044    1081    1116    1077    1028
    1074    1069    1093    1093    1045    1073    1070    1166    1106    1069
    1139    1121    1035    1095    1224    1158    1143    1171    1183    1173
    1163    1229    1232    1200    1147    1250    1245    1274    1258    1302
    1258    1341    1263    1298    1401    1361    1293    1366    1406    1446
    1380    1437    1510    1577    1476    1532    1689    1708    1595    1614
    1769    1796    1819    1837    1967    1966    1966    2033    2127    2184
    2256    2428    2498    2498    2522    2621    2756    2917    2909    2947
    3157    3247    3231    3418    3528    3717    3704    3761    4242    4162
    4069    4432    4734    4758    4717    4899    5134    5260    5247    5516
    5584    5715    5515    5778    6119    6044    5819    6004    6262    6260
    6079    6122    6542    6371    6023    6449    6388    6373    6226    5986
    6804    6223    5875    5991    5992    5967    5753    5742    5636    5747
    5151    5183    5151    5009    4813    4808    4678    4595    4255    4330
    4072    4024    3806    3625    3855    3529    3282    3214    3110    3123
    2821    2705    2754    2713    2509    2387    2389    2311    2144    2114
    2012    2000    1884    1918    1804    1807    1635    1659    1730    1563
    1543    1476    1566    1540    1536    1424    1490    1523    1407    1454
    1613    1590    1553    1580    1795    1697    1799    1806    1946    1915
    2007    2145    2214    2353    2228    2391    2522    2660    2573    2648
    2768    2862    2916    2996    3047    3067    2918    2952    3062    2954
    2915    2790    2843    2837    2615    2466    2757    2605    2174    2213
    2137    1961    1842    1762    1746    1649    1460    1418    1422    1308
    1216    1182    1120    1091     975     988     991     944     854     869
     910     905     824     834     880     844     821  454544
