$Informacoes da Fluorescencia de Raios-X:
"Sample    : GPE-78",                                                                     
"Operator  : Luis",                                                                       
"Comment  : ",                                                                            
"Group     : thiago_acra2010ma",                                                          
"Date       : 2010-11-16 00:40:23",                                                       
"",                                                                                       
"Mesurement Condition",                                                                   
"------------------------------------------------------------------------------------",   
"Instrument : 700HS2   Atmosphere : Vac.   Collimator : 10(mm)   Spin : No",              
"------------------------------------------------------------------------------------",   
"Analyte               TG kV   uA      FI Acq.(keV)  Anal.(keV)  Time(sec)     DT(%)",    
"------------------------------------------------------------------------------------",   
"Na                    Rh 50 1000-Auto Al  0 - 20    0.8 - 1.2   Live -  959   15",       
"Channel_info_start",                                                                     
"Channel : Na",                                                                           
"Points : 2048
"Range : 0.000000 - 20.480000",                                                           
"Step : 0.010000",                                                                        
"Channel_info_end",                                                                       
$DATA:
       0    2047
       0       0       0       0       0       0       0       0       0    2048
       0       0       0       0       0       0       0       0       0       0
       0       0       0       0       0       0       0       0       0       0
       0       0       0       0       0       0       0       1       4      12
      75     203     182     227     203     216     196     196     198     242
     211     241     197     226     200     219     180     215     193     220
     209     217     203     212     217     230     215     241     230     258
     255     273     304     307     309     354     385     382     347     341
     328     334     311     319     252     268     244     255     222     260
     228     288     248     260     245     299     280     252     306     285
     270     311     259     301     244     246     215     251     224     219
     217     215     216     250     235     233     227     200     238     229
     229     260     224     218     240     233     244     208     228     228
     258     261     232     283     290     267     254     321     244     278
     261     274     240     256     248     272     250     283     309     377
     410     554     635     871     860    1131    1263    1437    1380    1490
    1445    1591    1382    1383    1233    1075     999     886     683     708
     601     593     530     694     809    1099    1367    1855    2298    2969
    3184    3697    4102    4491    4380    4806    4272    4334    3635    3507
    2933    2493    1856    1514    1172     918     653     580     513     418
     314     397     337     348     313     375     335     382     356     396
     424     423     400     327     379     313     288     305     260     291
     272     237     254     248     263     230     269     287     299     283
     347     385     402     507     563     697     704     881     886     956
     995    1059    1124    1057     895     886     821     718     635     657
     494     463     408     377     405     412     359     472     502     593
     653     914    1211    1672    2046    2883    3086    4074    4273    5402
    5543    6139    5974    6474    6214    5963    5190    4956    4125    3640
    2844    2542    1828    1522    1161    1061     879     925     804     893
     919     918     890     900     915     876     756     740     644     604
     549     514     495     409     393     414     377     369     319     330
     365     317     317     357     307     368     330     359     367     349
     373     421     427     465     491     591     735     941    1231    1829
    2287    3198    4161    5773    7151    8866   10402   12899   13688   15499
   15805   16817   16861   16938   15561   15556   12966   11917    9878    8511
    6780    5346    3764    2848    2058    1487    1170    1005     917     894
     933    1099    1323    1612    1724    2119    2318    2849    3007    3666
    4114    4673    4935    5651    6033    6594    6891    7295    7134    7472
    6803    6980    6322    5973    5145    4638    3938    3501    2557    2096
    1559    1259     899     748     549     506     370     354     393     399
     377     493     517     593     662     719     890     891     963    1085
    1044    1100    1112    1049    1035    1077     880     880     788     714
     653     629     497     527     421     451     372     395     350     363
     375     381     389     364     362     382     367     417     386     381
     376     416     389     442     418     501     597     686     714     852
     946    1177    1366    1568    1840    2128    2243    2561    2669    2975
    2934    3029    2926    2961    2678    2666    2392    2296    1856    1752
    1477    1316    1115     985     867     782     691     728     665     725
     653     592     679     661     615     634     626     630     633     721
     686     742     654     803     791     888     858     964     963    1021
    1015     968    1015    1030    1000    1017    1011     993     944     882
     855     922     791     778     721     736     686     714     650     690
     701     769     641     699     648     715     697     726     728     692
     709     751     733     715     772     801     757     815     746     798
     772     805     828     794     797     846     866     924     870     933
     975     980     919    1038     923     985     918     946     901     980
     973     931     965     956     899     927     884     981     910    1030
     905     915     967     953     922     964     962     944     977    1021
     985    1027    1006    1086    1008    1207    1125    1221    1259    1247
    1304    1441    1445    1536    1510    1674    1604    1769    1650    1743
    1690    1824    1712    1833    1716    1626    1530    1599    1404    1460
    1373    1383    1242    1327    1253    1283    1261    1238    1287    1351
    1257    1320    1260    1403    1358    1363    1418    1484    1466    1665
    1743    1931    2079    2752    3074    3869    4480    5701    6675    8125
    9255   10980   12707   14529   15671   17649   18848   20328   19970   22612
   20511   21328   19582   19348   17803   16777   14321   13260   11447   10130
    8003    7120    5868    4909    3932    3501    2779    2500    2169    1948
    1817    1738    1653    1617    1576    1605    1498    1628    1617    1649
    1522    1545    1493    1643    1530    1576    1524    1619    1500    1588
    1576    1681    1599    1630    1702    1734    1778    1876    1809    1979
    1882    2170    2290    2512    2405    2737    2927    3194    3261    3497
    3707    3896    3832    4211    4178    4317    3952    4196    3891    3890
    3673    3508    3329    3178    2737    2701    2437    2353    2205    2112
    2015    1901    1711    1828    1768    1701    1671    1713    1648    1693
    1585    1667    1614    1674    1616    1623    1688    1702    1540    1750
    1645    1817    1669    1770    1718    1736    1645    1666    1675    1767
    1702    1691    1755    1732    1635    1653    1692    1763    1566    1600
    1698    1707    1634    1650    1648    1677    1613    1739    1785    1613
    1659    1714    1670    1681    1568    1670    1661    1723    1669    1731
    1729    1764    1660    1832    1687    1720    1750    1780    1744    1782
    1795    1846    1874    1914    1861    1862    1874    2028    2007    2117
    2092    2085    2050    2179    2027    2003    1955    1988    2014    2073
    1838    1900    1875    1789    1692    1755    1669    1651    1566    1674
    1600    1658    1541    1598    1589    1516    1457    1546    1535    1601
    1516    1564    1467    1585    1480    1553    1497    1533    1451    1560
    1478    1557    1466    1446    1481    1554    1483    1637    1576    1672
    1535    1586    1628    1724    1703    1797    1770    1883    1916    1915
    1959    2010    1890    1979    2014    1928    1804    1877    1831    1868
    1699    1786    1732    1693    1551    1600    1571    1629    1466    1590
    1539    1503    1421    1460    1528    1578    1452    1539    1430    1537
    1408    1444    1466    1505    1393    1475    1518    1523    1446    1451
    1479    1450    1316    1517    1348    1511    1356    1404    1399    1478
    1352    1435    1359    1453    1386    1404    1477    1443    1396    1467
    1384    1397    1342    1404    1501    1353    1412    1381    1397    1384
    1430    1385    1419    1487    1360    1411    1473    1392    1364    1438
    1438    1473    1363    1407    1391    1413    1405    1402    1335    1457
    1435    1512    1455    1471    1354    1404    1451    1487    1343    1464
    1472    1428    1350    1449    1459    1354    1341    1409    1403    1435
    1313    1383    1445    1408    1360    1388    1373    1388    1322    1407
    1359    1391    1432    1424    1358    1344    1340    1397    1396    1418
    1340    1363    1346    1312    1310    1257    1375    1338    1349    1367
    1342    1378    1258    1296    1348    1380    1357    1361    1334    1393
    1342    1374    1376    1371    1369    1401    1435    1349    1325    1354
    1403    1338    1322    1397    1373    1416    1364    1358    1353    1327
    1351    1381    1393    1371    1325    1396    1376    1413    1433    1522
    1338    1395    1348    1394    1300    1405    1287    1350    1408    1423
    1302    1422    1323    1418    1326    1502    1393    1448    1236    1365
    1344    1434    1312    1319    1394    1449    1338    1344    1384    1449
    1448    1427    1395    1370    1373    1419    1410    1392    1420    1401
    1426    1486    1337    1372    1387    1449    1276    1453    1471    1477
    1329    1373    1377    1462    1272    1361    1396    1390    1326    1434
    1431    1416    1343    1325    1343    1454    1385    1427    1383    1389
    1328    1380    1411    1423    1346    1405    1423    1439    1346    1409
    1412    1393    1292    1424    1385    1414    1385    1428    1386    1412
    1383    1407    1386    1386    1319    1382    1376    1390    1354    1299
    1400    1377    1327    1359    1339    1362    1275    1336    1387    1327
    1320    1441    1317    1350    1279    1357    1399    1356    1300    1360
    1402    1390    1350    1290    1417    1421    1280    1412    1318    1354
    1346    1335    1323    1423    1399    1358    1407    1457    1393    1398
    1495    1461    1394    1469    1470    1455    1348    1443    1452    1519
    1391    1455    1436    1459    1326    1384    1412    1389    1317    1437
    1360    1387    1280    1378    1366    1302    1308    1358    1344    1278
    1236    1325    1316    1287    1254    1306    1331    1356    1229    1329
    1253    1341    1178    1229    1272    1336    1289    1270    1270    1286
    1290    1286    1235    1255    1214    1232    1240    1275    1220    1320
    1356    1310    1241    1238    1249    1336    1181    1203    1249    1266
    1221    1256    1259    1295    1149    1228    1246    1276    1167    1198
    1237    1208    1183    1203    1193    1226    1182    1198    1209    1229
    1237    1291    1295    1202    1167    1232    1188    1268    1235    1213
    1204    1185    1171    1254    1231    1236    1136    1253    1174    1151
    1128    1214    1244    1199    1155    1241    1201    1195    1242    1211
    1193    1255    1120    1183    1266    1214    1176    1151    1176    1228
    1141    1236    1203    1213    1098    1244    1191    1192    1170    1241
    1220    1245    1271    1238    1259    1337    1156    1292    1311    1296
    1232    1319    1210    1322    1240    1252    1306    1265    1199    1262
    1240    1302    1163    1228    1216    1267    1185    1303    1212    1235
    1166    1201    1184    1267    1149    1192    1146    1195    1117    1215
    1154    1150    1143    1166    1107    1177    1096    1158    1194    1141
    1057    1171    1150    1172    1084    1116    1195    1203    1112    1094
    1137    1130    1114    1134    1185    1162    1078    1070    1154    1140
    1097    1171    1133    1133    1104    1096    1147    1153    1104    1131
    1127    1180    1103    1144    1179    1155    1148    1139    1222    1198
    1184    1216    1201    1137    1170    1147    1187    1172    1170    1112
    1104    1182    1023    1166    1101    1169    1060    1092    1113    1141
    1074    1104    1140    1114     960    1080    1086    1129     972    1082
    1126    1126    1071    1023    1005    1077    1014    1078    1035    1096
     965     975    1098    1111     991    1038    1096    1103    1064    1057
    1011    1086    1051    1111    1039    1088     945    1080    1072    1014
    1001    1025    1072    1062     978    1086    1092    1106     986    1014
    1046    1053     971    1090    1075    1070    1061    1036    1063    1093
    1015    1000    1038    1027     972     961    1029     976     984     971
    1055    1020    1000    1061    1053     987    1004     988     992    1038
     985    1034     955    1011     966     973     925    1007    1030     986
     990     926     955     963     968     928     967    1022     914     997
     949    1029     985     963     918     936    1018     920     921     945
     934     964     929     966     964     975     911     939    1027    1012
     919     976     966     984     942    1021     882     955     961     927
     962    1042     956    1043     996     968     961    1021     992     964
    1086     994    1031    1004     922    1034    1014    1016     952    1005
    1003    1007     920     981     964    1021     930     992     945     981
     948     961     955     953     911     983     935     946     884     899
     932     941     944     940     915     935     851     866     912     957
     919     937     906     950     908     944     891     923     931     960
     964     941     909     942     901     915     919     907     923     912
     895     892     932     922     872     865     944     889     875     871
     913     911     907     878     902     872     898     873     883     895
     913     912     934     932     825     861     892     930     815     873
     912     883     867     882     932     951     852     862     932     885
     884     913     885     855     832     841     883     867     898     854
     915     946     898     909     907     899     874     875     880     824
     900     893     878     877     886     856     948     886     836     881
     871     904     811     852     869     878     860     853     882     912
     826     911     886     894     848     834     877     935     859     879
     968     872     807     905     908     888     818     886     935     874
     915     830     884     900     841     940     849     911     843     876
     877     910     877     907     903     935     855     951     887     972
     917     878     916     972     866     847     977     946     909     894
     944     861     916     939     915     928     897     879     929     916
     886     898     897     911     885     942     898     935     925     846
     962     983     966     974     935     973     883     879     918     975
     852     900    1018     977     908     959     958     908     933     951
    1004     970     950     972     978    1064     976    1030    1005    1006
     923    1018    1009    1002    1007    1051    1036    1084     985    1022
    1044    1086    1036    1036    1147    1124    1011    1046    1086    1124
    1102    1103    1098    1136    1077    1149    1147    1218    1158    1143
    1228    1203    1212    1230    1299    1296    1309    1220    1267    1339
    1394    1315    1396    1510    1428    1489    1530    1529    1531    1528
    1555    1696    1643    1740    1750    1773    1864    1869    2024    1991
    2005    2120    2211    2327    2255    2300    2508    2701    2574    2654
    2913    2925    2976    2948    3154    3424    3380    3408    3791    3844
    3666    3844    4073    4249    4160    4472    4586    4673    4495    4606
    4856    4971    4849    5013    5256    5247    5268    5265    5479    5492
    5461    5416    5747    5909    5416    5658    5712    5759    5466    5494
    6036    5628    5394    5474    5380    5499    5247    5246    5193    5154
    4862    4902    4982    4877    4486    4512    4491    4501    4063    4184
    3919    3975    3657    3669    3617    3505    3158    3291    3278    3042
    2874    2828    2740    2714    2416    2379    2312    2350    2181    2048
    2031    1983    1860    1895    1887    1745    1674    1661    1606    1590
    1478    1505    1500    1455    1426    1384    1504    1390    1354    1449
    1488    1487    1464    1484    1691    1633    1666    1740    1846    1810
    1934    2062    2090    2177    2159    2264    2458    2562    2545    2575
    2718    2812    2848    2879    2854    2968    2893    2936    3065    2974
    2843    2730    2840    2772    2560    2451    2683    2581    2262    2180
    2081    2092    1832    1734    1773    1655    1515    1367    1416    1221
    1186    1052    1067    1034     977     934     938     866     810     784
     841     876     788     775     805     789     814  423959
