$Informacoes da Fluorescencia de Raios-X:
"Sample    : GPE-72",                                                                     
"Operator  : Luis",                                                                       
"Comment  : ",                                                                            
"Group     : thiago_acra2010ma",                                                          
"Date       : 2010-11-15 22:34:08",                                                       
"",                                                                                       
"Mesurement Condition",                                                                   
"------------------------------------------------------------------------------------",   
"Instrument : 700HS2   Atmosphere : Vac.   Collimator : 10(mm)   Spin : No",              
"------------------------------------------------------------------------------------",   
"Analyte               TG kV   uA      FI Acq.(keV)  Anal.(keV)  Time(sec)     DT(%)",    
"------------------------------------------------------------------------------------",   
"Na                    Rh 50  914-Auto Al  0 - 20    0.8 - 1.2   Live -  960   21",       
"Channel_info_start",                                                                     
"Channel : Na",                                                                           
"Points : 2048
"Range : 0.000000 - 20.480000",                                                           
"Step : 0.010000",                                                                        
"Channel_info_end",                                                                       
$DATA:
       0    2047
       0       0       0       0       0       0       0       0       0    2048
       0       0       0       0       0       0       0       0       0       0
       0       0       0       0       0       0       0       0       0       0
       0       0       0       0       0       0       0       4       6      12
      88     314     320     304     284     300     320     304     276     319
     315     331     305     347     281     309     331     305     315     309
     311     330     334     331     333     366     307     348     335     343
     319     317     329     348     310     309     297     338     352     358
     320     320     316     347     308     357     347     391     384     485
     468     592     645     739     840     978     977    1051    1058    1066
     999     927     821     846     681     607     519     514     458     417
     385     382     361     397     353     360     399     416     372     401
     355     419     359     393     380     358     355     355     346     345
     347     390     329     330     336     312     339     415     324     343
     361     377     342     345     320     355     330     350     355     370
     349     398     447     479     465     502     510     668     599     729
     724     914     957    1088    1063    1139    1156    1225    1088    1279
    1124    1013     831     860     732     700     595     592     588     646
     684     735     656     758     768     797     708     776     729     693
     608     619     483     545     504     487     433     504     467     443
     437     481     396     459     403     445     417     466     456     489
     507     500     512     533     537     522     531     570     464     611
     550     580     566     658     611     696     713     779     792     878
     992    1103    1163    1448    1594    1941    2051    2370    2594    2788
    2917    2990    2976    3021    2807    2707    2373    2371    1959    2003
    1656    1743    1499    1494    1509    1613    1652    1952    2264    2870
    3614    5019    6698    9542   12397   18399   20364   27335   30225   37079
   40019   44471   43815   47000   43231   43206   36885   34400   28698   24518
   18309   15626   10661    8878    6356    5561    4700    4537    4312    4804
    4725    5024    4880    4945    4857    4597    3982    3741    3106    2845
    2226    1963    1566    1365    1133    1015     973     950     829     861
     852     818     832     830     776     877     887     955     920    1022
     888    1084    1056    1228    1385    1683    2161    2897    3893    5771
    7688   11394   14426   20530   25658   33546   38490   48350   53035   61404
   62072   67593   66837   67499   61090   60708   50374   46311   36708   31281
   23978   19015   13288    9964    7006    5012    3471    3005    2620    2725
    2874    3479    4024    4945    5602    6598    7149    8161    8317    9222
    9026    9358    8737    9025    8690    8459    7578    7592    6807    6578
    5710    5354    4623    4130    3460    3073    2551    2112    1665    1349
    1027     817     671     639     457     410     378     373     347     371
     331     408     444     512     565     629     661     701     669     804
     785     819     810     833     822     759     648     659     626     576
     538     461     472     436     416     430     393     371     384     400
     389     425     399     464     384     423     418     443     392     441
     413     463     470     488     476     445     445     484     462     489
     489     552     587     575     593     633     689     754     683     749
     670     727     662     731     712     716     673     646     660     640
     616     624     641     604     573     645     541     571     605     662
     650     624     598     635     612     638     642     672     645     685
     702     708     646     723     660     728     690     672     737     750
     746     747     722     753     698     799     755     780     690     726
     681     789     681     691     729     757     708     750     715     738
     792     835     795     807     759     815     775     836     774     809
     749     866     759     872     808     870     820     880     804     887
     932     844     911     963     906     934     912    1007     923    1068
     958     967     951    1079    1025    1004     955    1097    1038     990
    1042    1020    1100    1111     957     974    1087    1122    1024    1088
    1024    1107    1066    1052    1064    1070    1093    1083    1139    1163
    1140    1181    1119    1171    1140    1245    1212    1347    1213    1257
    1261    1356    1318    1419    1398    1371    1359    1433    1465    1528
    1500    1550    1440    1494    1513    1540    1464    1510    1426    1494
    1513    1498    1390    1425    1424    1510    1342    1434    1467    1558
    1306    1465    1445    1530    1393    1508    1434    1564    1529    1572
    1561    1654    1638    1734    1748    1980    1956    2141    2309    2569
    2567    3021    3112    3511    3655    3964    4109    4260    4314    4767
    4436    4593    4176    4268    4016    3823    3617    3485    3154    2942
    2658    2494    2397    2310    2059    2170    1921    2042    1843    1845
    1826    1906    1782    1932    1940    1978    1772    1824    1912    1928
    1778    1912    1893    1928    1915    1966    1909    1959    1861    2012
    2016    1983    1813    1920    1957    2097    1901    2048    1967    1981
    2003    2087    2091    2082    1999    2168    2128    2224    2204    2214
    2277    2315    2230    2445    2447    2393    2266    2386    2372    2289
    2196    2261    2260    2210    2070    2092    2116    2090    1988    2108
    1993    2114    1963    1990    2068    2019    1962    2083    1963    2061
    1966    1983    2036    2017    1921    1989    2097    2046    1985    2121
    1961    2053    2088    1983    2048    2048    1988    2089    2016    2126
    1922    2182    1993    2094    1966    1994    1930    2165    1854    2049
    2061    2059    1909    1999    1962    2080    1912    2044    2129    2127
    1994    2058    2022    2112    1921    2104    2079    2197    2025    2116
    2124    2167    2068    2281    2151    2219    2060    2195    2205    2220
    2203    2362    2237    2354    2275    2415    2278    2484    2411    2511
    2468    2644    2395    2582    2493    2560    2512    2371    2393    2425
    2229    2334    2310    2224    2069    2167    2127    2084    1996    2036
    2030    2061    1914    1944    1918    2023    1940    1927    1876    2014
    1926    1970    1940    2088    1912    1962    1966    2052    1931    2002
    1947    1967    1923    1954    1975    2036    1884    2153    2083    2080
    2150    2121    2130    2310    2172    2423    2490    2682    2484    2608
    2607    2814    2637    2780    2714    2640    2621    2563    2532    2552
    2359    2439    2326    2298    2025    2091    2080    2133    1959    2072
    1995    1973    1853    1988    1934    2034    1875    1930    2012    1940
    1900    1926    2041    1986    1827    1892    1962    2003    1857    1873
    1900    1941    1855    1942    1871    1983    1911    1925    1837    1873
    1845    1872    1873    1978    1810    1980    1900    1897    1811    1884
    1880    1968    1840    1996    1811    1947    1720    1922    1857    1872
    1836    1907    1871    1911    1823    1952    1848    1939    1812    1909
    1888    1897    1849    2036    1979    1911    1847    1975    1985    2015
    1879    1905    2030    2007    1870    1923    1907    2000    1997    1946
    2050    1970    1862    1940    1904    1918    1870    1847    1913    1923
    1873    1853    1826    1939    1818    1883    1866    1931    1822    1775
    1892    1892    1844    1863    1877    1858    1849    1889    1898    1883
    1754    1715    1914    1860    1769    1889    1823    1916    1752    1755
    1807    1960    1719    1951    1905    1834    1840    1899    1823    1925
    1842    1932    1904    1837    1782    1850    1920    1905    1795    1898
    1911    1888    1759    1978    1864    1988    1791    1876    1843    1952
    1830    1913    1980    1905    1844    1885    1903    1882    1844    1961
    1932    1959    1821    1937    1930    2001    1832    2016    1965    1995
    1899    2050    1946    2047    1948    2012    1979    2039    1893    1954
    2030    2045    1948    2004    1914    1980    1860    1946    1921    2021
    1869    1996    1914    1917    1780    2027    1910    1986    1814    1872
    1885    1953    1820    1901    1860    1907    1847    2021    1903    1998
    1828    1937    1869    1903    1835    1915    1875    1944    1813    1836
    1890    1932    1843    1980    1909    1889    1792    1848    1870    1856
    1882    1905    1919    1996    1832    1900    1954    1890    1769    1872
    1877    1973    1856    1940    1835    1940    1830    1916    1955    1969
    1841    1826    1872    1892    1852    1861    1859    1923    1796    1880
    1822    1878    1815    1922    1941    1912    1789    1771    1824    1870
    1708    2008    1853    1896    1756    1847    1801    1905    1752    1837
    1791    1894    1760    1761    1795    1919    1798    1947    1903    1968
    1813    1886    1961    1980    1909    2144    2172    2206    2056    2260
    2332    2412    2351    2522    2594    2689    2505    2645    2619    2640
    2641    2558    2558    2643    2473    2526    2401    2541    2219    2332
    2216    2232    2000    2157    2007    1996    1845    1924    1919    1872
    1771    1732    1770    1795    1761    1808    1853    1806    1725    1797
    1776    1796    1743    1754    1758    1829    1760    1796    1761    1827
    1722    1791    1680    1814    1624    1780    1677    1790    1653    1690
    1715    1780    1623    1755    1775    1761    1730    1685    1800    1862
    1692    1805    1774    1763    1705    1744    1805    1786    1665    1807
    1757    1779    1714    1715    1729    1789    1600    1742    1746    1714
    1697    1706    1699    1704    1677    1715    1714    1661    1585    1653
    1713    1702    1613    1675    1682    1647    1582    1723    1751    1744
    1628    1674    1677    1678    1585    1780    1599    1638    1584    1663
    1566    1687    1647    1644    1650    1654    1628    1645    1625    1725
    1564    1728    1731    1720    1704    1729    1814    1845    1868    1876
    2037    2011    1843    2111    2248    2137    2133    2361    2205    2383
    2274    2431    2335    2404    2439    2343    2456    2405    2469    2376
    2384    2333    2217    2310    2185    2102    2057    2025    1958    2034
    1807    1779    1778    1862    1683    1650    1716    1662    1584    1710
    1605    1608    1558    1608    1569    1618    1552    1580    1566    1570
    1539    1496    1550    1599    1566    1511    1572    1551    1505    1537
    1565    1513    1557    1481    1556    1565    1478    1574    1476    1609
    1511    1537    1566    1490    1532    1479    1598    1581    1458    1481
    1534    1579    1497    1525    1617    1551    1518    1520    1605    1568
    1486    1500    1446    1513    1507    1509    1457    1568    1421    1532
    1547    1499    1431    1473    1526    1524    1479    1493    1455    1498
    1441    1549    1539    1494    1386    1478    1440    1503    1416    1447
    1495    1476    1395    1478    1424    1457    1346    1446    1436    1490
    1382    1475    1422    1438    1415    1450    1477    1472    1331    1369
    1480    1447    1399    1374    1437    1487    1370    1380    1384    1411
    1335    1357    1519    1465    1341    1437    1457    1530    1380    1463
    1518    1463    1455    1494    1474    1495    1406    1596    1492    1522
    1472    1496    1481    1493    1447    1522    1524    1503    1407    1484
    1484    1451    1453    1417    1568    1520    1371    1405    1369    1440
    1351    1338    1360    1410    1313    1371    1395    1426    1315    1390
    1392    1364    1284    1315    1382    1378    1277    1329    1402    1383
    1336    1394    1292    1377    1302    1254    1473    1361    1242    1311
    1291    1405    1259    1263    1326    1301    1269    1361    1280    1275
    1260    1432    1279    1317    1175    1248    1328    1304    1240    1306
    1277    1268    1255    1331    1335    1277    1259    1309    1380    1328
    1293    1326    1258    1331    1257    1322    1351    1323    1296    1354
    1309    1284    1210    1357    1250    1334    1297    1317    1229    1339
    1265    1287    1309    1244    1248    1285    1315    1276    1244    1286
    1297    1300    1252    1354    1288    1328    1265    1224    1261    1272
    1215    1216    1242    1212    1210    1291    1232    1200    1102    1162
    1209    1269    1223    1266    1277    1245    1271    1326    1229    1264
    1211    1276    1277    1272    1211    1188    1168    1284    1122    1259
    1245    1254    1197    1153    1273    1240    1139    1216    1273    1208
    1139    1223    1270    1314    1246    1237    1214    1224    1175    1252
    1242    1272    1150    1266    1286    1223    1189    1255    1215    1231
    1168    1185    1225    1248    1203    1288    1249    1222    1114    1261
    1211    1221    1211    1237    1173    1232    1177    1169    1197    1232
    1155    1182    1172    1226    1185    1193    1253    1251    1133    1266
    1142    1247    1151    1231    1219    1298    1124    1209    1188    1218
    1190    1226    1188    1239    1091    1239    1234    1275    1233    1186
    1217    1115    1077    1205    1227    1171    1164    1175    1233    1248
    1156    1166    1247    1186    1187    1222    1217    1150    1156    1254
    1238    1237    1107    1218    1249    1207    1135    1223    1123    1204
    1127    1193    1255    1268    1216    1172    1225    1286    1214    1210
    1293    1248    1182    1185    1160    1279    1197    1222    1229    1219
    1164    1225    1175    1252    1179    1193    1247    1169    1190    1272
    1246    1175    1177    1208    1214    1281    1193    1212    1274    1304
    1263    1187    1352    1311    1238    1272    1231    1304    1230    1218
    1286    1308    1258    1242    1321    1332    1291    1417    1326    1428
    1228    1325    1340    1299    1268    1267    1407    1482    1386    1334
    1337    1341    1308    1352    1511    1437    1304    1465    1451    1455
    1420    1499    1469    1581    1467    1526    1505    1507    1522    1557
    1592    1607    1573    1643    1585    1739    1667    1665    1675    1678
    1738    1822    1874    1851    1731    1860    1945    1944    1924    2062
    2036    2103    2062    2252    2293    2267    2235    2412    2431    2521
    2611    2823    2758    2995    2932    3176    3177    3363    3342    3458
    3730    3959    3717    4103    4245    4492    4431    4502    5133    5086
    4951    5337    5551    5644    5698    5986    6144    6282    6251    6686
    6790    6985    6940    7290    7466    7657    7356    7771    7848    8116
    7735    7801    8334    8231    8003    8116    8231    8501    8037    7979
    8981    8268    7917    7830    7887    7976    7466    7589    7794    7579
    6881    7136    6947    6840    6333    6571    6268    6467    5830    5793
    5634    5583    5001    5122    5152    4796    4522    4370    4379    4288
    3981    3749    3832    3654    3310    3295    3187    3208    2875    2827
    2817    2744    2478    2455    2349    2380    2154    2176    2191    2107
    2010    1944    1979    1906    1773    1792    1815    1808    1710    1784
    1890    1812    1851    1809    2053    1956    1889    1999    2089    2272
    2140    2258    2455    2593    2496    2736    2869    3001    2976    3078
    3340    3362    3216    3277    3456    3540    3377    3593    3802    3709
    3511    3463    3518    3473    3424    3116    3585    3219    2877    3052
    2743    2800    2548    2330    2336    2223    2095    1956    1896    1763
    1725    1589    1547    1475    1329    1314    1311    1268    1198    1150
    1168    1141    1028    1117    1078    1060    1030  577556
