$Informacoes da Fluorescencia de Raios-X:
"Sample    : GPE-793",                                                                    
"Operator  : LUIS",                                                                       
"Comment  : ",                                                                            
"Group     : thiago_acra2010ma",                                                          
"Date       : 2010-11-19 15:58:44",                                                       
"",                                                                                       
"Mesurement Condition",                                                                   
"------------------------------------------------------------------------------------",   
"Instrument : 700HS2   Atmosphere : Vac.   Collimator : 10(mm)   Spin : No",              
"------------------------------------------------------------------------------------",   
"Analyte               TG kV   uA      FI Acq.(keV)  Anal.(keV)  Time(sec)     DT(%)",    
"------------------------------------------------------------------------------------",   
"Na                    Rh 50 1000-Auto Al  0 - 20    0.8 - 1.2   Live -  959    8",       
"Channel_info_start",                                                                     
"Channel : Na",                                                                           
"Points : 2048
"Range : 0.000000 - 20.480000",                                                           
"Step : 0.010000",                                                                        
"Channel_info_end",                                                                       
$DATA:
       0    2047
       0       0       0       0       0       0       0       0       0    2048
       0       0       0       0       0       0       0       0       0       0
       0       0       0       0       0       0       0       0       0       0
       0       0       0       0       0       0       0       1       1       6
      67     148     132     163     142     121     123     143     133     144
     144     140     137     135     115     131     125     119     124     164
     143     144     140     134     156     138     153     136     166     203
     185     219     253     267     274     297     290     315     276     289
     303     297     266     253     227     187     163     140     138     130
     120     122     135     118     115     125     129     120     126     146
     120     140     123     115     130     121     144     140     115     146
     125     140     117     132     153     128     114     128     120     167
     142     138     143     129     123     129     143     134     100     141
     138     139     110     119     125     145     115     140     129     133
     131     138     110     122     111     128     125     141     119     131
     125     146     139     179     156     208     174     192     214     174
     165     196     194     193     173     177     157     158     173     155
     136     133     139     152     149     152     170     191     229     228
     261     295     277     322     328     299     320     327     282     280
     247     261     208     195     175     182     118     135     124     130
     113     113     118     152     131     125     131     128     113     129
     121     132     110     122     109     114     122     130     103     118
      98     105     109     123     104     106     107     110     122     130
     141     149     148     196     190     197     210     235     273     303
     264     329     269     299     278     270     258     253     211     224
     145     160     148     131     132     140     115     120      95     131
     119     150     137     144     173     178     177     183     194     254
     233     241     236     241     238     253     227     232     217     212
     178     191     173     171     169     170     148     166     130     153
     159     161     150     142     154     163     132     180     145     149
     152     144     136     130     121     126     108     132     136     106
     113     128     112     118      97     130     119     120     109     128
     117     111     119     124     111     120     118     159     177     187
     179     221     263     295     357     437     488     505     500     573
     586     591     550     580     587     569     485     479     418     390
     326     293     244     245     191     176     152     172     129     158
     157     167     166     221     222     244     259     312     335     465
     470     543     632     652     758     799     860     914     899     943
     928     887     887     783     710     696     623     564     455     399
     326     281     270     269     214     198     159     180     199     188
     224     187     200     239     205     237     252     263     274     263
     281     306     267     328     277     315     260     281     248     267
     241     234     230     255     200     236     224     213     256     230
     260     239     250     257     252     239     226     252     267     276
     286     284     251     282     267     259     273     274     296     295
     288     322     311     296     347     344     408     363     421     406
     410     403     393     421     395     429     352     415     400     380
     369     401     360     383     345     366     361     362     357     383
     388     387     383     396     365     401     413     449     372     430
     414     469     395     434     419     449     399     460     433     434
     413     413     444     482     442     456     420     468     402     427
     441     471     445     415     435     446     450     419     456     460
     433     502     427     516     466     456     457     476     458     497
     470     505     453     502     473     478     520     530     560     539
     553     565     561     595     563     581     570     650     614     658
     623     679     651     650     648     677     636     675     662     622
     643     680     643     645     611     652     629     652     586     682
     635     644     612     684     671     671     673     685     680     692
     669     668     719     709     740     748     706     770     751     762
     723     790     747     837     813     826     781     850     820     862
     773     893     838     866     803     797     818     845     788     871
     833     853     848     862     845     847     802     805     846     873
     871     928     900     897     858     889     928    1008     886     949
     982     991     954    1044    1086    1161    1136    1288    1423    1487
    1473    1675    1697    1824    1870    1949    2059    2196    2141    2423
    2085    2173    2140    2032    2048    1990    1750    1787    1631    1537
    1374    1423    1365    1324    1138    1228    1196    1149    1133    1067
    1110    1066    1054    1114    1066    1100    1053    1183    1090    1168
    1092    1077    1174    1125    1050    1168    1122    1155    1107    1077
    1094    1168    1070    1169    1135    1211    1155    1204    1228    1248
    1125    1150    1205    1181    1186    1278    1296    1265    1268    1285
    1299    1390    1261    1368    1343    1389    1292    1305    1317    1334
    1238    1297    1271    1233    1164    1243    1220    1276    1157    1304
    1160    1221    1134    1223    1248    1234    1190    1188    1174    1200
    1178    1222    1209    1217    1213    1226    1209    1178    1142    1267
    1165    1217    1176    1279    1237    1181    1204    1210    1186    1225
    1175    1177    1160    1223    1096    1169    1148    1209    1189    1082
    1181    1260    1153    1159    1107    1205    1179    1159    1271    1143
    1114    1222    1150    1216    1159    1316    1189    1209    1200    1243
    1213    1277    1178    1324    1231    1292    1184    1371    1267    1335
    1306    1377    1366    1331    1321    1362    1461    1470    1401    1513
    1495    1490    1361    1496    1429    1543    1417    1504    1372    1404
    1316    1238    1332    1333    1237    1288    1171    1201    1086    1215
    1150    1170    1095    1116    1079    1120    1016    1092    1090    1152
    1071    1162    1006    1120    1041    1120    1026    1052    1081    1108
    1055    1147    1060    1052    1104    1123     998    1098    1127    1153
    1044    1114    1145    1149    1053    1126    1130    1174    1131    1135
    1123    1230    1157    1188    1164    1225    1116    1115    1156    1209
    1117    1117    1124    1089    1035    1041    1065    1076    1011    1033
    1049    1061    1008    1000    1056    1022    1007    1067    1102    1091
    1020    1021    1075    1060    1058    1067    1054    1128     980    1019
    1019    1008     993     987     989     984     991    1009    1036    1026
    1022    1027     974    1030    1009    1082     967     984     959    1067
     984    1030     921     962    1038     991     928     993    1039    1010
    1035    1013     995    1012     979     942     990    1003     965    1020
    1047     996     935    1006     995     956     925     961     995     971
     974    1067     987     946     969     998     984     984     985    1061
    1064    1025    1003     995     993     966     974     925     961    1039
     959     917     937     970     960     979     960     979     923     950
     879    1028     941     919     963     978     955     952     946     953
     918     949     985     951     915     974     990     960     959     921
     982    1007     928     939     942     966     919     982     921     998
     928     960     971     928     951     984     971     953     917     976
     962    1011     913     985    1013    1012     866     999     942     987
     899     972     981     948     912     914     956    1009     976     989
     919    1080     902     965     973     968     935     967    1004     965
     944     995    1015    1018     981     971    1000    1036     956     969
     971     969    1006     972     986     979    1004    1011    1013    1025
     942    1030     959    1029     955     964     961     980     992     973
     982     995     920     956     986    1001     971    1048     991     953
     910     959     972    1003    1004    1005     962    1008     918     987
    1034    1028     942    1042     967    1020     932     954     981     956
     950     993     959    1014    1008     984     956     950    1024    1006
    1031    1068     944    1010     959    1028     937     959     964    1030
     990     985     985    1056     952     973     950     970     984     975
     995    1035     928    1016     946     969     956     999     941     953
     934     941     954     983     936     993     997     930     952     989
     994     992    1000     950     934    1007     983     957     990     997
     980     938     988     934     895     982     973     971     908     938
     965     989     954     952     981     979     901     960     917    1009
     945     959     945    1007     928     936     969     963     957     986
     957     936     910     909     890     927     888     927     939     918
     904     896     924     972     914     945     944     902     892     901
     912     901     901     921     929     896     861     925     891     880
     826     915     847     896     870     882     924     893     899     901
     895     910     827     846     938     877     841     853     840     878
     868     872     873     860     843     898     832     851     884     876
     904     901     868     862     864     848     819     812     864     872
     812     811     856     884     807     875     831     900     837     873
     879     893     875     902     868     901     810     870     837     880
     833     830     879     835     799     918     811     883     821     878
     835     828     799     864     853     899     850     796     885     856
     808     836     844     835     845     834     870     888     788     870
     828     809     844     864     817     815     829     854     813     854
     779     851     860     848     814     799     831     835     805     833
     824     885     842     867     831     843     801     823     801     840
     812     808     845     873     812     830     794     867     776     828
     773     854     827     800     802     809     780     837     839     825
     815     792     845     824     752     783     845     817     790     773
     762     859     790     818     797     791     806     802     800     815
     819     782     748     800     778     838     799     859     817     841
     817     743     742     761     786     804     765     789     818     780
     749     776     757     819     732     829     767     821     738     771
     756     758     726     801     772     807     732     820     725     793
     790     738     829     767     757     727     760     792     752     764
     720     786     750     728     757     800     711     780     746     736
     746     747     777     763     690     735     723     772     751     753
     741     733     728     769     756     808     772     724     800     723
     691     729     767     728     735     729     713     727     711     734
     708     733     739     699     727     733     762     760     757     742
     764     727     736     732     670     687     734     712     684     690
     724     721     700     736     708     738     694     684     698     702
     697     699     647     750     714     671     662     752     661     673
     736     696     693     725     727     696     685     650     699     709
     678     664     687     699     651     659     729     697     665     658
     698     705     663     737     659     737     640     695     696     692
     649     680     698     629     664     656     669     674     702     701
     735     638     667     670     677     682     607     715     696     676
     661     686     680     679     635     665     621     679     633     688
     667     684     653     659     684     643     591     665     676     687
     646     666     678     672     625     673     646     703     643     675
     753     660     633     660     664     646     643     667     629     643
     638     673     618     697     640     677     689     671     582     642
     649     700     620     664     677     657     606     653     625     643
     570     625     652     686     620     630     694     711     619     632
     670     621     682     641     685     663     608     662     658     569
     650     619     621     660     629     591     661     641     665     650
     633     694     652     640     644     654     633     648     613     682
     601     651     616     601     675     646     641     634     618     630
     618     645     628     614     635     626     629     626     647     647
     634     635     630     639     588     619     628     665     636     633
     666     664     612     649     632     605     574     584     627     675
     578     633     657     619     613     642     617     614     631     588
     619     623     558     605     650     655     632     591     660     654
     565     662     643     639     608     616     700     683     622     679
     661     643     568     634     683     638     660     637     649     689
     662     617     681     651     660     620     646     661     679     602
     655     646     580     654     656     677     650     655     700     645
     623     610     651     650     648     610     682     616     663     658
     674     725     664     690     719     640     656     692     678     652
     641     621     779     702     676     679     714     691     646     679
     730     723     720     668     677     734     695     715     720     703
     671     699     735     748     742     761     752     728     728     706
     729     799     777     684     775     763     718     749     741     790
     773     836     850     789     841     852     869     857     844     925
     895     876     839     924     879     998     873     902    1013     992
     984     979     995    1040    1090    1090    1150    1113    1113    1151
    1231    1239    1274    1199    1322    1356    1316    1449    1465    1557
    1541    1612    1613    1808    1747    1790    1862    2007    1957    2074
    2218    2185    2274    2312    2431    2535    2514    2486    2997    2840
    2777    2959    3037    3080    3020    3256    3379    3463    3277    3501
    3780    3634    3647    3721    3852    3807    3729    3973    3965    3952
    3904    3911    4226    4059    4025    4005    4090    4083    3887    4076
    4402    4103    3850    3961    3928    3852    3718    3674    3540    3699
    3454    3462    3472    3479    3177    3282    3197    3035    2919    2785
    2835    2728    2579    2492    2477    2418    2197    2190    2231    2043
    1933    1964    1959    1825    1655    1656    1642    1589    1372    1466
    1442    1411    1234    1234    1257    1237    1168    1107    1137    1121
    1001    1061    1103    1103    1001    1034    1106    1072     998    1067
    1171    1190    1153    1100    1345    1305    1317    1363    1406    1519
    1516    1620    1639    1799    1749    1826    1862    1902    1923    2013
    2061    2117    2067    2012    2091    2121    2020    2136    2197    2032
    1947    1929    1899    1837    1685    1597    1677    1595    1408    1411
    1303    1344    1184    1098    1078    1046     945     855     892     807
     717     672     744     674     662     623     601     636     586     578
     566     594     588     578     605     567     580  300550
