$Informacoes da Fluorescencia de Raios-X:
"Sample    : ACC-477-MS",                                                                 
"Operator  : thiago",                                                                     
"Comment  : ",                                                                            
"Group     : thiago_acra2010ma",                                                          
"Date       : 2010-05-31 18:26:03",                                                       
"",                                                                                       
"Mesurement Condition",                                                                   
"------------------------------------------------------------------------------------",   
"Instrument : 700HS2   Atmosphere : Vac.   Collimator : 10(mm)   Spin : No",              
"------------------------------------------------------------------------------------",   
"Analyte               TG kV   uA      FI Acq.(keV)  Anal.(keV)  Time(sec)     DT(%)",    
"------------------------------------------------------------------------------------",   
"Na                    Rh 50 1000-Auto Al  0 - 20    0.8 - 1.2   Live -  960    5",       
"Channel_info_start",                                                                     
"Channel : Na",                                                                           
"Points : 2048
"Range : 0.000000 - 20.480000",                                                           
"Step : 0.010000",                                                                        
"Channel_info_end",                                                                       
$DATA:
       0    2047
       0       0       0       0       0       0       0       0       0    2048
       0       0       0       0       0       0       0       0       0       0
       0       0       0       0       0       0       0       0       0       0
       0       0       0       0       0       0       0       0       1       6
      28      69      96     107      85     102      85      95      70     114
      84      88      73      87      97      86      91     103      91      96
      94      78      88      97      97     105      89     118     100     106
     139     165     176     227     242     245     249     252     241     241
     206     216     191     150     115     107     100      94      73      96
      91      85      88      84      51      81      68      79      79      98
      77      83      69      82      75      89      92      93      85      87
      86      94      71      84      69      81      79      91      74      91
      86      78      81      98      75      85     107      95      74      75
      83      75      94      78      80      82      77     103      82      94
      77      99      83      81      79      91      71      84      84      80
      66      96      81      94      69      80      82      91      93      98
      85     106      95      89      79      85      88     101      82      61
      80      82      99      95      78      71      74      75      63      71
      76      81      84      74      88      92      70      81      74      75
      68      69      78      68      79      76      80      71      68      66
      75      81      76      60      66      59      76      76      61      76
      66      76      72      63      63      65      69      82      55      78
      80      72      58      79      49      64      67      61      65      64
      72      74      56      68      64      79      57      70      70      74
      68      84      55      72      64      61      65      68      49      65
      81      63      61      68      75      52      56      62      71      56
      63      70      75      63      52      71      59      66      74      82
      60      86      75      98      75      81      95      92     120      91
      92     104      86     107     101      70      94      92      98      95
      85     107      99     102     112     104     103     100      81     121
      74     113     106      77      79      94      84      76      76      69
      67      84      79      80      67      80      69      66      61      74
      80      64      46      82      75      57      91      73      76      77
      67      80      68      72      61      65      70      93      93      82
      85      83      85     109      82      91      91      77      83      86
      71      92      84      84      81      62      77      65      87      79
      86      70      68      87      89      84      77      85      95      93
      74     103      92     103      93     114      92     109     106     123
     109     116     133     106     127     113     122     112     111     116
     131     114     100     127     129      88     110     113     116     122
     115     116     107     150     105     145     121     135     142     144
     127     138     140     137     142     167     159     157     150     149
     153     171     155     172     176     172     151     171     187     164
     160     185     156     181     161     186     166     177     186     182
     178     194     183     174     181     182     192     189     222     202
     210     216     209     210     210     203     239     199     206     218
     210     230     181     207     206     252     236     249     244     249
     259     238     266     272     263     301     246     266     257     306
     264     279     313     293     268     297     281     310     264     254
     277     311     306     322     302     293     263     275     300     298
     292     314     322     297     320     306     302     315     273     316
     301     316     317     319     331     315     295     318     328     299
     302     365     330     318     340     329     344     352     333     330
     356     347     368     358     378     353     351     405     337     373
     351     392     410     405     394     421     418     428     399     442
     445     468     458     492     416     483     439     444     466     417
     441     478     456     469     406     451     500     495     441     461
     457     528     483     472     504     493     446     528     503     456
     484     508     490     525     470     555     529     527     519     533
     497     521     499     585     511     573     534     571     564     569
     577     608     482     582     580     595     593     568     549     608
     588     623     570     576     625     617     583     613     615     636
     605     630     617     693     620     625     614     669     609     618
     654     681     618     688     713     703     692     678     665     708
     675     740     764     778     751     750     771     841     801     867
     810     816     766     755     806     809     758     846     766     838
     774     777     778     752     698     776     767     813     765     773
     760     831     761     823     754     782     705     786     765     782
     791     875     799     799     759     795     760     852     740     823
     780     876     811     860     762     823     778     857     802     818
     731     850     801     861     793     845     939     878     845     829
     911     854     791     916     852     874     740     851     835     850
     803     836     837     934     764     807     782     801     834     870
     831     878     789     891     810     887     786     844     844     910
     760     870     860     846     837     887     836     920     800     913
     854     916     841     889     805     912     833     861     858     869
     802     882     868     895     830     881     846     906     820     861
     845     832     846     854     869     895     807     846     893     923
     837     889     802     856     852     830     907     894     845     868
     896     954     870     936     895     981     862     884     950     962
     862     957     940    1001     953    1042    1052    1061    1054    1172
    1164    1205    1153    1177    1108    1152    1086    1123    1096    1137
    1036    1018     967     973     873     890     883     902     813     876
     815     854     763     786     770     769     712     738     809     812
     732     784     779     813     737     780     760     773     663     819
     718     722     733     768     751     761     729     826     749     807
     726     855     796     818     776     912     859     862     782     858
     854     944     867     835     903     900     860     930     847     901
     803     848     789     806     732     791     760     725     749     740
     770     755     742     752     729     749     698     757     648     788
     764     751     738     755     741     722     774     761     746     778
     764     743     716     710     699     719     724     733     758     721
     682     746     706     670     672     725     673     737     650     669
     687     769     676     696     686     723     687     704     707     691
     714     706     719     717     633     688     697     707     670     754
     718     702     665     675     696     729     690     765     704     689
     747     744     714     716     707     662     706     753     652     698
     702     741     665     712     698     717     682     733     679     708
     641     713     728     679     647     713     630     716     706     650
     660     677     627     678     668     678     681     676     672     685
     662     666     749     652     623     634     651     686     658     672
     656     643     614     685     638     705     656     686     657     699
     654     655     674     718     683     709     649     696     634     674
     669     617     680     715     630     679     689     727     694     698
     666     676     712     737     698     714     691     711     677     643
     604     697     627     691     660     677     685     695     669     691
     654     710     718     716     678     722     665     721     690     706
     674     711     715     693     684     725     680     687     690     656
     660     660     712     724     678     694     681     713     711     661
     723     701     631     662     682     676     677     733     651     708
     657     706     682     723     668     723     668     726     687     719
     701     704     678     725     641     667     647     711     718     682
     691     755     645     709     685     699     673     724     694     658
     731     756     706     732     740     690     695     766     642     710
     668     689     729     722     675     674     662     760     684     701
     661     712     726     713     707     707     674     645     645     725
     681     724     684     745     632     690     727     707     653     731
     642     660     646     681     703     656     680     693     656     693
     715     659     698     744     656     635     683     683     656     667
     712     691     660     660     649     662     615     678     684     676
     682     646     695     685     640     621     621     640     604     646
     661     688     629     620     645     665     621     672     678     612
     625     685     600     652     658     701     641     635     632     658
     643     631     632     602     625     657     658     636     608     643
     598     666     665     672     613     611     619     648     621     604
     663     624     600     670     637     643     619     627     582     667
     600     589     623     637     607     611     610     636     595     613
     632     601     606     635     611     656     571     652     598     607
     620     595     655     641     566     614     606     601     585     644
     650     608     562     640     631     626     594     583     619     601
     588     569     599     585     585     601     615     553     585     643
     610     570     562     577     627     584     589     597     597     605
     573     524     601     615     590     568     583     571     557     572
     631     601     572     617     535     614     551     575     571     607
     571     618     598     571     541     580     608     589     582     577
     578     554     555     574     643     610     551     572     581     589
     565     578     621     545     549     588     590     555     551     575
     602     516     550     580     560     576     519     582     552     574
     524     541     608     546     553     563     549     551     526     583
     562     566     528     571     568     530     515     542     550     583
     571     554     534     541     558     537     522     603     559     564
     564     593     478     535     551     544     518     535     545     633
     551     559     558     629     552     558     560     508     536     524
     562     552     519     576     515     562     524     542     518     554
     506     548     567     565     529     512     543     531     517     517
     539     516     510     523     547     567     502     519     517     492
     540     503     536     518     464     505     551     523     477     516
     554     530     536     506     477     560     509     522     530     543
     483     492     537     511     513     526     527     518     473     519
     507     498     521     514     560     502     473     506     513     500
     447     500     496     472     478     510     548     534     513     489
     492     506     461     490     533     519     489     467     519     474
     443     498     524     480     507     458     471     457     463     481
     475     460     477     494     503     495     472     474     517     480
     475     479     506     516     441     438     517     492     451     475
     505     482     441     458     491     465     455     444     456     471
     481     484     450     472     441     467     440     509     478     457
     416     464     502     461     458     486     477     467     501     495
     428     523     442     492     451     461     453     511     422     459
     424     460     438     502     467     480     433     463     422     477
     466     479     451     548     448     460     448     429     454     464
     467     476     446     453     462     463     427     427     486     440
     424     441     477     458     440     418     482     454     399     446
     467     479     457     478     468     462     429     450     469     451
     447     451     421     460     469     458     432     439     423     468
     396     504     395     450     447     445     409     428     458     431
     443     459     460     489     431     407     425     464     417     440
     428     461     454     461     467     415     425     499     470     469
     456     458     438     478     451     443     461     392     433     409
     439     505     436     409     408     430     443     442     455     432
     431     470     477     433     437     455     438     435     431     442
     483     460     378     442     421     460     416     423     466     429
     417     458     440     464     396     430     442     438     382     409
     436     412     388     430     493     420     394     418     472     456
     437     409     416     467     386     444     483     474     415     465
     450     417     453     470     430     444     393     440     445     415
     409     421     460     444     420     442     443     407     389     425
     414     483     417     399     443     435     462     452     471     452
     412     442     454     440     445     496     493     492     412     493
     480     472     463     433     516     458     440     497     452     471
     491     442     459     478     447     500     450     475     469     475
     491     498     489     421     484     519     503     468     496     517
     484     518     496     493     507     506     501     538     478     526
     535     528     502     496     537     553     524     581     560     543
     523     509     566     591     528     571     594     586     562     635
     605     604     608     604     612     646     571     582     659     719
     703     676     715     717     667     725     791     777     753     794
     790     819     791     802     889     880     901     878     894    1030
     977    1001    1111    1120    1136    1148    1180    1319    1286    1355
    1371    1505    1378    1505    1540    1653    1577    1665    1792    1801
    1843    1846    1928    2074    2057    2031    2160    2242    2230    2407
    2392    2384    2456    2528    2588    2714    2527    2756    2754    2753
    2825    2714    2842    2871    2840    2881    2859    2885    2823    2752
    3184    2931    2786    2886    2837    2796    2640    2733    2709    2588
    2514    2478    2580    2388    2464    2468    2266    2235    2223    2039
    2024    2066    1936    1886    1896    1750    1596    1652    1672    1601
    1415    1420    1378    1320    1267    1168    1233    1171    1041    1066
    1061    1011     938     918     927     860     838     805     786     775
     755     728     741     660     708     725     745     708     688     747
     752     812     748     758     877     887     830     893     931     981
     966    1015    1075    1119    1210    1255    1250    1348    1304    1318
    1381    1475    1337    1517    1529    1423    1417    1504    1533    1445
    1328    1429    1275    1336    1254    1193    1256    1128    1037    1005
     974     890     923     818     787     780     629     648     656     632
     560     554     540     461     418     481     405     436     370     402
     434     396     412     402     399     391     383  208652
