Acquisition date and time: 00-00-   0 (00:00:00)
Live Time:,        0
Real Time:,        0
 
Photopeaks:,    15
  11,      1.041,        493,         80,       0.67
  12,      1.254,        234,         80,       1.42
  13,      1.487,       3536,        104,       2.02
  14,      1.740,      13628,        146,       1.93
  15,      2.013,        191,         89,       1.47
  16,      2.307,      26088,        249,       2.76
  17,      2.622,       6439,        177,       1.48
  19,      3.313,      83042,        363,       6.44
  20,      3.691,      27657,        209,       2.77
  22,      4.509,       7139,        206,       1.33
  23,      4.950,        218,        170,       2.26
  24,      5.412,       1748,        187,       1.99
  25,      5.895,       3491,        227,       2.65
  45,      2.696,       1014,        112,       0.99
  56,      4.464,       1154,        248,       1.40
Incoherent scattering peaks:,     3
  16,      2.297,       1364,        295,       2.95
  17,      2.609,      -2583,        321,       1.73
  19,      3.292,       -237,        310,       6.32
