Acquisition date and time: 00-00-   0 (00:00:00)
Live Time:,        0
Real Time:,        0
 
Photopeaks:,    15
  11,      1.041,        778,         80,       1.31
  12,      1.254,        190,         79,       1.52
  13,      1.487,       9548,        135,       2.10
  14,      1.740,      32635,        205,       3.94
  15,      2.013,        950,        107,       1.10
  16,      2.307,      57755,        338,       3.01
  17,      2.622,      51719,        351,       3.56
  19,      3.313,     156868,        466,       6.76
  20,      3.691,     131609,        383,       3.85
  22,      4.509,      23343,        247,       1.88
  23,      4.950,        571,        171,       1.96
  24,      5.412,       2408,        177,       1.29
  25,      5.895,       4540,        211,       2.78
  45,      2.696,        820,        164,       3.18
  56,      4.464,       1271,        242,       2.69
Incoherent scattering peaks:,     3
  16,      2.297,       4811,        366,       2.88
  17,      2.609,      -2851,        501,       3.18
  19,      3.292,       1724,        356,       7.10
