Acquisition date and time: 00-00-   0 (00:00:00)
Live Time:,        0
Real Time:,        0
 
Photopeaks:,    15
  11,      1.041,        688,         90,       1.77
  12,      1.254,        262,         89,       1.50
  13,      1.487,       9401,        139,       1.12
  14,      1.740,      33184,        211,       1.86
  15,      2.013,        755,        114,       1.52
  16,      2.307,      58449,        344,       3.74
  17,      2.622,      51628,        352,       3.67
  19,      3.313,     159122,        474,       7.62
  20,      3.691,     134789,        391,       5.86
  22,      4.509,      22738,        263,       1.77
  23,      4.950,        604,        195,       1.22
  24,      5.412,       2289,        206,       1.96
  25,      5.895,       4731,        244,       2.76
  45,      2.696,       1261,        173,       3.10
  56,      4.464,       1347,        274,       1.81
Incoherent scattering peaks:,     3
  16,      2.297,       5152,        382,       3.35
  17,      2.609,      -2298,        513,       3.50
  19,      3.292,       2191,        372,       7.25
