Acquisition date and time: 00-00-   0 (00:00:00)
Live Time:,        0
Real Time:,        0
 
Photopeaks:,    15
  11,      1.041,       1540,        100,       1.87
  12,      1.254,        494,         95,       1.29
  13,      1.487,       3869,        121,       1.69
  14,      1.740,      11990,        155,       3.51
  15,      2.013,        224,        118,       2.72
  16,      2.307,      43980,        325,       3.71
  17,      2.622,     167681,        596,       6.94
  19,      3.313,     293834,        633,      12.60
  20,      3.691,      58668,        299,       5.34
  22,      4.509,       5551,        214,       1.08
  23,      4.950,        233,        187,       1.07
  24,      5.412,       2241,        209,       2.11
  25,      5.895,       4211,        247,       2.50
  45,      2.696,       -871,        246,       6.04
  56,      4.464,       1467,        269,       1.49
Incoherent scattering peaks:,     3
  16,      2.297,       4818,        391,       3.13
  17,      2.609,      13844,        718,       6.79
  19,      3.292,       4771,        475,      12.64
