Acquisition date and time: 00-00-   0 (00:00:00)
Live Time:,        0
Real Time:,        0
 
Photopeaks:,    15
  11,      1.041,       3620,        121,       1.96
  12,      1.254,        951,        115,       4.48
  13,      1.487,      17522,        186,       5.47
  14,      1.740,      86709,        325,       8.83
  15,      2.013,       1926,        156,       3.61
  16,      2.307,     122965,        516,       5.45
  17,      2.622,     403520,        907,      24.11
  19,      3.313,     308412,        651,      14.36
  20,      3.691,     352808,        605,      10.54
  22,      4.509,      50098,        328,       3.17
  23,      4.950,       1616,        206,       2.13
  24,      5.412,       2905,        198,       1.37
  25,      5.895,      15985,        270,      12.74
  45,      2.696,        893,        322,      17.44
  56,      4.464,       3201,        287,       2.97
Incoherent scattering peaks:,     3
  16,      2.297,      19399,        572,       5.67
  17,      2.609,      12494,       1054,      22.10
  19,      3.292,       3313,        491,      13.43
