Acquisition date and time: 00-00-   0 (00:00:00)
Live Time:,        0
Real Time:,        0
 
Photopeaks:,    15
  11,      1.041,       2387,        115,       4.03
  12,      1.254,        905,        112,       5.76
  13,      1.487,      21725,        194,       5.29
  14,      1.740,      96526,        339,       7.93
  15,      2.013,       1616,        153,       1.22
  16,      2.307,      72892,        416,       5.88
  17,      2.622,     343034,        672,      15.25
  19,      3.313,     207422,        550,      12.27
  20,      3.691,     448840,        667,      12.32
  22,      4.509,      60646,        353,       2.32
  23,      4.950,       1071,        218,       1.85
  24,      5.412,       2900,        206,       2.10
  25,      5.895,      21532,        292,      17.30
  45,      2.696,       1573,        267,      14.88
  56,      4.464,       2797,        304,       2.94
Incoherent scattering peaks:,     2
  16,      2.297,      14256,        472,       6.13
  19,      3.292,       2132,        438,      12.11
