Acquisition date and time: 00-00-   0 (00:00:00)
Live Time:,        0
Real Time:,        0
 
Photopeaks:,    15
  11,      1.041,       2937,        116,       2.65
  12,      1.254,        836,        110,       5.94
  13,      1.487,      13662,        173,       3.08
  14,      1.740,      74379,        305,       5.34
  15,      2.013,       2088,        153,       2.10
  16,      2.307,      79296,        436,       4.46
  17,      2.622,     382855,        874,      19.75
  19,      3.313,     386088,        723,      12.65
  20,      3.691,     332615,        594,       7.59
  22,      4.509,      38185,        302,       2.76
  23,      4.950,        911,        197,       1.49
  24,      5.412,       2574,        193,       2.74
  25,      5.895,      14242,        261,       9.45
  45,      2.696,        170,        323,      12.16
  56,      4.464,       3327,        281,       2.47
Incoherent scattering peaks:,     3
  16,      2.297,      13509,        518,       4.60
  17,      2.609,      16171,        991,      18.66
  19,      3.292,       6776,        537,      13.26
