Acquisition date and time: 00-00-   0 (00:00:00)
Live Time:,        0
Real Time:,        0
 
Photopeaks:,    24
  11,      1.041,       2902,        116,       1.75
  12,      1.254,       1008,        110,       4.93
  13,      1.487,      14192,        181,       7.24
  14,      1.740,      75907,        317,      11.03
  16,      2.307,      77315,        330,       9.06
  17,      2.622,     492926,        704,      31.99
  19,      3.313,     364668,        624,      19.85
  20,      3.691,     408304,        654,      18.38
  22,      4.509,      43056,        308,       2.87
  23,      4.950,       1486,        201,       2.97
  24,      5.412,       2532,        193,       1.20
  25,      5.895,      15790,        263,       1.92
  26,      6.399,     878690,       1025,      25.16
  28,      7.472,       1476,        429,       2.54
  29,      8.041,      13240,        452,       1.88
  30,      8.631,      45392,        487,       1.90
  35,     11.908,      17835,        448,       2.23
  37,     13.375,       1889,        504,       1.07
  38,     14.142,       7715,        407,       1.93
  39,     14.932,        213,        396,       1.53
  40,     15.746,       2193,        385,       1.49
  56,      4.464,       2878,        281,       3.33
  72,      7.893,       1053,        431,       2.24
  82,     10.542,       7450,        432,       2.17
Incoherent scattering peaks:,     2
  26,      6.320,      14079,        668,      19.74
  26,      6.963,      12515,        491,      10.67
