Acquisition date and time: 00-00-   0 (00:00:00)
Live Time:,        0
Real Time:,        0
 
Photopeaks:,    15
  11,      1.041,        569,         85,       0.68
  12,      1.254,        336,         85,       2.08
  13,      1.487,       7180,        134,       2.39
  14,      1.740,      31007,        270,       3.05
  15,      2.013,        895,        102,       2.18
  16,      2.307,      41376,        224,       2.41
  17,      2.622,       6020,        142,       3.78
  19,      3.313,     121742,        419,       6.94
  20,      3.691,      74289,        306,       2.34
  22,      4.509,      14824,        241,       1.27
  23,      4.950,        564,        188,       0.98
  24,      5.412,       1827,        202,       1.27
  25,      5.895,       6095,        244,       3.40
  45,      2.696,        424,        108,       1.96
  56,      4.464,       1790,        268,       1.43
Incoherent scattering peaks:,     2
  14,      1.734,        758,        304,       3.05
  19,      3.292,        928,        333,       7.10
