Acquisition date and time: 00-00-   0 (00:00:00)
Live Time:,        0
Real Time:,        0
 
Photopeaks:,    15
  11,      1.041,        276,         88,       1.05
  12,      1.254,        550,         92,       1.83
  13,      1.487,       9280,        138,       1.16
  14,      1.740,      46667,        240,       4.89
  15,      2.013,        657,        102,       1.58
  16,      2.307,      32396,        206,       2.10
  17,      2.622,       2485,        128,       4.03
  19,      3.313,     117484,        418,       4.79
  20,      3.691,      83004,        320,       3.68
  22,      4.509,      18232,        257,       2.34
  23,      4.950,        937,        197,       1.20
  24,      5.412,       2186,        208,       1.31
  25,      5.895,       6489,        252,       4.06
  45,      2.696,        312,        106,       2.08
  56,      4.464,       1877,        277,       1.89
Incoherent scattering peaks:,     1
  19,      3.292,        524,        342,       5.21
