Acquisition date and time: 00-00-   0 (00:00:00)
Live Time:,        0
Real Time:,        0
 
Photopeaks:,    15
  11,      1.041,        150,         57,       1.17
  12,      1.254,        180,         58,       2.06
  13,      1.487,        519,         64,       0.67
  14,      1.740,       1014,         93,       1.84
  15,      2.013,         59,         57,       0.91
  16,      2.307,       1170,         67,       1.71
  17,      2.622,       2417,         90,       1.83
  19,      3.313,       6388,        105,       1.45
  20,      3.691,       7004,        115,       1.76
  22,      4.509,        145,        141,       1.57
  23,      4.950,        168,        134,       0.98
  24,      5.412,       1731,        153,       1.83
  25,      5.895,        549,        176,       1.87
  45,      2.696,        736,         69,       2.00
  56,      4.464,        635,        190,       1.61
Incoherent scattering peaks:,     1
  14,      1.734,        563,        134,       1.77
