Acquisition date and time: 00-00-   0 (00:00:00)
Live Time:,        0
Real Time:,        0
 
Photopeaks:,    15
  11,      1.041,        548,         97,       1.32
  12,      1.254,       1637,        106,       2.00
  13,      1.487,      33071,        233,       4.60
  14,      1.740,     183196,        578,      10.61
  15,      2.013,        476,        127,       3.78
  16,      2.307,      26633,        201,       1.21
  17,      2.622,     107021,        387,       7.24
  19,      3.313,     145449,        457,       9.22
  20,      3.691,     334076,        580,       9.27
  22,      4.509,      72587,        379,       2.45
  23,      4.950,       1472,        232,       2.08
  24,      5.412,       2480,        222,       2.41
  25,      5.895,      16642,        291,       9.06
  45,      2.696,        852,        179,       6.99
  56,      4.464,       3677,        315,       2.03
Incoherent scattering peaks:,     2
  14,      1.734,       5184,        555,      10.61
  19,      3.292,       2483,        363,       9.16
