Acquisition date and time: 00-00-   0 (00:00:00)
Live Time:,        0
Real Time:,        0
 
Photopeaks:,    15
  11,      1.041,        621,         97,       1.64
  12,      1.254,        298,         97,       1.24
  13,      1.487,       8679,        141,       2.57
  14,      1.740,      45159,        242,       5.22
  15,      2.013,        721,        115,       2.83
  16,      2.307,      27296,        211,       2.97
  17,      2.622,      78280,        400,       4.67
  19,      3.313,     158545,        473,       9.34
  20,      3.691,     162932,        427,       8.91
  22,      4.509,      23252,        279,       1.79
  23,      4.950,        520,        208,       2.36
  24,      5.412,       2779,        226,       1.74
  25,      5.895,       6764,        272,       4.08
  45,      2.696,        596,        182,       5.01
  56,      4.464,       2742,        298,       1.68
Incoherent scattering peaks:,     2
  17,      2.609,       2642,        459,       4.55
  19,      3.292,       2083,        375,       8.75
