Acquisition date and time: 00-00-   0 (00:00:00)
Live Time:,        0
Real Time:,        0
 
Photopeaks:,    22
  11,      1.041,         57,         77,       1.55
  12,      1.254,        108,         78,       1.69
  13,      1.487,        582,         81,       0.89
  14,      1.740,       1070,         83,       1.38
  16,      2.307,       1282,         84,       1.15
  17,      2.622,        446,         92,       1.68
  19,      3.313,       3134,        103,       2.37
  20,      3.691,       2934,        115,       2.54
  22,      4.509,        911,        147,       2.13
  23,      4.950,        118,        190,       1.48
  24,      5.412,       2130,        204,       1.65
  25,      5.895,       1441,        243,       1.86
  26,      6.399,      19024,        438,       1.97
  28,      7.472,       3933,        490,       3.88
  29,      8.041,       7529,        560,       2.20
  30,      8.631,       4373,        493,       1.63
  35,     11.908,       2837,        488,       1.52
  37,     13.375,        912,        473,       1.35
  38,     14.142,        970,        468,       2.55
  40,     15.746,        527,        449,       1.06
  45,      2.696,        707,         83,       1.56
  82,     10.542,       1534,        477,       1.99
Incoherent scattering peaks:,     3
  26,      6.320,       5949,        577,       1.93
  26,      6.963,      15358,        421,       3.57
  29,      7.917,      13643,        579,       1.53
