Acquisition date and time: 00-00-   0 (00:00:00)
Live Time:,        0
Real Time:,        0
 
Photopeaks:,    22
  11,      1.041,         98,         73,       1.42
  12,      1.254,        196,         74,       1.02
  13,      1.487,        425,         77,       0.99
  14,      1.740,        926,         79,       1.19
  16,      2.307,       1251,         79,       0.49
  17,      2.622,       2113,        102,       1.93
  19,      3.313,       9312,        129,       1.95
  20,      3.691,       3510,        114,       1.57
  22,      4.509,        474,        135,       0.61
  23,      4.950,        303,        177,       1.15
  24,      5.412,       1635,        193,       1.22
  25,      5.895,        710,        223,       2.13
  26,      6.399,       7437,        337,       2.70
  28,      7.472,       3204,        450,       3.54
  29,      8.041,       6507,        515,       3.06
  30,      8.631,       3837,        457,       1.62
  35,     11.908,       1541,        453,       2.12
  37,     13.375,        673,        442,       0.80
  38,     14.142,        943,        430,       1.00
  40,     15.746,        665,        411,       1.58
  45,      2.696,        937,         83,       1.85
  82,     10.542,       1378,        443,       1.65
Incoherent scattering peaks:,     3
  26,      6.320,       8670,        490,       2.73
  26,      6.963,      15566,        402,       2.98
  29,      7.917,      14056,        550,       2.23
