Acquisition date and time: 00-00-   0 (00:00:00)
Live Time:,        0
Real Time:,        0
 
Photopeaks:,    22
  11,      1.041,         85,         57,       1.14
  12,      1.254,        160,         58,       1.17
  13,      1.487,        345,         60,       0.72
  14,      1.740,        615,         63,       0.60
  16,      2.307,       1149,         66,       1.21
  17,      2.622,       2630,         93,       1.80
  19,      3.313,       2110,         77,       1.97
  20,      3.691,       2121,         85,       1.11
  22,      4.509,        364,        103,       0.81
  23,      4.950,        112,        132,       0.89
  24,      5.412,       1336,        147,       2.09
  25,      5.895,        609,        170,       1.64
  26,      6.399,      15794,        313,       2.41
  28,      7.472,       1669,        341,       1.72
  29,      8.041,       5364,        380,       1.90
  30,      8.631,       3095,        346,       1.87
  35,     11.908,        807,        338,       1.51
  37,     13.375,        645,        322,       0.82
  38,     14.142,        748,        320,       2.02
  40,     15.746,        192,        305,       1.37
  45,      2.696,        582,         68,       2.47
  82,     10.542,        881,        333,       0.76
Incoherent scattering peaks:,     3
  26,      6.320,       4387,        405,       2.49
  26,      6.963,       7592,        303,       2.48
  29,      7.917,       6642,        399,       1.30
