Acquisition date and time: 00-00-   0 (00:00:00)
Live Time:,        0
Real Time:,        0
 
Photopeaks:,    22
  11,      1.041,        577,         93,       1.22
  12,      1.254,        607,         99,       2.28
  13,      1.487,      16476,        174,       4.99
  14,      1.740,      80150,        311,      12.66
  16,      2.307,      38019,        232,       2.09
  17,      2.622,      67913,        329,       5.58
  19,      3.313,     325574,        579,      16.57
  20,      3.691,     116438,        386,       7.18
  22,      4.509,      33213,        241,       1.62
  23,      4.950,        775,        210,       1.78
  24,      5.412,       2739,        212,       1.16
  25,      5.895,       8865,        266,       2.90
  26,      6.399,     531333,        860,      16.99
  28,      7.472,       2729,        490,       2.18
  29,      8.041,      10623,        537,       3.42
  30,      8.631,      30089,        522,       1.80
  35,     11.908,      20202,        510,       2.37
  37,     13.375,       2528,        480,       1.65
  38,     14.142,       3219,        463,       1.99
  40,     15.746,       1626,        442,       1.70
  45,      2.696,        301,        172,       4.40
  82,     10.542,       6010,        483,       1.71
Incoherent scattering peaks:,     3
  26,      6.320,      10332,        675,      14.95
  26,      6.963,      14359,        504,       4.43
  29,      7.917,      10107,        561,       2.88
