Acquisition date and time: 00-00-   0 (00:00:00)
Live Time:,        0
Real Time:,        0
 
Photopeaks:,    22
  11,      1.041,         55,         52,       0.52
  12,      1.254,         68,         54,       1.03
  13,      1.487,        932,         64,       1.33
  14,      1.740,       4133,         87,       1.25
  16,      2.307,       1853,         71,       1.23
  17,      2.622,       2222,         86,       2.23
  19,      3.313,      10716,        124,       1.21
  20,      3.691,       9886,        127,       1.74
  22,      4.509,       1888,        107,       1.60
  23,      4.950,          3,        125,       0.96
  24,      5.412,       1586,        142,       1.67
  25,      5.895,        599,        162,       1.91
  26,      6.399,      25888,        321,       2.70
  28,      7.472,       1649,        323,       1.63
  29,      8.041,       5003,        366,       1.58
  30,      8.631,       3383,        328,       1.61
  35,     11.908,       1679,        322,       1.48
  37,     13.375,        869,        311,       1.20
  38,     14.142,        794,        302,       1.45
  40,     15.746,        447,        289,       1.59
  45,      2.696,        398,         65,       2.51
  82,     10.542,        859,        315,       1.19
Incoherent scattering peaks:,     3
  26,      6.320,       3795,        392,       3.17
  26,      6.963,       6821,        292,       1.37
  29,      7.917,       6329,        380,       1.61
