Acquisition date and time: 00-00-   0 (00:00:00)
Live Time:,        0
Real Time:,        0
 
Photopeaks:,    22
  11,      1.041,        164,         60,       0.82
  12,      1.254,         54,         62,       0.91
  13,      1.487,        662,         67,       1.54
  14,      1.740,       1795,         75,       1.48
  16,      2.307,       1641,         73,       1.02
  17,      2.622,        479,         75,       0.62
  19,      3.313,       4535,         98,       2.00
  20,      3.691,       3404,         99,       2.23
  22,      4.509,       1043,        116,       1.16
  23,      4.950,         63,        144,       2.24
  24,      5.412,       1944,        160,       1.53
  25,      5.895,        929,        187,       1.92
  26,      6.399,      23236,        353,       2.12
  28,      7.472,       2030,        372,       2.64
  29,      8.041,       5793,        412,       1.57
  30,      8.631,       4818,        378,       1.79
  35,     11.908,       1127,        371,       1.85
  37,     13.375,        609,        361,       1.86
  38,     14.142,        758,        350,       1.49
  40,     15.746,        390,        335,       1.22
  45,      2.696,        563,         66,       0.68
  82,     10.542,        926,        363,       1.27
Incoherent scattering peaks:,     3
  26,      6.320,       4169,        448,       2.00
  26,      6.963,       9551,        334,       2.79
  29,      7.917,       8801,        436,       1.28
