Acquisition date and time: 00-00-   0 (00:00:00)
Live Time:,        0
Real Time:,        0
 
Photopeaks:,    22
  11,      1.041,        107,         60,       1.06
  12,      1.254,         85,         60,       1.47
  13,      1.487,        482,         64,       0.78
  14,      1.740,       1223,         69,       1.63
  16,      2.307,       1120,         68,       1.74
  17,      2.622,       2395,         92,       1.75
  19,      3.313,       6328,        106,       1.92
  20,      3.691,       7053,        117,       2.16
  22,      4.509,        825,        112,       1.31
  23,      4.950,         41,        140,       1.11
  24,      5.412,       1791,        157,       1.97
  25,      5.895,        438,        178,       2.10
  26,      6.399,       9357,        283,       1.67
  28,      7.472,       2040,        359,       2.73
  29,      8.041,       5225,        408,       2.42
  30,      8.631,       4541,        367,       1.76
  35,     11.908,       1306,        357,       2.08
  37,     13.375,        637,        348,       1.73
  38,     14.142,        640,        338,       1.15
  40,     15.746,        284,        323,       1.26
  45,      2.696,        634,         70,       1.98
  82,     10.542,       1048,        350,       1.78
Incoherent scattering peaks:,     3
  26,      6.320,       4374,        391,       1.71
  26,      6.963,       8680,        316,       2.35
  29,      7.917,       8299,        423,       2.28
