Acquisition date and time: 00-00-   0 (00:00:00)
Live Time:,        0
Real Time:,        0
 
Photopeaks:,    22
  11,      1.041,         56,         62,       1.03
  12,      1.254,         68,         63,       1.60
  13,      1.487,        609,         67,       1.74
  14,      1.740,       1120,         70,       1.04
  16,      2.307,       1157,         70,       0.70
  17,      2.622,       1192,         83,       1.81
  19,      3.313,       4482,         99,       2.36
  20,      3.691,       2877,         97,       1.37
  22,      4.509,        928,        116,       1.64
  23,      4.950,         58,        145,       1.19
  24,      5.412,       1651,        164,       1.40
  25,      5.895,       1483,        192,       2.38
  26,      6.399,      14821,        333,       2.29
  28,      7.472,       2177,        379,       3.05
  29,      8.041,       5735,        421,       2.40
  30,      8.631,       2763,        382,       2.55
  35,     11.908,       1496,        376,       1.43
  37,     13.375,        621,        366,       1.45
  38,     14.142,       1043,        355,       1.18
  40,     15.746,        237,        340,       1.53
  45,      2.696,        526,         69,       1.56
  82,     10.542,        912,        370,       1.75
Incoherent scattering peaks:,     3
  26,      6.320,       5092,        442,       2.36
  26,      6.963,       9857,        336,       2.07
  29,      7.917,       8800,        445,       2.20
