Acquisition date and time: 00-00-   0 (00:00:00)
Live Time:,        0
Real Time:,        0
 
Photopeaks:,    22
  11,      1.041,        108,         54,       1.01
  12,      1.254,        129,         56,       0.96
  13,      1.487,        296,         57,       1.30
  14,      1.740,        405,         57,       1.47
  16,      2.307,        372,         58,       0.92
  17,      2.622,        753,         73,       1.87
  19,      3.313,       2053,         78,       1.89
  20,      3.691,        997,         79,       2.19
  22,      4.509,        532,        102,       1.94
  23,      4.950,         43,        133,       1.45
  24,      5.412,       1636,        146,       2.19
  25,      5.895,        690,        171,       1.83
  26,      6.399,       3864,        257,       1.68
  28,      7.472,       2056,        346,       2.66
  29,      8.041,       5526,        400,       2.62
  30,      8.631,       3682,        352,       1.26
  35,     11.908,        809,        342,       1.43
  37,     13.375,        479,        333,       1.28
  38,     14.142,        707,        325,       1.44
  40,     15.746,        303,        307,       1.22
  45,      2.696,        622,         62,       2.16
  82,     10.542,        924,        337,       1.20
Incoherent scattering peaks:,     3
  26,      6.320,       3840,        367,       1.28
  26,      6.963,       8127,        294,       1.05
  29,      7.917,       6382,        424,       1.76
