Acquisition date and time: 00-00-   0 (00:00:00)
Live Time:,        0
Real Time:,        0
 
Photopeaks:,    22
  11,      1.041,        416,         88,       1.16
  12,      1.254,        605,         95,       3.62
  13,      1.487,      17817,        174,       3.98
  14,      1.740,      87009,        318,      10.81
  16,      2.307,      31875,        209,       2.37
  17,      2.622,      21531,        210,       5.27
  19,      3.313,     132972,        382,       9.39
  20,      3.691,     109995,        361,       5.63
  22,      4.509,      35166,        247,       1.65
  23,      4.950,        792,        213,       1.47
  24,      5.412,       2398,        214,       1.59
  25,      5.895,      10362,        273,       2.39
  26,      6.399,     622855,        919,      15.37
  28,      7.472,       2493,        494,       1.44
  29,      8.041,      12375,        542,       2.09
  30,      8.631,      27239,        517,       1.87
  35,     11.908,      13479,        500,       2.64
  37,     13.375,       1847,        477,       2.07
  38,     14.142,       3395,        463,       1.14
  40,     15.746,       2035,        443,       1.07
  45,      2.696,        513,        130,       2.86
  82,     10.542,       4218,        481,       2.21
Incoherent scattering peaks:,     3
  26,      6.320,      10343,        699,      13.87
  26,      6.963,      15221,        518,       6.69
  29,      7.917,      10726,        567,       2.11
