Acquisition date and time: 00-00-   0 (00:00:00)
Live Time:,        0
Real Time:,        0
 
Photopeaks:,    22
  11,      1.041,         72,         61,       0.93
  12,      1.254,        104,         64,       1.11
  13,      1.487,        510,         67,       1.22
  14,      1.740,       1623,         76,       0.54
  16,      2.307,       1666,         76,       1.13
  17,      2.622,        933,         82,       1.87
  19,      3.313,       7178,        113,       1.70
  20,      3.691,       4763,        110,       1.79
  22,      4.509,       1158,        120,       1.44
  23,      4.950,         92,        150,       1.02
  24,      5.412,       2304,        170,       0.98
  25,      5.895,       1436,        196,       1.48
  26,      6.399,      16648,        335,       1.47
  28,      7.472,       2370,        387,       2.47
  29,      8.041,       5770,        437,       2.07
  30,      8.631,       5682,        395,       1.51
  35,     11.908,       2012,        387,       1.28
  37,     13.375,        720,        376,       1.21
  38,     14.142,        643,        365,       1.38
  40,     15.746,        607,        349,       0.72
  45,      2.696,        684,         70,       1.55
  82,     10.542,        954,        378,       1.63
Incoherent scattering peaks:,     3
  26,      6.320,       4731,        444,       1.57
  26,      6.963,      10525,        344,       1.75
  29,      7.917,       9760,        454,       1.55
