Acquisition date and time: 00-00-   0 (00:00:00)
Live Time:,        0
Real Time:,        0
 
Photopeaks:,    22
  11,      1.041,        368,         73,       1.15
  12,      1.254,        177,         74,       1.04
  13,      1.487,       1196,         83,       1.41
  14,      1.740,       5303,        107,       1.21
  16,      2.307,      11488,        136,       1.44
  17,      2.622,      35552,        239,       2.98
  19,      3.313,      27851,        190,       3.33
  20,      3.691,      26695,        195,       1.91
  22,      4.509,       3503,        142,       1.10
  23,      4.950,        208,        168,       1.22
  24,      5.412,       1732,        185,       1.08
  25,      5.895,        902,        216,       1.45
  26,      6.399,      65579,        458,       5.02
  28,      7.472,       2531,        442,       3.11
  29,      8.041,       8546,        486,       2.23
  30,      8.631,       5922,        451,       1.20
  35,     11.908,       3422,        446,       1.50
  37,     13.375,        607,        433,       1.80
  38,     14.142,       1173,        419,       1.68
  40,     15.746,        314,        400,       1.47
  45,      2.696,        998,        123,       2.34
  82,     10.542,       1309,        437,       1.27
Incoherent scattering peaks:,     3
  26,      6.320,       8266,        539,       4.77
  26,      6.963,      13455,        403,       1.97
  29,      7.917,      11635,        511,       2.11
