Acquisition date and time: 00-00-   0 (00:00:00)
Live Time:,        0
Real Time:,        0
 
Photopeaks:,    22
  11,      1.041,        966,        105,       2.25
  12,      1.254,        522,        106,       1.59
  13,      1.487,      17852,        182,       4.82
  14,      1.740,      88115,        329,      14.70
  16,      2.307,      40933,        247,       2.91
  17,      2.622,     155207,        469,      10.64
  19,      3.313,     199305,        471,      14.27
  20,      3.691,     298303,        563,      10.97
  22,      4.509,      52648,        289,       3.06
  23,      4.950,       1074,        237,       2.17
  24,      5.412,       2651,        231,       2.22
  25,      5.895,      12491,        296,       1.39
  26,      6.399,     919386,       1083,      23.49
  28,      7.472,       2350,        528,       1.75
  29,      8.041,      13875,        580,       2.54
  30,      8.631,      31980,        560,       2.44
  35,     11.908,      11522,        533,       2.43
  37,     13.375,       2116,        512,       1.08
  38,     14.142,       5551,        499,       1.87
  40,     15.746,       2971,        476,       1.88
  45,      2.696,        754,        212,       6.69
  82,     10.542,       5689,        519,       2.09
Incoherent scattering peaks:,     3
  26,      6.320,      14511,        767,      20.88
  26,      6.963,      18329,        573,       9.68
  29,      7.917,      10549,        605,       2.12
