Acquisition date and time: 00-00-   0 (00:00:00)
Live Time:,        0
Real Time:,        0
 
Photopeaks:,    22
  11,      1.041,         97,         66,       0.75
  12,      1.254,        140,         67,       1.07
  13,      1.487,        363,         70,       1.30
  14,      1.740,        880,         73,       1.16
  16,      2.307,       2664,         85,       1.19
  17,      2.622,       1408,         91,       2.45
  19,      3.313,       6696,        113,       2.87
  20,      3.691,       2198,        101,       1.16
  22,      4.509,        455,        123,       1.60
  23,      4.950,        227,        161,       1.46
  24,      5.412,       1439,        175,       1.90
  25,      5.895,        759,        203,       1.74
  26,      6.399,       9726,        327,       2.56
  28,      7.472,       2459,        417,       2.44
  29,      8.041,       5431,        464,       2.11
  30,      8.631,       3379,        411,       1.41
  35,     11.908,       1847,        407,       1.17
  37,     13.375,        780,        396,       1.70
  38,     14.142,       1018,        386,       1.57
  40,     15.746,        441,        369,       1.63
  45,      2.696,        728,         76,       1.53
  82,     10.542,       1112,        398,       1.83
Incoherent scattering peaks:,     3
  26,      6.320,       6259,        458,       2.63
  26,      6.963,      12002,        364,       2.45
  29,      7.917,      12021,        495,       1.97
