Acquisition date and time: 00-00-   0 (00:00:00)
Live Time:,        0
Real Time:,        0
 
Photopeaks:,    22
  11,      1.041,         87,         58,       1.79
  12,      1.254,         83,         58,       1.56
  13,      1.487,        673,         64,       0.89
  14,      1.740,       1772,         72,       1.32
  16,      2.307,       1596,         70,       1.26
  17,      2.622,        601,         73,       1.82
  19,      3.313,       3902,         91,       2.38
  20,      3.691,       3260,         95,       1.58
  22,      4.509,       1317,        109,       1.65
  23,      4.950,         89,        133,       1.39
  24,      5.412,       1434,        146,       0.92
  25,      5.895,        966,        172,       1.22
  26,      6.399,      21337,        329,       1.97
  28,      7.472,       1399,        341,       1.40
  29,      8.041,       5095,        378,       1.41
  30,      8.631,       3630,        340,       1.77
  35,     11.908,       1081,        332,       1.38
  37,     13.375,        743,        323,       1.18
  38,     14.142,        536,        314,       1.20
  40,     15.746,        280,        302,       1.13
  45,      2.696,        595,         63,       0.82
  82,     10.542,        720,        331,       1.51
Incoherent scattering peaks:,     3
  26,      6.320,       5121,        416,       1.77
  26,      6.963,       7837,        305,       1.86
  29,      7.917,       8283,        400,       1.70
