Acquisition date and time: 00-00-   0 (00:00:00)
Live Time:,        0
Real Time:,        0
 
Photopeaks:,    22
  11,      1.041,         57,         67,       1.40
  12,      1.254,        119,         67,       0.70
  13,      1.487,        465,         69,       1.00
  14,      1.740,        692,         71,       1.15
  16,      2.307,       1048,         73,       0.81
  17,      2.622,        764,         84,       1.98
  19,      3.313,       3829,         99,       2.40
  20,      3.691,       1772,         94,       2.10
  22,      4.509,        723,        122,       1.24
  23,      4.950,        232,        156,       1.25
  24,      5.412,       1463,        172,       1.79
  25,      5.895,       1048,        201,       1.49
  26,      6.399,       8371,        318,       1.81
  28,      7.472,       2340,        400,       2.07
  29,      8.041,       5950,        460,       2.71
  30,      8.631,       3239,        405,       1.45
  35,     11.908,       1677,        399,       1.53
  37,     13.375,        787,        388,       2.43
  38,     14.142,        769,        377,       0.99
  40,     15.746,        288,        361,       1.67
  45,      2.696,        690,         73,       1.93
  82,     10.542,       1205,        393,       1.84
Incoherent scattering peaks:,     3
  26,      6.320,       6002,        445,       1.86
  26,      6.963,      11169,        351,       2.44
  29,      7.917,      10179,        480,       2.65
