Acquisition date and time: 00-00-   0 (00:00:00)
Live Time:,        0
Real Time:,        0
 
Photopeaks:,    22
  11,      1.041,        982,        102,       2.13
  12,      1.254,        549,        106,       2.05
  13,      1.487,      21611,        194,       4.85
  14,      1.740,     101498,        349,      20.31
  16,      2.307,      43034,        251,       2.77
  17,      2.622,     146531,        457,      10.17
  19,      3.313,     208375,        482,      10.94
  20,      3.691,     347462,        602,      10.07
  22,      4.509,      63505,        306,       2.91
  23,      4.950,       1047,        237,       2.08
  24,      5.412,       2620,        227,       2.26
  25,      5.895,      14259,        294,       3.93
  26,      6.399,    1032892,       1127,      23.91
  28,      7.472,       2166,        516,       2.38
  29,      8.041,      13368,        567,       3.43
  30,      8.631,      31756,        547,       2.58
  35,     11.908,       7290,        514,       2.19
  37,     13.375,       2578,        495,       1.63
  38,     14.142,       6565,        485,       2.52
  40,     15.746,       3517,        463,       1.35
  45,      2.696,        399,        209,       6.77
  82,     10.542,       4918,        504,       1.85
Incoherent scattering peaks:,     3
  26,      6.320,      16367,        762,      19.87
  26,      6.963,      17399,        570,      11.00
  29,      7.917,       8641,        589,       2.77
