Acquisition date and time: 00-00-   0 (00:00:00)
Live Time:,        0
Real Time:,        0
 
Photopeaks:,    22
  11,      1.041,        153,         57,       0.78
  12,      1.254,        178,         58,       1.77
  13,      1.487,        522,         62,       0.69
  14,      1.740,       1691,         71,       1.30
  16,      2.307,       1973,         73,       1.27
  17,      2.622,        368,         70,       1.43
  19,      3.313,      13900,        136,       1.63
  20,      3.691,       8158,        122,       1.07
  22,      4.509,       1351,        108,       1.44
  23,      4.950,         14,        132,       1.62
  24,      5.412,       1238,        146,       1.36
  25,      5.895,        749,        169,       1.55
  26,      6.399,      17883,        303,       2.51
  28,      7.472,       1539,        338,       1.57
  29,      8.041,       5043,        375,       2.77
  30,      8.631,       5012,        348,       1.52
  35,     11.908,        838,        336,       1.97
  37,     13.375,        409,        326,       1.27
  38,     14.142,        600,        317,       1.11
  40,     15.746,        248,        304,       1.04
  45,      2.696,        443,         62,       1.49
  82,     10.542,        713,        331,       2.09
Incoherent scattering peaks:,     3
  26,      6.320,       3618,        390,       2.28
  26,      6.963,       7542,        302,       1.48
  29,      7.917,       7718,        397,       1.81
