Acquisition date and time: 00-00-   0 (00:00:00)
Live Time:,        0
Real Time:,        0
 
Photopeaks:,    22
  11,      1.041,         79,         53,       1.82
  12,      1.254,         65,         54,       1.21
  13,      1.487,        613,         60,       1.05
  14,      1.740,       1912,         71,       1.19
  16,      2.307,       1213,         65,       0.93
  17,      2.622,       1299,         76,       1.41
  19,      3.313,       3919,         89,       1.07
  20,      3.691,       6081,        107,       1.65
  22,      4.509,       1062,        103,       1.74
  23,      4.950,        251,        127,       1.37
  24,      5.412,       1398,        142,       2.09
  25,      5.895,        333,        162,       1.20
  26,      6.399,      12212,        277,       2.38
  28,      7.472,       1560,        326,       1.70
  29,      8.041,       5656,        368,       1.73
  30,      8.631,       5735,        336,       1.26
  35,     11.908,       1348,        326,       1.37
  37,     13.375,        462,        315,       1.18
  38,     14.142,        725,        306,       1.40
  40,     15.746,        598,        292,       1.15
  45,      2.696,        446,         61,       2.48
  82,     10.542,        923,        319,       1.17
Incoherent scattering peaks:,     3
  26,      6.320,       4306,        368,       2.60
  26,      6.963,       6989,        289,       1.49
  29,      7.917,       6886,        385,       1.59
