Acquisition date and time: 00-00-   0 (00:00:00)
Live Time:,        0
Real Time:,        0
 
Photopeaks:,    22
  11,      1.041,         69,         55,       1.78
  12,      1.254,         49,         55,       1.10
  13,      1.487,        576,         62,       0.93
  14,      1.740,       1479,         69,       1.78
  16,      2.307,       2091,         73,       1.25
  17,      2.622,       1092,         77,       1.46
  19,      3.313,       5350,         97,       1.75
  20,      3.691,       2750,         92,       0.62
  22,      4.509,        855,        106,       1.50
  23,      4.950,        279,        132,       2.58
  24,      5.412,       1383,        146,       0.98
  25,      5.895,        561,        172,       1.84
  26,      6.399,      17114,        313,       2.37
  28,      7.472,       1616,        345,       2.18
  29,      8.041,       4725,        381,       1.93
  30,      8.631,       3936,        351,       1.15
  35,     11.908,        927,        342,       1.77
  37,     13.375,        769,        335,       1.27
  38,     14.142,        449,        325,       1.54
  40,     15.746,        412,        310,       2.23
  45,      2.696,        682,         64,       1.10
  82,     10.542,        858,        336,       1.26
Incoherent scattering peaks:,     3
  26,      6.320,       4984,        406,       2.26
  26,      6.963,       8220,        306,       1.39
  29,      7.917,       7652,        402,       1.16
