$Informacoes da Fluorescencia de Raios-X:
"Sample    : AFR291",                                                                     
"Operator  : Americo",                                                                    
"Comment  : Ghana-Harvard",                                                               
"Group     : thiago_acra2010ma",                                                          
"Date       : 2010-11-09 14:59:33",                                                       
"",                                                                                       
"Mesurement Condition",                                                                   
"------------------------------------------------------------------------------------",   
"Instrument : 700HS2   Atmosphere : Vac.   Collimator : 10(mm)   Spin : No",              
"------------------------------------------------------------------------------------",   
"Analyte               TG kV   uA      FI Acq.(keV)  Anal.(keV)  Time(sec)     DT(%)",    
"------------------------------------------------------------------------------------",   
"Na                    Rh 50 1000-Auto Al  0 - 20    0.8 - 1.2   Live -  959   17",       
"Channel_info_start",                                                                     
"Channel : Na",                                                                           
"Points : 2048
"Range : 0.000000 - 20.480000",                                                           
"Step : 0.010000",                                                                        
"Channel_info_end",                                                                       
$DATA:
       0    2047
       0       0       0       0       0       0       0       0       0    2048
       0       0       0       0       0       0       0       0       0       0
       0       0       0       0       0       0       0       0       0       0
       0       0       0       0       0       0       0       4       4       7
      80     207     176     251     223     226     211     230     197     208
     207     226     193     246     214     233     201     228     240     225
     207     222     247     267     259     278     252     303     272     297
     280     277     306     366     300     363     351     372     348     350
     302     326     320     300     247     267     242     221     201     244
     229     258     217     242     232     239     211     244     238     273
     225     240     233     258     233     242     252     249     247     237
     243     257     266     278     262     300     266     277     262     259
     254     240     224     213     226     244     227     263     247     265
     252     302     333     311     339     365     346     382     307     366
     341     323     295     310     252     306     291     310     329     444
     560     711     919    1194    1348    1588    1719    2106    2068    2300
    2053    2160    2009    1884    1657    1453    1250    1063     834     790
     715     730     740     983    1257    1989    2515    3587    4405    5973
    6962    8210    9148    9794    9691   10381    9442    9402    7936    7112
    5830    4932    3545    2838    2107    1590    1159     945     747     616
     530     521     455     478     470     446     436     466     407     467
     393     453     404     419     397     381     341     354     329     327
     300     336     324     329     290     326     339     383     391     440
     518     633     787    1043    1290    1606    1783    2216    2395    2780
    2748    2970    2894    2758    2540    2377    2077    1861    1483    1341
    1051     964     754     664     600     578     562     497     527     514
     539     625     755     979    1109    1622    1695    2153    2326    2844
    2959    3291    3204    3524    3244    3167    2765    2595    2200    2088
    1617    1397     975     923     688     613     580     546     571     571
     524     620     572     602     544     584     530     552     443     439
     437     383     330     385     311     301     296     282     305     302
     287     296     293     323     306     286     307     310     319     336
     329     322     332     402     385     452     527     614     801    1115
    1382    1985    2412    3320    4216    5300    6068    7449    8094    9391
    9529   10361   10348   10697    9501    9520    7914    7281    6024    5064
    4039    3178    2294    1869    1274    1060     786     741     705     725
     805     912    1036    1265    1528    1904    2258    2790    3308    4231
    4810    6084    6949    8119    9518   10858   11227   13007   12707   13512
   13006   13021   12004   11265    9438    8822    7191    6028    4565    3795
    2856    2238    1603    1254     914     769     628     609     640     638
     639     819     803    1045    1078    1206    1391    1613    1610    1830
    1798    1937    1772    1924    1808    1810    1517    1444    1283    1109
     918     825     697     656     542     504     472     456     349     392
     402     404     392     411     390     456     377     431     421     425
     420     433     437     456     478     512     623     682     721     903
    1064    1328    1519    1817    2108    2405    2755    3030    3364    3414
    3457    3591    3555    3541    3098    3122    2720    2650    2166    1976
    1772    1554    1266    1155     994    1018     809     823     787     803
     667     769     760     714     716     745     644     742     734     794
     795     873     760     834     930     992     985    1020    1074    1149
    1119    1174    1192    1214    1123    1181    1135    1078     983     977
     963     915     875     835     826     861     686     767     717     717
     690     810     694     750     664     675     749     709     771     766
     767     869     757     803     803     759     783     843     755     870
     810     852     863     954     877     955     996     992     991     989
    1007    1064     986    1035     981    1095    1041    1045     972    1032
     962    1035     944     942     936     932     945     953     990    1065
     967    1048     919     980     987     953    1005    1038    1032    1074
     979    1038    1034    1122    1096    1133    1179    1274    1238    1324
    1320    1482    1452    1679    1623    1784    1735    1948    1847    2024
    1942    2031    1852    1839    1793    1809    1726    1694    1503    1540
    1438    1455    1363    1391    1320    1399    1253    1393    1336    1363
    1300    1417    1440    1452    1442    1573    1540    1752    1755    1948
    2371    2713    3240    4230    5172    6748    8230   10531   13042   16384
   19141   23403   27233   32376   34154   39116   42465   45407   46131   50774
   47125   48953   44499   43688   39470   37210   31725   29045   24051   21078
   16919   14379   11218    9350    7066    6037    4461    3860    2992    2605
    2183    2057    1850    1662    1629    1650    1573    1537    1568    1646
    1562    1628    1593    1569    1531    1612    1630    1670    1623    1699
    1688    1763    1687    1741    1803    1849    1858    2108    2089    2279
    2450    2740    2980    3345    3728    4109    4582    5096    5157    5998
    6423    6851    6900    7505    7687    8010    7275    7568    6916    6754
    6175    6098    5511    5234    4399    4004    3544    3294    2867    2717
    2381    2231    2002    1957    1854    1789    1684    1630    1558    1721
    1568    1635    1634    1665    1631    1653    1671    1695    1664    1730
    1706    1702    1682    1730    1740    1727    1588    1709    1727    1782
    1676    1729    1637    1635    1625    1658    1654    1697    1645    1562
    1622    1602    1612    1574    1647    1689    1580    1624    1664    1723
    1605    1673    1679    1774    1671    1653    1701    1744    1618    1706
    1664    1743    1703    1827    1683    1789    1784    1780    1814    1964
    1772    1900    1909    2047    1945    2205    2141    2272    2270    2412
    2425    2479    2329    2510    2493    2422    2385    2463    2250    2238
    2133    2066    2051    1950    1872    1913    1820    1736    1669    1690
    1559    1605    1532    1559    1517    1563    1491    1567    1520    1565
    1457    1597    1543    1502    1466    1467    1528    1507    1508    1418
    1512    1508    1511    1521    1593    1603    1616    1677    1682    1861
    1850    1941    2057    2243    2189    2426    2540    2692    2682    2731
    2874    2975    2767    2850    3007    2925    2664    2647    2568    2493
    2301    2205    2220    2111    1893    1900    1763    1818    1644    1658
    1567    1619    1500    1511    1534    1538    1430    1461    1490    1514
    1496    1492    1560    1523    1463    1544    1563    1536    1445    1528
    1460    1448    1353    1436    1415    1429    1312    1381    1352    1436
    1454    1445    1385    1439    1409    1467    1461    1432    1374    1455
    1429    1424    1344    1488    1545    1440    1372    1448    1479    1466
    1428    1430    1419    1369    1401    1442    1456    1419    1360    1371
    1484    1436    1387    1441    1441    1399    1427    1389    1451    1451
    1513    1536    1540    1552    1528    1497    1530    1580    1563    1519
    1564    1520    1495    1464    1518    1535    1435    1477    1391    1490
    1349    1363    1397    1444    1282    1432    1394    1418    1389    1398
    1370    1311    1269    1343    1274    1391    1299    1300    1353    1341
    1327    1371    1372    1352    1273    1345    1318    1341    1300    1268
    1381    1440    1317    1330    1350    1371    1337    1373    1383    1424
    1321    1295    1342    1338    1256    1387    1362    1307    1330    1326
    1312    1380    1284    1341    1368    1309    1364    1294    1318    1363
    1297    1396    1366    1347    1405    1387    1380    1408    1360    1454
    1360    1463    1418    1487    1460    1567    1482    1521    1530    1603
    1515    1601    1656    1617    1502    1605    1502    1626    1541    1547
    1511    1606    1458    1512    1556    1497    1378    1429    1490    1473
    1349    1384    1387    1345    1379    1371    1409    1390    1357    1392
    1380    1358    1321    1351    1373    1356    1300    1370    1327    1376
    1286    1386    1413    1444    1322    1394    1393    1327    1313    1348
    1314    1347    1281    1366    1356    1370    1358    1354    1353    1426
    1322    1395    1368    1455    1447    1358    1382    1373    1322    1334
    1351    1366    1290    1338    1328    1399    1317    1359    1365    1325
    1368    1393    1296    1456    1364    1313    1389    1335    1376    1357
    1335    1285    1317    1314    1337    1329    1334    1401    1291    1372
    1304    1420    1318    1372    1310    1297    1314    1326    1310    1349
    1339    1376    1299    1320    1336    1378    1360    1440    1350    1453
    1403    1427    1529    1549    1452    1652    1733    1665    1758    1762
    1907    1890    2061    1931    2091    2123    2106    2252    2187    2265
    2125    2141    2189    2207    1956    2088    1997    1942    1920    1906
    1752    1715    1616    1611    1535    1531    1419    1474    1431    1369
    1372    1368    1308    1209    1327    1206    1318    1276    1236    1303
    1290    1274    1231    1245    1257    1231    1188    1290    1274    1255
    1267    1283    1169    1265    1205    1213    1260    1204    1228    1236
    1321    1308    1267    1252    1259    1249    1236    1218    1308    1358
    1310    1260    1263    1342    1330    1393    1370    1374    1391    1368
    1327    1383    1267    1402    1390    1413    1248    1339    1314    1332
    1276    1305    1289    1253    1188    1272    1261    1284    1198    1226
    1314    1293    1171    1216    1282    1264    1138    1182    1203    1215
    1134    1217    1179    1159    1127    1238    1140    1169    1097    1197
    1149    1253    1165    1148    1159    1127    1224    1158    1121    1215
    1184    1145    1219    1313    1213    1201    1188    1291    1250    1317
    1362    1312    1262    1298    1348    1343    1270    1412    1367    1320
    1252    1370    1311    1351    1259    1318    1286    1276    1250    1241
    1286    1304    1230    1229    1309    1211    1224    1156    1221    1254
    1118    1158    1143    1237    1105    1154    1111    1173    1092    1171
    1126    1123    1078    1165    1148    1130    1064    1193    1125    1140
    1083    1120    1136    1124    1027    1072    1108    1157    1085    1118
    1100    1109    1028    1064    1133    1153    1073    1101    1121    1125
    1096    1150    1081    1155    1048    1179    1174    1088    1081    1169
    1139    1195    1203    1119    1187    1266    1096    1211    1282    1205
    1194    1164    1289    1260    1195    1221    1232    1279    1111    1147
    1152    1169    1107    1212    1125    1173    1077    1092    1152    1071
    1077    1041    1093    1035    1043    1110    1061    1047    1009    1073
    1044    1084    1023    1035    1017    1030     974    1055     964    1044
    1033    1023    1002    1061    1038    1038     981     998     999    1006
    1082    1028     962    1046    1052     994    1003    1003    1060    1073
    1022    1029    1091    1084    1015    1027    1033    1055     980     988
    1050    1066     998    1021     982    1073     975    1039    1041    1065
    1000    1011    1047    1074    1038     922    1049     990     903    1019
    1091    1005    1045     905    1027     997     924    1014     993    1061
     935     930     971     935     888     963     978     983    1040     971
    1007     937     940     951     983     910     936     970     969     967
     913     941     961     975     939     865     984     992     899     936
    1022     945     864     957     965     970     918     899     954     980
     886     988     882     972     941     934     983     983     938     901
    1047    1080     941     911    1030    1027     948    1045    1061    1067
     993    1018     992    1015    1006    1007    1043    1053     972    1037
    1033     975     864     975    1008    1037     960     947     910     944
     922     874     905     961     880     867     879     947     905     928
     874     902     854     925     898     951     915     914     934     886
     888     875     952     916     877     911     900     930     883     889
     846     933     874     883     960     877     812     973     890     924
     861     864     963     926     897     883     933     925     843     882
     899     904     880     920     901     943     910     862     920     912
     847     889     897     919     877     882     849     853     855     842
     867     922     845     919     883     886     861     910     919     947
     831     867     832     904     810     868     809     824     873     859
     882     860     779     842     856     903     850     887     818     878
     803     890     837     882     910     835     950     842     860     827
     848     846     809     855     841     861     852     840     926     854
     889     851     819     884     827     831     857     807     820     849
     768     886     849     828     856     877     803     799     890     854
     859     844     889     895     916     774     863     884     830     888
     868     920     883     842     870     907     793     873     926     832
     821     892     940     874     882     898     877     934     896     857
     924     867     859     867     902     913     922     855     893     919
     863     925     899     900     877     906     934     903     860     855
     996     893     847     891     959     928     889     875     957     935
     941     859     967     913     875     927     906     914     937     918
     941     944     924     939     952     960     934    1030     959     926
     934     974    1032     971     943    1027     952    1028     948     988
    1022    1023    1042    1022    1061    1120     992    1060    1029    1128
    1038    1105    1100    1127    1088    1161    1159    1132    1097    1082
    1186    1215    1180    1167    1218    1252    1256    1202    1261    1326
    1238    1325    1337    1426    1332    1422    1514    1484    1454    1524
    1558    1552    1638    1609    1713    1732    1744    1787    1998    1926
    1957    2039    2181    2182    2144    2249    2313    2429    2400    2678
    2787    2831    2775    2864    3003    3244    3138    3298    3652    3564
    3564    3782    3956    3974    4007    4159    4369    4429    4435    4451
    4684    4904    4774    4872    5016    5213    4914    5158    5338    5454
    5134    5172    5497    5616    5364    5364    5562    5452    5333    5256
    5988    5502    5342    5261    5420    5113    5056    5042    5060    4829
    4711    4893    4681    4683    4386    4444    4241    4346    4131    4113
    3925    3742    3495    3486    3571    3459    3140    3136    3071    2862
    2685    2588    2754    2566    2380    2299    2309    2190    2012    2027
    2037    1930    1849    1778    1723    1700    1479    1574    1634    1523
    1425    1371    1442    1326    1346    1322    1355    1398    1319    1327
    1373    1391    1367    1429    1657    1560    1580    1645    1753    1857
    1947    1890    2059    2185    2203    2240    2316    2368    2419    2451
    2675    2799    2756    2748    2868    2894    2734    2959    2966    2902
    2771    2851    2826    2741    2592    2398    2657    2509    2236    2209
    2168    2091    1855    1790    1738    1606    1492    1318    1415    1281
    1142    1126    1127    1072     881     953     897     899     847     805
     761     841     755     823     803     801     776  412917
