$Informacoes da Fluorescencia de Raios-X:
"Sample    : AFR279",                                                                     
"Operator  : Americo",                                                                    
"Comment  : Ghana-Harvard",                                                               
"Group     : thiago_acra2010ma",                                                          
"Date       : 2010-11-09 10:53:59",                                                       
"",                                                                                       
"Mesurement Condition",                                                                   
"------------------------------------------------------------------------------------",   
"Instrument : 700HS2   Atmosphere : Vac.   Collimator : 10(mm)   Spin : No",              
"------------------------------------------------------------------------------------",   
"Analyte               TG kV   uA      FI Acq.(keV)  Anal.(keV)  Time(sec)     DT(%)",    
"------------------------------------------------------------------------------------",   
"Na                    Rh 50 1000-Auto Al  0 - 20    0.8 - 1.2   Live -  960   15",       
"Channel_info_start",                                                                     
"Channel : Na",                                                                           
"Points : 2048
"Range : 0.000000 - 20.480000",                                                           
"Step : 0.010000",                                                                        
"Channel_info_end",                                                                       
$DATA:
       0    2047
       0       0       0       0       0       0       0       0       0    2048
       0       0       0       0       0       0       0       0       0       0
       0       0       0       0       0       0       0       0       0       0
       0       0       0       0       0       0       0       2       2       8
      67     207     215     223     185     214     194     225     220     226
     187     229     206     216     188     207     195     250     218     240
     226     239     228     253     271     245     247     268     265     321
     288     358     295     345     327     334     331     383     356     356
     313     338     313     293     260     261     225     235     198     214
     181     206     186     230     211     186     222     175     228     223
     222     208     200     228     193     233     194     205     226     237
     201     271     231     246     247     273     238     222     261     242
     196     226     195     229     208     197     204     195     195     240
     249     254     230     255     270     253     240     292     269     305
     254     281     242     256     247     241     224     251     258     295
     407     464     525     735     770     979    1008    1217    1259    1399
    1263    1269    1264    1155    1027     923     777     699     659     582
     516     535     518     547     681     862    1143    1679    2012    2783
    3059    3765    4159    4581    4623    4977    4464    4341    3518    3278
    2686    2251    1689    1313     973     775     624     551     479     399
     349     390     341     333     374     372     363     378     342     356
     379     339     374     352     326     316     318     339     324     342
     237     295     252     286     295     315     353     337     334     441
     521     656     827    1069    1280    1653    1949    2453    2677    3060
    3132    3422    3170    3282    2925    2640    2260    2142    1585    1339
    1004     880     688     580     491     534     451     469     400     423
     378     410     421     494     477     635     617     802     925     993
    1041    1175    1230    1300    1285    1199    1113    1036     924     794
     633     604     492     422     382     354     367     367     340     377
     344     385     409     413     389     393     362     387     339     343
     320     329     311     301     303     279     306     306     266     277
     265     282     299     318     283     331     320     310     316     334
     311     345     385     371     412     416     504     663     788    1179
    1446    2177    2735    3659    4608    6168    7067    8792    9685   11121
   11583   12631   12585   12550   11306   11514    9372    8533    6917    5887
    4478    3529    2601    2001    1462    1144     775     707     704     712
     755     919    1068    1277    1383    1711    1998    2472    2674    3189
    3701    4412    4854    5531    6175    7001    7280    8286    8119    8601
    7931    7987    7465    6970    5804    5354    4350    3686    2843    2350
    1885    1358    1017     841     652     604     529     517     498     525
     509     618     636     740     716     898     962    1030    1080    1255
    1187    1299    1221    1267    1099    1149     982     990     878     883
     666     595     570     523     484     459     408     420     380     357
     378     393     372     377     386     383     367     401     431     381
     374     438     413     464     436     478     503     571     582     707
     754     860     939    1081    1304    1505    1631    1817    1969    2145
    2042    2144    2125    2208    2014    1960    1744    1538    1426    1372
    1149    1118     888     888     755     742     718     676     656     642
     611     644     679     610     585     642     635     609     657     691
     677     677     668     742     705     790     792     833     791     875
     821     885     901     885     862     907     943     855     853     846
     814     815     691     768     739     705     653     709     654     646
     644     708     648     686     680     716     668     709     669     703
     722     703     708     665     717     772     760     774     773     833
     730     799     805     815     793     904     887     922     883     952
     910     975    1004     978     950     928     883     973     920     980
     893     964     891     910     940     938     903     963     903     927
     913     956     955     960     942     981     970     975     916    1066
     927     969    1022    1009     998    1098    1022    1068    1106    1113
    1179    1202    1224    1345    1332    1376    1358    1440    1451    1522
    1475    1540    1503    1556    1458    1495    1419    1372    1337    1321
    1290    1310    1227    1306    1235    1287    1236    1260    1253    1228
    1180    1221    1281    1338    1303    1354    1377    1479    1446    1690
    1726    1981    2062    2614    3038    3708    4472    5761    6822    8580
    9792   12375   14456   16910   17667   20479   21890   24239   24168   27092
   24788   25591   23398   23110   20879   19706   17034   15787   13207   11536
    9144    7832    6481    5359    4291    3693    2938    2557    2019    2052
    1797    1749    1670    1693    1601    1626    1548    1634    1611    1553
    1514    1590    1593    1634    1547    1616    1610    1537    1556    1626
    1673    1668    1661    1637    1711    1730    1677    1786    1732    1970
    1959    2224    2239    2568    2579    2966    3003    3418    3495    3897
    3992    4294    4369    4639    4726    4864    4565    4723    4443    4391
    3980    3964    3599    3311    3045    2961    2613    2513    2148    2226
    1988    1898    1799    1869    1728    1646    1589    1708    1533    1683
    1533    1636    1615    1675    1572    1581    1706    1673    1588    1768
    1683    1678    1608    1748    1737    1697    1740    1662    1652    1763
    1672    1766    1650    1745    1662    1736    1645    1632    1589    1665
    1669    1737    1734    1636    1652    1659    1598    1661    1702    1630
    1555    1700    1745    1691    1525    1701    1636    1694    1541    1676
    1696    1755    1618    1793    1714    1761    1776    1857    1811    1836
    1867    1921    1963    2080    1987    2137    2243    2318    2275    2490
    2438    2580    2466    2495    2573    2643    2462    2424    2422    2392
    2120    2162    2070    1983    1847    1982    1831    1758    1656    1591
    1667    1620    1552    1599    1555    1598    1556    1583    1541    1590
    1518    1580    1443    1544    1484    1520    1478    1493    1507    1525
    1527    1483    1540    1553    1578    1614    1586    1753    1754    1841
    1767    2022    2019    2296    2165    2482    2566    2715    2644    2806
    2779    3006    2861    2876    2844    2900    2690    2674    2569    2564
    2352    2267    2172    2113    1951    1827    1728    1839    1612    1692
    1523    1594    1507    1536    1543    1464    1454    1617    1535    1495
    1502    1529    1539    1506    1489    1513    1493    1503    1420    1564
    1463    1446    1406    1444    1396    1469    1380    1409    1396    1501
    1431    1462    1388    1476    1351    1425    1454    1411    1386    1346
    1396    1485    1413    1397    1392    1405    1382    1369    1388    1504
    1356    1381    1393    1388    1385    1429    1382    1505    1383    1436
    1438    1483    1384    1411    1463    1511    1448    1493    1498    1537
    1398    1535    1512    1527    1477    1516    1515    1561    1518    1593
    1602    1498    1438    1483    1498    1545    1440    1396    1353    1427
    1366    1445    1461    1415    1270    1426    1344    1434    1284    1335
    1327    1342    1335    1334    1391    1430    1340    1298    1331    1349
    1339    1354    1422    1302    1234    1366    1335    1366    1314    1385
    1355    1353    1253    1325    1333    1376    1293    1382    1321    1329
    1268    1363    1368    1331    1276    1313    1316    1316    1260    1345
    1334    1381    1282    1373    1286    1321    1286    1353    1329    1409
    1311    1389    1331    1353    1309    1459    1370    1419    1326    1448
    1344    1417    1349    1507    1484    1550    1474    1591    1531    1562
    1542    1538    1513    1524    1551    1546    1571    1619    1571    1586
    1455    1570    1403    1549    1443    1480    1370    1383    1447    1405
    1400    1512    1430    1418    1298    1431    1347    1406    1387    1335
    1401    1397    1396    1409    1358    1372    1376    1418    1395    1464
    1316    1382    1300    1460    1371    1387    1424    1416    1412    1380
    1403    1462    1382    1449    1411    1461    1383    1407    1284    1384
    1362    1367    1365    1398    1410    1458    1387    1396    1349    1395
    1470    1422    1326    1395    1342    1457    1290    1381    1341    1401
    1333    1327    1381    1419    1387    1363    1374    1453    1333    1357
    1276    1389    1282    1411    1381    1420    1284    1371    1337    1429
    1279    1488    1324    1422    1303    1379    1332    1423    1287    1418
    1361    1364    1389    1354    1364    1374    1412    1523    1420    1559
    1519    1568    1546    1696    1551    1766    1806    2025    1982    2029
    2168    2189    2292    2411    2489    2563    2488    2684    2693    2597
    2544    2631    2659    2579    2426    2411    2305    2303    2070    2168
    2009    1916    1783    1732    1668    1591    1464    1565    1472    1528
    1414    1306    1406    1338    1245    1362    1342    1267    1224    1292
    1201    1292    1176    1230    1258    1313    1239    1237    1262    1285
    1237    1293    1205    1304    1152    1287    1243    1299    1232    1247
    1272    1309    1276    1241    1260    1376    1231    1227    1330    1271
    1326    1365    1259    1331    1278    1441    1354    1407    1319    1306
    1294    1315    1312    1375    1356    1350    1277    1287    1340    1347
    1215    1269    1278    1336    1177    1248    1231    1288    1207    1204
    1309    1297    1151    1212    1255    1207    1216    1250    1188    1181
    1125    1219    1228    1244    1149    1198    1124    1189    1213    1253
    1206    1160    1182    1222    1197    1287    1194    1180    1208    1231
    1203    1231    1287    1289    1200    1254    1287    1314    1249    1385
    1354    1363    1290    1306    1303    1305    1344    1404    1340    1385
    1427    1386    1353    1381    1261    1432    1434    1366    1289    1352
    1291    1297    1328    1276    1272    1242    1162    1206    1190    1242
    1139    1159    1187    1195    1163    1230    1198    1167    1167    1151
    1126    1145    1123    1115    1113    1205    1087    1157    1110    1186
    1085    1164    1070    1114    1107    1080    1150    1147    1002    1090
    1087    1148    1043    1109    1123    1213    1054    1115    1098    1177
    1069    1118    1153    1231    1103    1076    1105    1128    1122    1152
    1157    1151    1112    1170    1177    1162    1117    1168    1203    1263
    1099    1137    1219    1135    1104    1197    1153    1181    1040    1137
    1104    1119    1084    1159    1060    1149    1071    1033    1067    1079
    1053    1018    1076    1139    1007    1049    1060    1035    1083    1045
    1114    1019    1069    1061    1022    1035     997    1115    1054    1053
     968    1006    1034    1080     992    1067    1039    1068     951    1015
    1043    1067    1078    1083    1104     987    1008     994    1026    1068
    1026    1020    1100    1039     978     990    1030    1110     965     959
    1074    1057     992    1093    1015    1034     985    1055     977    1047
    1054     977    1054    1038     985    1035    1010    1017    1005     980
     971     973     962     951    1056    1011     928     990     948     977
     923     952     987    1027     993    1025     962    1016     931     947
     977    1016     891    1008     960     977     910     972     990     918
     951     960     977     940     940     894     956     986     960     966
     958     941     929     967     913     983     959     946     943     975
     905     974     915     946     902     915     948     927     923    1029
     958    1058     937     965     984    1019     926     942     965     960
     961    1015     921     967     938     970     935     943     938     975
     964    1008     977     988     931     971     910     965     949     879
     910     963     976     988     864     912     958     948     935     962
     895     904     901     860     906     906     903     962     927     908
     854     925     945     978     843     940     881     897     874     877
     933     940     875     809     866     910     858     893     854     938
     890     844     942     910     792     846     849     870     915     883
     895     945     848     886     922     914     870     865     824     907
     887     884     845     906     884     910     945     910     866     901
     959     892     891     888     928     917     877     874     855     893
     884     891     974     904     910     860     870     898     854     914
     853     847     846     868     848     859     866     902     847     906
     871     891     948     911     840     827     900     841     801     867
     903     913     856     874     868     933     809     839     876     906
     877     904     880     905     796     863     838     914     848     871
     857     914     794     857     890     923     822     889     896     880
     802     876     855     949     829     858     862     948     814     856
     924     848     906     960     883     921     863     841     873     891
     870     868     935     886     834     834     883     837     822     849
     956     888     859     854     811     940     893     910     870     864
     854     905     918     928     901     935     905     954     891     945
     971     982     826     925     946     973     872     874     889     969
     905     924    1034     954     914     941     953     948     891     914
     949     949     956     977    1003     984     925    1030     958    1069
    1001     994    1012    1082    1010    1016    1011    1016     997     997
    1019    1056    1023     964    1075    1106    1038    1068    1170    1095
    1077    1116    1134    1147    1090    1142    1161    1166    1168    1196
    1171    1221    1149    1197    1281    1225    1222    1270    1315    1361
    1326    1325    1354    1421    1302    1430    1539    1509    1455    1520
    1626    1606    1610    1682    1740    1824    1798    1836    1943    2014
    1955    2118    2183    2297    2167    2446    2451    2739    2479    2606
    2866    2949    2967    3039    3172    3233    3213    3336    3865    3585
    3652    3806    3982    4063    4001    4242    4442    4494    4361    4602
    4885    4903    4965    4996    5238    5273    5102    5198    5241    5497
    5259    5365    5697    5689    5272    5390    5635    5621    5557    5168
    6007    5788    5448    5548    5425    5441    5107    5214    5228    5186
    4723    4898    4868    4718    4396    4458    4490    4416    4017    4065
    4008    3820    3630    3543    3643    3489    3146    3187    3088    3041
    2820    2691    2769    2597    2454    2395    2298    2392    2030    2147
    2062    1973    1813    1810    1898    1660    1616    1610    1614    1582
    1489    1532    1469    1445    1329    1337    1409    1365    1341    1359
    1505    1432    1372    1376    1645    1657    1559    1701    1798    1883
    1845    1980    2017    2152    2142    2242    2409    2474    2492    2618
    2666    2699    2670    2859    2883    2914    2705    2857    3013    3069
    2873    2860    2740    2709    2631    2457    2773    2460    2330    2279
    2175    2033    1849    1754    1783    1597    1438    1468    1390    1319
    1207    1181    1120    1056     909     929     886     918     816     827
     877     831     810     827     806     786     796  419593
