$Informacoes da Fluorescencia de Raios-X:
"Sample    : AFR298",                                                                     
"Operator  : Americo",                                                                    
"Comment  : Ghana-Harvard",                                                               
"Group     : thiago_acra2010ma",                                                          
"Date       : 2010-11-09 17:23:51",                                                       
"",                                                                                       
"Mesurement Condition",                                                                   
"------------------------------------------------------------------------------------",   
"Instrument : 700HS2   Atmosphere : Vac.   Collimator : 10(mm)   Spin : No",              
"------------------------------------------------------------------------------------",   
"Analyte               TG kV   uA      FI Acq.(keV)  Anal.(keV)  Time(sec)     DT(%)",    
"------------------------------------------------------------------------------------",   
"Na                    Rh 50 1000-Auto Al  0 - 20    0.8 - 1.2   Live -  959   10",       
"Channel_info_start",                                                                     
"Channel : Na",                                                                           
"Points : 2048
"Range : 0.000000 - 20.480000",                                                           
"Step : 0.010000",                                                                        
"Channel_info_end",                                                                       
$DATA:
       0    2047
       0       0       0       0       0       0       0       0       0    2048
       0       0       0       0       0       0       0       0       0       0
       0       0       0       0       0       0       0       0       0       0
       0       0       0       0       0       0       0       2       4       6
      57     168     149     167     164     169     139     160     154     164
     155     163     151     176     151     188     160     160     158     182
     173     154     160     154     168     160     176     187     171     171
     201     256     260     338     309     380     333     383     345     379
     311     345     264     260     249     194     179     181     152     158
     156     178     160     138     159     130     139     155     149     138
     144     153     148     155     165     145     149     150     157     161
     149     140     143     135     145     156     120     145     147     167
     170     164     145     161     152     158     164     161     147     160
     132     138     163     172     147     155     146     165     136     155
     148     149     156     186     136     156     181     145     155     162
     143     160     154     178     155     172     128     149     177     149
     176     145     143     166     161     156     155     151     164     127
     139     133     130     143     145     163     144     144     140     165
     148     156     154     166     153     170     183     163     158     137
     157     142     115     155     130     131     125     126     127     139
     150     110     137     148     138     117     104     124     120     152
     133     119     117     129     131     122     131     135      94     127
     136     118     112     117     123     128     125     118     126     115
     113     122     134     125     124     120     143     148     147     147
     143     169     143     146     153     166     149     140     129     132
     118     141     132     111     111     112     122     128     130     106
     112     116     125     136     104     122     109      94     121     135
     125     152     139     141     149     146     159     170     156     177
     150     165     148     140     142     147     159     181     159     168
     181     159     158     173     185     162     198     145     188     162
     154     155     146     134     154     152     133     146     135     124
     123     148     135     155     129     145     131     127     104     127
     125     136     117     135     138     135     119     134     112     130
     119     131     133     134     129     152     131     147     135     146
     158     150     171     194     170     179     167     214     176     170
     155     174     123     143     129     153     143     134     144     142
     123     150     142     170     136     187     154     201     167     215
     214     243     254     297     324     398     373     410     429     446
     398     435     392     404     350     390     334     307     241     255
     232     210     172     204     209     210     184     228     194     219
     186     240     232     188     217     240     221     249     225     255
     281     252     268     254     285     276     230     284     284     282
     275     272     283     271     251     299     263     300     268     296
     293     296     296     315     311     306     305     298     326     288
     323     325     304     310     328     342     313     343     306     340
     323     339     315     340     330     357     355     367     365     383
     390     373     396     404     380     350     382     419     414     409
     461     415     386     458     421     456     397     441     469     452
     445     504     466     499     519     477     511     564     458     477
     508     537     496     527     500     515     494     553     484     533
     521     544     513     557     504     580     565     550     493     524
     574     574     553     554     512     536     500     563     565     535
     538     594     536     601     530     561     562     569     576     601
     572     598     568     596     622     674     617     659     632     621
     611     650     639     726     627     699     715     740     711     741
     796     801     774     824     796     786     778     803     793     811
     784     773     762     776     747     813     834     806     756     818
     806     823     824     804     783     847     739     875     877     877
     847     866     854     795     856     889     874     863     858     857
     892     890     896     878     899     955     908     954     900     946
     881    1038     974     986     941     970     959     953     977     960
     951    1024     933     981    1038    1036    1017    1065     986     984
    1116    1024    1041    1137     959    1061    1099    1079    1084    1109
    1076    1109    1053    1247    1118    1208    1123    1177    1171    1284
    1212    1265    1324    1301    1286    1354    1429    1368    1418    1520
    1473    1498    1392    1450    1414    1430    1400    1447    1349    1503
    1284    1394    1345    1314    1310    1388    1298    1298    1218    1312
    1271    1399    1306    1342    1299    1409    1273    1375    1355    1306
    1345    1371    1331    1364    1283    1357    1367    1371    1319    1391
    1436    1476    1356    1402    1447    1466    1397    1432    1481    1447
    1413    1523    1367    1472    1379    1461    1316    1451    1406    1516
    1471    1501    1492    1541    1525    1431    1424    1451    1469    1486
    1495    1490    1424    1477    1465    1507    1554    1527    1415    1562
    1502    1466    1425    1406    1446    1526    1412    1504    1465    1513
    1408    1495    1405    1455    1467    1541    1499    1537    1488    1491
    1437    1541    1491    1465    1468    1535    1402    1477    1519    1477
    1447    1483    1568    1535    1427    1505    1560    1535    1415    1471
    1496    1519    1449    1433    1453    1514    1511    1484    1535    1509
    1492    1535    1432    1552    1402    1498    1449    1519    1425    1554
    1548    1535    1440    1635    1468    1594    1451    1525    1547    1636
    1534    1648    1642    1703    1641    1665    1709    1764    1716    1791
    1813    1825    1714    1885    1819    1850    1762    1710    1753    1762
    1630    1640    1583    1566    1468    1548    1437    1481    1277    1326
    1327    1431    1333    1413    1406    1352    1303    1384    1357    1372
    1304    1383    1358    1317    1250    1324    1298    1333    1319    1250
    1312    1298    1322    1266    1274    1323    1251    1408    1293    1347
    1295    1351    1283    1307    1329    1450    1375    1421    1351    1371
    1409    1383    1403    1414    1455    1457    1376    1374    1407    1363
    1343    1395    1337    1351    1260    1308    1349    1347    1248    1364
    1323    1293    1273    1285    1268    1269    1268    1350    1333    1310
    1264    1245    1317    1294    1247    1350    1293    1270    1180    1376
    1289    1297    1264    1282    1206    1274    1177    1294    1232    1309
    1265    1294    1167    1248    1136    1251    1219    1267    1189    1232
    1239    1311    1169    1217    1287    1206    1173    1203    1258    1306
    1257    1216    1212    1200    1158    1223    1226    1253    1184    1212
    1210    1226    1206    1249    1259    1292    1229    1223    1216    1231
    1165    1209    1182    1212    1153    1220    1258    1232    1238    1221
    1235    1264    1217    1195    1203    1233    1195    1274    1142    1223
    1199    1177    1180    1231    1226    1181    1125    1237    1174    1215
    1147    1213    1196    1107    1158    1214    1126    1168    1221    1171
    1172    1208    1239    1142    1172    1152    1221    1206    1116    1219
    1170    1163    1078    1190    1119    1165    1173    1148    1173    1203
    1175    1083    1178    1197    1152    1152    1148    1210    1158    1120
    1209    1197    1124    1290    1160    1219    1131    1152    1234    1204
    1133    1198    1228    1228    1096    1140    1080    1249    1127    1218
    1171    1207    1150    1218    1215    1181    1130    1208    1203    1232
    1194    1214    1236    1191    1221    1220    1178    1137    1197    1225
    1264    1206    1125    1204    1162    1200    1151    1183    1218    1205
    1207    1225    1140    1154    1197    1212    1232    1182    1151    1212
    1166    1243    1182    1192    1213    1249    1140    1246    1244    1277
    1174    1231    1231    1293    1211    1156    1161    1232    1158    1227
    1211    1303    1207    1240    1266    1268    1190    1156    1246    1257
    1168    1217    1218    1251    1194    1196    1235    1243    1212    1150
    1226    1254    1230    1201    1213    1296    1146    1177    1244    1229
    1196    1262    1168    1162    1168    1262    1208    1274    1165    1251
    1121    1244    1137    1238    1250    1212    1197    1138    1196    1222
    1084    1299    1165    1238    1164    1191    1156    1242    1136    1211
    1155    1240    1158    1180    1168    1163    1154    1224    1189    1269
    1169    1257    1185    1187    1135    1184    1243    1290    1099    1139
    1186    1277    1154    1168    1158    1165    1096    1175    1184    1162
    1151    1153    1221    1187    1113    1181    1191    1178    1181    1186
    1132    1167    1154    1147    1164    1147    1172    1149    1128    1097
    1153    1095    1124    1100    1116    1137    1176    1177    1015    1136
    1109    1108    1093    1137    1133    1111    1142    1078    1121    1175
    1129    1062    1069    1134    1104    1102    1099    1069    1075    1092
    1071    1089    1070    1100    1075    1080    1064    1064    1118    1126
    1016    1063    1050    1106    1086    1042    1101    1079    1065    1037
    1060    1081    1047    1081    1057    1047    1025    1059    1132    1078
    1060    1079    1001    1050    1029    1032    1083    1075    1013    1061
    1111    1089    1034    1077     978    1066    1051    1047    1008    1067
     988    1038    1113    1071     997    1040    1040    1100     992    1035
    1051    1112     988    1075    1026    1068    1028    1042    1078    1097
    1064    1084    1124    1023     942    1048    1024    1106    1019     991
    1100    1040     987    1042    1018    1077     983    1021    1010    1048
    1007    1081    1010    1032    1011    1056    1072    1019    1023    1074
    1057    1017    1010    1035     996    1090     942    1107    1005    1061
    1002    1035    1027    1045     983     994    1048     982     991    1033
     988    1050     979    1078     927    1010     932    1034     979    1010
     989     983    1003    1034     959    1012    1020    1057     972     981
    1014    1005    1012     993    1048    1052     952    1029    1003     958
     942    1069    1021    1047     970     959    1015     978     967     931
    1072    1010     996     956     977     961     998     947    1058     974
     966     967     961    1019     950     999     971     993     919     970
     944     961     954     986     936     983     950     952    1007     919
     927     973     879     980     912     927     954     891     928     917
     965     913     906     980     990    1030     889     944     952     916
     913     937     931     866     879     935     914     980     872     938
     928     906     901     938     962     941     882     916     934     915
     855     842     965     952     847     860     882     994     876     950
     881     907     867     901     915     877     868     879     875     886
     832     874     869     925     893     907     874     955     859     898
     872     836     858     871     934     934     915     864     891     882
     828     901     925     869     869     898     872     909     835     872
     874     888     835     860     860     867     835     907     849     865
     820     854     846     928     822     804     925     833     825     866
     884     849     798     886     885     850     803     834     833     818
     774     838     886     886     840     847     856     859     829     832
     865     863     826     792     864     861     776     804     841     852
     824     829     794     871     789     808     802     870     792     818
     773     869     789     841     849     828     801     808     809     804
     837     821     884     854     789     809     778     812     798     822
     890     836     763     785     758     832     806     845     883     812
     774     794     811     842     807     816     748     864     732     790
     781     807     752     827     806     804     743     781     821     833
     768     740     860     804     803     814     750     765     818     796
     850     796     737     741     793     838     819     780     738     868
     797     773     834     856     805     794     833     824     780     805
     799     746     752     800     821     786     763     801     800     808
     760     806     828     829     764     765     755     761     755     799
     738     826     735     783     813     831     780     764     824     767
     714     786     762     774     775     801     814     781     744     805
     781     808     746     766     744     767     741     756     780     787
     781     810     747     798     769     706     735     769     747     717
     844     781     759     750     763     832     754     759     811     811
     765     781     793     824     750     756     731     766     763     773
     843     795     757     842     786     784     723     771     800     767
     792     797     839     808     785     783     803     753     776     731
     803     810     804     816     812     826     773     809     799     778
     797     804     814     821     828     841     808     835     787     781
     781     835     835     801     857     865     827     805     802     852
     794     760     931     854     771     867     836     850     841     895
     875     842     899     818     882     849     882     886     864     913
     907     897     864     872     883     893     923     924     898     905
     978     918     950     919     959     947     919     972    1000    1025
     963    1019     989    1014     993    1014     999    1076    1041    1050
    1116    1075    1075    1094    1114    1149    1113    1115    1258    1241
    1166    1184    1237    1301    1222    1233    1382    1399    1370    1354
    1381    1471    1466    1492    1625    1679    1646    1726    1783    1839
    1819    1891    1939    1978    1918    2095    2212    2241    2313    2392
    2465    2616    2625    2694    2932    2848    2957    3051    3328    3249
    3333    3453    3624    3727    3542    3850    3935    4173    4058    4274
    4233    4323    4388    4469    4633    4754    4548    4621    4928    5121
    4811    4972    5078    5096    4957    4982    5179    5164    5071    4934
    5359    5033    4853    4859    4885    4843    4527    4589    4733    4559
    4445    4468    4403    4368    4120    4066    3956    3963    3616    3742
    3645    3655    3391    3181    3277    3147    2947    2845    2917    2776
    2566    2454    2576    2443    2188    2172    2108    2103    1965    1948
    1768    1803    1640    1587    1548    1599    1495    1509    1483    1450
    1319    1286    1302    1312    1253    1176    1269    1290    1266    1260
    1315    1342    1297    1255    1506    1478    1455    1570    1609    1678
    1772    1823    1901    2029    1943    2065    2194    2199    2168    2377
    2436    2590    2458    2500    2687    2695    2545    2582    2641    2541
    2552    2415    2470    2467    2304    2090    2241    2111    1964    1880
    1757    1816    1598    1512    1556    1319    1186    1188    1155    1149
     986     939     980     865     880     801     816     788     779     737
     766     709     673     652     744     673     687  374492
