$Informacoes da Fluorescencia de Raios-X:
"Sample    : AFR-366",                                                                    
"Operator  : thiago",                                                                     
"Comment  : ",                                                                            
"Group     : thiago_acra2010ma",                                                          
"Date       : 2010-11-10 22:22:04",                                                       
"",                                                                                       
"Mesurement Condition",                                                                   
"------------------------------------------------------------------------------------",   
"Instrument : 700HS2   Atmosphere : Vac.   Collimator : 10(mm)   Spin : No",              
"------------------------------------------------------------------------------------",   
"Analyte               TG kV   uA      FI Acq.(keV)  Anal.(keV)  Time(sec)     DT(%)",    
"------------------------------------------------------------------------------------",   
"Na                    Rh 50 1000-Auto Al  0 - 20    0.8 - 1.2   Live -  959    9",       
"Channel_info_start",                                                                     
"Channel : Na",                                                                           
"Points : 2048
"Range : 0.000000 - 20.480000",                                                           
"Step : 0.010000",                                                                        
"Channel_info_end",                                                                       
$DATA:
       0    2047
       0       0       0       0       0       0       0       0       0    2048
       0       0       0       0       0       0       0       0       0       0
       0       0       0       0       0       0       0       0       0       0
       0       0       0       0       0       0       0       4       6       2
      55     145     137     140     144     148     158     167     144     143
     113     176     145     175     150     144     147     133     135     174
     148     169     127     156     147     149     148     157     167     181
     169     201     221     306     277     306     346     356     350     336
     317     308     268     244     234     158     176     163     149     170
     155     133     131     148     139     158     136     132     132     134
     131     145     124     128     144     140     113     148     148     118
     146     163     120     151     161     136     165     157     136     140
     142     161     151     136     122     153     115     150     129     149
     148     152     142     144     135     130     131     174     127     143
     135     141     128     135     143     120     140     147     118     143
     145     139     148     149     157     163     136     175     148     186
     155     182     171     155     158     147     160     146     131     140
     133     135     137     148     141     143     161     155     186     197
     174     209     234     237     206     254     231     236     206     213
     178     173     140     167     141     124     109     126     127     145
     146     131     116     114     122     116     122     134     110     111
     112     132     104     100     110     114     112     119      99     120
     103     106      90     113     101     135     115     106     121      97
     120     108     119     125     121     139     137     127     133     164
     162     149     160     132     144     165     111     150     111     131
     125     108     135     116     111     104     114      92     113     101
     103     104     116     134     117     144     126     152     150     173
     166     193     170     190     206     193     206     189     193     184
     178     185     174     143     168     158     148     171     144     125
     144     197     174     175     164     175     155     170     162     161
     152     156     147     128     137     143     142     127     117     130
     122     127     133     127     126     117     118     106     114     117
     111     115     126     111     126     130     114     132     129     107
     110     111     122     167     144     157     152     177     198     235
     189     234     249     234     238     237     228     200     193     198
     182     160     158     137     141     133     110     150     122     144
     110     134     149     144     144     151     171     161     150     207
     230     238     283     277     307     307     339     389     398     413
     386     397     393     348     332     321     311     270     240     224
     214     196     205     220     180     200     155     178     175     212
     167     195     186     237     210     223     209     232     224     223
     221     264     217     274     248     269     282     266     233     252
     235     263     221     256     231     254     238     243     236     281
     241     272     247     281     290     296     260     274     300     319
     262     349     256     293     300     344     290     313     293     295
     302     315     321     356     335     344     343     387     361     375
     366     441     387     409     393     396     390     445     382     403
     430     430     388     419     368     426     406     430     435     469
     406     470     479     452     447     406     447     478     440     492
     459     448     481     497     483     515     459     487     503     497
     459     482     518     498     499     502     484     496     460     488
     494     515     484     477     489     474     441     484     530     510
     454     560     507     553     489     527     472     550     510     538
     540     571     524     529     520     558     549     619     557     543
     578     610     587     613     605     726     655     682     638     694
     721     726     725     739     757     703     680     714     734     726
     668     747     732     774     662     773     735     738     720     801
     675     778     726     792     748     776     772     763     777     807
     691     800     777     784     825     814     797     864     809     830
     829     825     831     916     819     885     801     931     854     924
     856     946     885     947     865     877     881     902     856     939
     965     913     890     941     914     938     906     959     905     954
     930     925     963    1020     961     993    1055     995     967    1026
    1092    1082    1012    1131    1095    1118    1128    1165    1254    1344
    1274    1418    1533    1636    1617    1725    1774    1952    1857    2098
    1883    1919    1791    1957    1835    1864    1609    1722    1594    1480
    1349    1358    1370    1265    1235    1303    1217    1237    1213    1190
    1216    1283    1100    1241    1159    1286    1222    1225    1157    1256
    1145    1254    1224    1245    1267    1268    1255    1277    1245    1238
    1272    1244    1254    1298    1295    1331    1263    1398    1265    1354
    1288    1283    1318    1407    1325    1320    1370    1406    1334    1367
    1327    1363    1364    1463    1456    1510    1381    1423    1423    1420
    1326    1399    1369    1373    1420    1324    1325    1351    1277    1380
    1304    1382    1317    1410    1386    1423    1287    1306    1444    1381
    1258    1338    1301    1291    1267    1445    1291    1381    1265    1349
    1371    1456    1309    1315    1373    1407    1380    1406    1375    1398
    1281    1360    1349    1363    1286    1353    1431    1379    1245    1284
    1316    1340    1330    1351    1333    1346    1316    1357    1339    1419
    1260    1332    1328    1341    1340    1381    1372    1450    1355    1357
    1366    1456    1354    1435    1379    1406    1386    1412    1410    1468
    1391    1520    1480    1492    1492    1566    1570    1629    1548    1766
    1664    1734    1627    1706    1685    1709    1584    1637    1620    1585
    1483    1578    1489    1433    1370    1382    1353    1321    1241    1219
    1279    1270    1163    1291    1265    1268    1152    1248    1184    1272
    1195    1253    1158    1266    1184    1241    1200    1267    1141    1232
    1175    1243    1191    1225    1164    1227    1123    1208    1157    1193
    1258    1274    1274    1249    1239    1344    1334    1399    1381    1413
    1400    1431    1410    1368    1379    1424    1302    1317    1391    1352
    1325    1365    1239    1345    1218    1166    1242    1240    1173    1111
    1183    1220    1138    1195    1156    1175    1170    1150    1089    1203
    1147    1212    1127    1210    1155    1163    1201    1140    1120    1145
    1062    1184    1046    1079    1109    1168    1129    1110    1113    1171
    1076    1164    1043    1147    1142    1134    1130    1109    1112    1178
    1107    1152    1044    1169    1148    1127    1112    1119    1172    1158
    1068    1099    1136    1145    1040    1107    1127    1106    1066    1133
    1113    1066    1061    1109    1118    1102    1075    1113    1127    1153
    1100    1119    1138    1158    1119    1050    1119    1129    1046    1152
    1200    1118    1090    1094    1155    1117    1069    1117    1051    1123
    1088    1066    1030    1130    1074    1110    1093    1105    1075    1111
    1127    1038    1062    1084    1138    1121    1043    1092    1091    1075
    1092    1043    1081    1093     981    1060    1023    1168     995    1084
    1047    1189    1099    1066    1041    1064    1072    1122    1092    1076
    1032    1072    1060    1063     997    1068    1083    1035    1020    1055
    1080    1093     994    1166    1090    1119    1071    1080    1050    1098
    1015    1110    1063    1119    1040    1064    1073    1063    1050    1161
    1056    1117    1068    1088    1138    1129    1049    1074    1099    1085
    1072    1096    1079    1156    1063    1127    1127    1122    1134    1123
    1099    1108     992    1152    1063    1109    1074    1140    1110    1079
    1060    1095    1085    1085    1079    1095    1074    1117    1024    1095
    1060    1036    1080    1082    1142    1169    1044    1158    1046    1115
    1056    1119    1050    1162    1102    1161    1106    1117    1088    1177
    1083    1166    1082    1166    1098    1184    1087    1065    1100    1088
    1049    1101    1174    1128    1041    1118    1090    1141    1076    1108
    1111    1144    1017    1064    1079    1133    1078    1079    1058    1194
    1074    1104    1121    1082    1088    1121    1095    1160    1118    1089
    1098    1133    1053    1150    1132    1044    1038    1073    1096    1077
    1049    1209    1081    1162    1063    1115    1051    1063    1085    1094
    1049    1141    1108    1116    1122    1100    1035    1124    1104    1058
    1044    1058    1071    1097    1016    1071    1072    1068    1002    1078
    1030    1088    1044    1047    1120    1088     997    1079    1019    1096
    1019    1095    1060    1124    1040    1082    1064    1079    1003    1071
    1074    1087    1052    1018    1060    1095    1060    1035    1042    1045
     978    1028    1072    1077    1007    1054    1038    1033     952    1003
    1028    1063    1022    1030    1023    1028    1018    1023     976    1077
     994    1046     966    1046     995    1023    1010    1053     984    1052
     959     938     946     989    1002    1029    1000    1005    1038    1002
     896    1010     942    1045     961     971     983    1051     910    1001
     977     965     919    1023     990     994     991     975     974    1005
     996     965     997     974     939     947     941    1017     959    1004
     990     984     965     968    1006     936     938     987     977     968
     928     936     923     944     942     962     945    1019     889     947
     897     941     914     997     933     979     899     890     955     972
     936     951     978     963     940     961     923    1001     890     920
     953    1021     894     993     912     946     865     973     900     961
     950     927     918     974     902     960     927     951     909     926
     949     960     897     932     899     912     895     919     957     991
     919     952     936     957     888     882     932     990     890     972
     909     936     858     947     898     923     858     904     926     929
     958     909     916     946     939     909     918     978     896     931
     891     928     900     889     940     906     909     925     910     893
     854     903     917     970     860     904     878     912     901     876
     843     898     869     831     905     877     827     856     975     897
     843     858     898     937     910     940     863     900     847     831
     915     915     879     887     898     912     862     875     862     879
     851     839     860     875     808     888     870     867     823     819
     929     865     864     850     867     876     805     802     859     909
     803     837     813     843     813     836     887     856     782     849
     775     830     759     851     818     804     800     798     788     884
     851     806     851     846     788     826     841     799     792     788
     806     809     787     847     809     821     790     830     850     834
     818     846     756     825     779     796     821     834     769     777
     834     785     778     771     798     827     868     813     797     847
     759     778     788     824     770     814     821     773     764     802
     848     775     798     795     785     831     775     778     773     813
     791     725     760     777     764     746     852     772     726     780
     748     769     768     796     731     729     768     744     749     772
     690     780     783     800     723     788     773     772     693     726
     780     757     756     771     719     739     740     776     764     753
     718     758     742     768     717     756     713     800     719     708
     750     788     681     773     735     733     678     776     811     735
     756     750     790     794     696     770     774     767     743     740
     735     718     723     700     745     727     658     737     735     722
     718     717     715     733     722     714     741     785     775     779
     750     730     751     706     738     671     673     679     702     731
     679     730     714     711     687     714     718     739     737     718
     727     728     670     704     753     754     700     737     732     750
     683     724     726     741     690     745     773     769     696     777
     718     720     694     746     723     692     651     762     683     758
     698     685     708     715     651     682     746     757     675     737
     729     726     701     726     689     656     693     708     744     731
     714     700     695     745     685     698     743     734     673     684
     706     732     706     729     779     742     673     714     708     749
     672     708     709     739     682     746     657     687     695     689
     714     733     696     684     671     742     710     680     737     705
     667     717     759     750     655     702     717     678     702     739
     714     677     626     734     720     700     667     682     715     724
     705     762     735     686     659     709     786     744     668     698
     789     693     726     730     734     735     690     739     694     713
     708     710     722     727     741     741     719     720     729     729
     746     759     714     715     810     762     737     699     714     780
     738     715     880     771     722     769     763     791     759     782
     818     767     753     775     805     780     738     866     781     775
     778     877     861     842     844     789     853     901     811     849
     854     847     800     809     874     891     823     896     907     888
     864     933     897     914     897     957     930    1019     953     943
     948     974     955    1009    1022    1021     990    1078    1027    1061
    1117    1066    1073    1159    1084    1207    1290    1223    1197    1232
    1286    1312    1345    1362    1410    1454    1387    1532    1586    1613
    1661    1764    1770    1850    1760    1944    1965    2112    2079    2166
    2203    2343    2316    2434    2604    2642    2619    2704    2968    3068
    2965    3062    3256    3355    3269    3439    3593    3796    3635    3776
    3847    4047    3857    4022    4147    4217    4132    4252    4498    4476
    4384    4411    4609    4658    4394    4429    4632    4691    4469    4351
    4990    4470    4375    4427    4315    4383    4217    4210    4204    4273
    4025    4015    4008    3957    3653    3868    3709    3590    3397    3430
    3377    3285    3093    2987    3043    2823    2595    2547    2675    2522
    2398    2339    2276    2252    2075    2057    1950    1854    1718    1674
    1740    1576    1519    1564    1444    1465    1339    1306    1349    1310
    1205    1210    1169    1103    1115    1176    1196    1192    1112    1118
    1184    1204    1216    1203    1346    1400    1276    1362    1450    1585
    1572    1608    1719    1851    1713    1904    2071    2011    2045    2134
    2290    2330    2206    2291    2353    2358    2306    2413    2457    2356
    2263    2279    2235    2178    2024    1904    2085    1886    1767    1634
    1666    1670    1491    1379    1410    1283    1117    1107    1061    1042
     919     875     876     878     786     704     724     744     660     697
     647     674     679     675     638     665     580  339453
