$Informacoes da Fluorescencia de Raios-X:
"Sample    : AFR-381",                                                                    
"Operator  : thiago",                                                                     
"Comment  : ",                                                                            
"Group     : thiago_acra2010ma",                                                          
"Date       : 2010-11-11 03:33:37",                                                       
"",                                                                                       
"Mesurement Condition",                                                                   
"------------------------------------------------------------------------------------",   
"Instrument : 700HS2   Atmosphere : Vac.   Collimator : 10(mm)   Spin : No",              
"------------------------------------------------------------------------------------",   
"Analyte               TG kV   uA      FI Acq.(keV)  Anal.(keV)  Time(sec)     DT(%)",    
"------------------------------------------------------------------------------------",   
"Na                    Rh 50 1000-Auto Al  0 - 20    0.8 - 1.2   Live -  960   12",       
"Channel_info_start",                                                                     
"Channel : Na",                                                                           
"Points : 2048
"Range : 0.000000 - 20.480000",                                                           
"Step : 0.010000",                                                                        
"Channel_info_end",                                                                       
$DATA:
       0    2047
       0       0       0       0       0       0       0       0       0    2048
       0       0       0       0       0       0       0       0       0       0
       0       0       0       0       0       0       0       0       0       0
       0       0       0       0       0       0       0       2       1      12
      52     171     185     171     183     215     190     201     204     206
     203     190     190     188     202     215     170     209     173     187
     210     204     193     200     192     205     190     218     210     212
     238     262     297     369     341     421     430     423     387     405
     363     380     326     306     253     256     229     206     181     187
     161     182     164     182     163     193     143     162     159     205
     169     182     186     168     166     185     169     176     187     193
     168     162     149     167     185     197     159     176     171     182
     156     171     177     175     192     160     164     177     193     175
     167     184     182     181     171     181     160     206     167     174
     185     185     161     162     186     180     168     175     185     182
     148     187     187     204     165     218     225     219     223     233
     224     261     204     221     203     186     190     210     161     196
     177     175     160     160     182     192     156     217     205     239
     253     287     254     261     286     297     275     284     236     268
     207     235     193     208     167     161     160     157     172     169
     157     150     147     159     152     154     159     181     153     166
     160     156     147     156     142     152     121     160     141     152
     141     143     141     175     146     154     143     153     153     138
     142     159     148     175     180     218     219     223     236     277
     279     284     270     271     261     250     234     237     163     180
     195     153     140     142     166     158     140     147     144     132
     119     136     140     140     132     176     147     163     158     203
     200     204     196     243     206     228     222     226     202     226
     216     200     195     191     188     201     183     190     160     156
     189     226     188     204     189     203     201     238     183     177
     192     167     153     181     169     172     160     166     159     145
     131     142     159     171     124     144     149     145     154     162
     151     166     160     169     160     153     154     152     136     174
     175     197     182     213     250     295     282     382     393     398
     407     420     469     460     437     488     341     350     334     296
     271     269     236     208     226     198     182     179     163     195
     165     160     176     195     176     222     231     217     221     275
     277     332     306     401     378     435     434     503     448     465
     505     478     461     433     399     358     380     365     310     288
     279     255     217     235     233     249     223     234     254     244
     227     256     239     232     235     254     268     290     331     308
     286     320     294     329     270     351     334     314     293     342
     273     298     301     357     296     332     305     341     320     360
     324     358     346     376     370     371     320     369     362     418
     356     425     384     396     352     402     339     405     437     403
     413     427     396     418     441     489     438     499     521     508
     510     505     509     486     504     556     529     523     486     514
     529     527     499     527     517     561     550     560     514     553
     532     559     556     587     518     586     529     553     584     615
     619     625     594     594     613     654     576     646     571     683
     601     659     636     643     566     684     632     650     568     615
     614     590     620     629     688     667     587     649     641     651
     615     705     610     626     618     645     675     664     636     704
     659     690     668     734     678     644     674     757     687     745
     757     739     755     742     744     856     877     818     854     848
     873     893     865     850     833     898     885     893     896     884
     858     900     892     949     867     884     928     936     914     899
     881    1012     956     931     892     911     908     964     930     979
     940    1020    1032     984     988    1004     996    1106     989    1096
    1054    1117    1047    1101    1066    1137    1128    1091    1189    1161
    1120    1155    1089    1155    1149    1200    1178    1207    1097    1196
    1071    1172    1138    1198    1166    1250    1139    1200    1225    1292
    1170    1263    1185    1328    1195    1322    1343    1383    1251    1306
    1358    1369    1255    1489    1436    1496    1451    1682    1714    1818
    1985    2079    2243    2454    2485    2709    2824    2911    2905    3235
    2968    3174    2924    2978    2809    2789    2550    2566    2231    2256
    1951    2011    1800    1812    1594    1756    1550    1609    1558    1514
    1553    1572    1479    1577    1572    1626    1469    1613    1507    1592
    1502    1635    1578    1632    1573    1626    1555    1636    1534    1637
    1627    1737    1554    1636    1698    1685    1596    1767    1656    1746
    1642    1696    1731    1767    1700    1710    1775    1821    1755    1856
    1757    1975    1803    1978    1954    1960    1879    1953    2017    1935
    1897    1818    1822    1845    1733    1870    1764    1830    1693    1788
    1717    1753    1685    1719    1706    1758    1678    1727    1698    1803
    1674    1692    1624    1786    1607    1806    1754    1759    1692    1692
    1807    1841    1657    1748    1762    1867    1681    1767    1776    1823
    1671    1860    1720    1761    1733    1599    1777    1713    1680    1691
    1773    1659    1668    1791    1761    1737    1688    1796    1737    1817
    1641    1819    1708    1774    1737    1776    1765    1805    1658    1795
    1786    1776    1756    1911    1744    1838    1807    1820    1833    1893
    1863    1953    1856    2033    1862    2007    2006    2107    2009    2151
    2003    2123    2097    2072    2036    2139    1941    2128    2019    2049
    1874    1943    1812    1892    1741    1770    1728    1683    1579    1671
    1553    1673    1509    1632    1549    1572    1526    1615    1529    1600
    1445    1731    1557    1638    1493    1604    1567    1602    1539    1617
    1564    1557    1430    1525    1458    1578    1483    1589    1491    1602
    1471    1561    1581    1578    1564    1532    1576    1699    1527    1703
    1687    1714    1646    1696    1708    1784    1563    1719    1584    1643
    1569    1616    1570    1582    1482    1529    1533    1510    1489    1542
    1520    1588    1451    1460    1468    1598    1474    1507    1578    1514
    1446    1483    1508    1516    1470    1511    1532    1534    1421    1484
    1490    1535    1433    1471    1426    1499    1369    1526    1393    1459
    1407    1543    1452    1494    1384    1442    1391    1495    1440    1484
    1518    1510    1334    1476    1488    1456    1310    1411    1338    1467
    1340    1485    1393    1481    1424    1435    1428    1499    1381    1407
    1401    1454    1434    1421    1442    1431    1436    1402    1429    1468
    1420    1502    1376    1452    1434    1458    1458    1406    1419    1358
    1498    1469    1354    1405    1404    1440    1336    1376    1457    1429
    1272    1420    1398    1430    1389    1390    1338    1388    1355    1348
    1365    1426    1353    1344    1388    1398    1325    1351    1357    1378
    1404    1341    1363    1356    1350    1393    1402    1371    1329    1399
    1343    1359    1314    1323    1397    1441    1411    1419    1364    1396
    1341    1388    1328    1396    1388    1338    1430    1365    1386    1337
    1397    1449    1356    1464    1313    1421    1322    1394    1349    1430
    1342    1417    1365    1369    1315    1466    1401    1434    1302    1467
    1311    1469    1330    1391    1382    1460    1418    1455    1328    1472
    1380    1389    1390    1412    1370    1405    1426    1447    1373    1448
    1341    1438    1335    1434    1399    1493    1381    1322    1464    1478
    1384    1453    1356    1454    1378    1419    1404    1460    1318    1466
    1394    1516    1365    1428    1431    1437    1424    1464    1379    1540
    1463    1416    1422    1457    1412    1436    1500    1498    1370    1393
    1478    1444    1369    1478    1415    1523    1369    1434    1419    1402
    1360    1419    1452    1500    1364    1424    1432    1509    1363    1554
    1517    1436    1375    1439    1476    1460    1352    1417    1425    1497
    1369    1483    1437    1493    1351    1501    1440    1416    1366    1461
    1445    1527    1405    1429    1384    1364    1394    1350    1415    1382
    1440    1502    1352    1478    1391    1381    1383    1474    1341    1370
    1522    1524    1377    1422    1431    1414    1368    1475    1359    1418
    1375    1367    1476    1373    1331    1391    1394    1385    1323    1337
    1431    1447    1392    1353    1376    1444    1344    1366    1405    1363
    1320    1351    1295    1301    1268    1322    1350    1405    1296    1386
    1277    1384    1333    1396    1322    1329    1246    1365    1355    1369
    1314    1343    1321    1353    1293    1392    1320    1397    1294    1283
    1280    1339    1345    1296    1303    1268    1259    1315    1309    1364
    1287    1347    1271    1307    1252    1340    1336    1290    1278    1329
    1293    1356    1181    1289    1231    1319    1266    1264    1372    1290
    1215    1278    1257    1243    1220    1286    1288    1319    1244    1288
    1290    1352    1198    1272    1332    1294    1211    1292    1319    1274
    1258    1273    1280    1293    1232    1238    1270    1271    1184    1316
    1264    1301    1165    1269    1204    1172    1199    1273    1228    1260
    1209    1285    1239    1227    1194    1262    1225    1256    1194    1267
    1187    1196    1222    1226    1187    1289    1147    1225    1232    1281
    1149    1190    1285    1210    1230    1262    1158    1234    1133    1234
    1305    1239    1228    1235    1226    1285    1199    1232    1216    1220
    1216    1206    1238    1228    1192    1129    1171    1209    1196    1194
    1208    1191    1112    1216    1183    1253    1136    1201    1144    1219
    1140    1164    1196    1217    1188    1210    1180    1155    1144    1236
    1156    1281    1139    1163    1189    1188    1090    1165    1173    1268
    1090    1178    1148    1205    1113    1124    1195    1171    1055    1174
    1120    1195    1182    1188    1177    1174    1167    1139    1147    1139
    1157    1181    1122    1165    1163    1142    1133    1215    1109    1161
    1150    1215    1093    1124    1148    1208    1125    1202    1151    1157
    1126    1218    1106    1131    1073    1175    1126    1150    1108    1129
    1142    1136    1061    1139    1113    1163    1061    1103    1158    1120
    1126    1065    1099    1181    1066    1077    1133    1076    1059    1072
    1093    1159    1059    1166    1060    1123    1067    1113    1076    1171
    1038    1121    1145    1032    1037    1137    1095    1068    1086    1058
    1034    1105    1058    1081    1069    1051    1031    1127    1087    1120
    1076    1069    1133    1115    1064    1028    1079    1063    1083    1107
    1053    1043    1012    1007    1049    1047    1001    1096    1100    1101
     999    1017    1039    1082    1061    1065    1048    1040     989    1033
     971    1009     989     980    1049    1044     989    1030    1037    1025
     971     998     985    1032     983    1011     991     998    1049    1037
    1057    1053    1030     976     973    1028     982     987    1051    1031
     957     968    1005     998    1019     947    1045     993    1025     974
    1007    1096    1000    1008     965    1058     950     998     965    1063
     937    1036     892    1032     913     942    1050    1018     934     964
     983    1012     927    1028     992     971     862    1013     989     951
     934     938     966     992     876     948     961    1002     933     965
     921    1041     986    1011     947     962     887     968     947     977
     964     966    1029     948     957     915     899     991     959    1000
    1005     943     929     945     981     996     893     988     971     936
     900     908     946    1054     886     938     942     929     885     956
     905     996     925     854     934     950     862     920     954     948
     915     887     991     964     929     945     904     940     935     914
     947     914     974     936     961     898     919     968     942     948
     940     970     942     931     884     937     914     982     889     994
     938     911     938     881     970     965     923     970     943     916
     930     925     925     949     908     969     845     993     887     910
     893     919     925     923     880     874     908     907     932     932
     863     924     925     991     893     899     891     944     881     823
     927     894     843     892     925     915     898     893     894     917
     884     862     963     916     900     888     916     905     855     933
     881     922     888     904     906     918     848     908     983     967
     857     926     936     946     831     890     968     900     837     902
     887     901     863     964     975     935     890     838     920     964
     899     842     903     873     916     906     903     961     872     877
     959     977    1002     891     882     933     866     911     971     998
     916     914     962     972     896     993    1014     946     889     939
     970     939     966     975     960     974     939     932    1035    1015
     951     961    1067     984     886     966     999    1019     981     916
    1024    1065     993     990    1053    1025     999    1047    1014    1081
     959    1079    1025    1061    1036    1022    1075    1109    1107    1028
    1114    1138    1025    1031    1124    1127    1089    1170    1093    1157
    1078    1154    1091    1247    1153    1151    1212    1233    1185    1251
    1301    1276    1228    1292    1291    1392    1314    1357    1387    1409
    1323    1383    1458    1399    1500    1470    1629    1601    1539    1637
    1704    1719    1752    1779    1743    1985    1800    1854    1943    2088
    2165    2298    2315    2449    2232    2493    2627    2757    2639    2734
    2907    2980    3098    3199    3388    3400    3452    3465    3940    3852
    3869    4041    4210    4351    4174    4334    4664    4807    4636    4915
    5032    5156    5091    5248    5426    5708    5448    5497    5649    5855
    5675    5729    5977    5854    5830    5702    5997    5952    5871    5568
    6408    6005    5600    5664    5599    5714    5501    5395    5511    5416
    5017    5144    5200    5103    4712    4837    4761    4699    4249    4261
    4316    4203    3851    3884    3823    3826    3446    3359    3423    3264
    3114    2984    3078    2800    2669    2625    2506    2457    2258    2250
    2131    2247    1888    1915    1874    1883    1721    1708    1725    1725
    1604    1609    1506    1518    1405    1451    1506    1489    1424    1449
    1521    1600    1449    1515    1762    1654    1684    1718    1750    1918
    1877    1976    2132    2201    2185    2320    2433    2592    2560    2815
    2838    2896    2743    2873    2924    2985    3001    2989    3078    3036
    2920    2844    2921    2730    2598    2535    2858    2547    2282    2258
    2218    2188    1845    1854    1852    1772    1557    1512    1454    1313
    1212    1181    1107    1098     989    1006     916     956     876     912
     904     832     808     830     848     812     749  439328
