$Informacoes da Fluorescencia de Raios-X:
"Sample    : AFR304",                                                                     
"Operator  : Americo",                                                                    
"Comment  : Ghana-Harvard",                                                               
"Group     : thiago_acra2010ma",                                                          
"Date       : 2010-11-09 19:49:54",                                                       
"",                                                                                       
"Mesurement Condition",                                                                   
"------------------------------------------------------------------------------------",   
"Instrument : 700HS2   Atmosphere : Vac.   Collimator : 10(mm)   Spin : No",              
"------------------------------------------------------------------------------------",   
"Analyte               TG kV   uA      FI Acq.(keV)  Anal.(keV)  Time(sec)     DT(%)",    
"------------------------------------------------------------------------------------",   
"Na                    Rh 50 1000-Auto Al  0 - 20    0.8 - 1.2   Live -  959   15",       
"Channel_info_start",                                                                     
"Channel : Na",                                                                           
"Points : 2048
"Range : 0.000000 - 20.480000",                                                           
"Step : 0.010000",                                                                        
"Channel_info_end",                                                                       
$DATA:
       0    2047
       0       0       0       0       0       0       0       0       0    2048
       0       0       0       0       0       0       0       0       0       0
       0       0       0       0       0       0       0       0       0       0
       0       0       0       0       0       0       0       3       3      15
      77     182     196     163     160     186     213     172     181     206
     181     181     186     170     200     179     177     167     190     199
     190     199     221     237     215     248     251     242     244     272
     218     279     284     332     285     322     302     318     309     351
     328     268     263     247     212     238     202     206     202     210
     215     196     183     223     211     211     211     258     228     271
     246     242     223     235     205     199     207     222     221     209
     225     272     228     262     253     304     224     265     226     247
     214     230     212     211     213     197     171     209     189     222
     239     235     263     264     233     289     251     301     274     277
     255     277     280     267     227     234     248     241     245     327
     409     551     665     864     963    1273    1396    1613    1643    1748
    1679    1762    1606    1547    1336    1171    1047     859     751     694
     604     563     602     633     790    1081    1338    1953    2541    3322
    3862    4646    5266    5884    5725    6172    5682    5387    4603    4235
    3360    2739    2071    1666    1185     901     724     588     530     469
     409     415     413     421     403     406     412     432     422     457
     420     469     411     391     391     368     340     334     295     325
     270     323     322     301     313     319     296     352     370     444
     499     626     787     994    1217    1678    1864    2365    2492    2799
    2926    3302    3044    3104    2780    2598    2250    1963    1538    1344
    1076     891     739     630     586     564     533     539     564     570
     665     683     787    1053    1266    1716    1946    2488    2865    3368
    3620    4076    4164    4379    3961    4005    3644    3260    2780    2416
    1833    1615    1140    1026     775     691     619     623     607     666
     619     644     692     703     625     620     581     631     524     459
     408     409     359     348     305     331     307     303     287     287
     326     286     308     310     322     320     298     318     333     356
     308     404     378     413     431     518     545     753     909    1354
    1636    2420    3019    4249    5410    6765    8117   10171   11122   12737
   13123   14216   14309   14510   13070   12908   10869    9987    7756    6695
    5282    4220    2837    2329    1646    1257     890     855     802     802
     868    1047    1182    1478    1706    2118    2482    3021    3477    4339
    4806    5909    6626    7867    9013   10116   10348   11952   11975   12450
   11968   11910   10851   10054    8757    7753    6339    5398    4062    3346
    2543    1969    1418    1097     873     800     587     597     588     658
     647     708     841     968     973    1165    1256    1419    1538    1677
    1668    1796    1642    1736    1634    1528    1346    1264    1072    1051
     831     775     631     583     464     486     395     384     346     363
     367     350     345     349     333     351     331     353     339     400
     360     389     406     432     417     473     478     558     636     726
     842     990    1188    1470    1610    1964    2104    2358    2634    2807
    2773    2844    2871    2792    2549    2548    2184    2021    1721    1576
    1383    1230    1018    1000     797     858     711     662     684     641
     603     623     589     641     553     592     570     570     614     688
     611     661     648     747     738     819     786     807     825     880
     895     891     910     955     871     957     887     855     809     889
     845     753     683     693     685     616     654     614     568     584
     535     640     579     576     614     622     613     636     587     645
     652     667     671     638     595     683     627     690     678     669
     703     731     728     766     777     824     804     839     804     890
     815     970     843     888     903     906     806     890     900     861
     855     850     815     821     799     837     804     831     790     885
     781     841     808     853     851     841     848     832     825     854
     849     935     882     909     905    1032     921     989    1045    1096
    1056    1166    1191    1297    1289    1483    1442    1529    1405    1492
    1507    1593    1491    1528    1425    1399    1303    1355    1257    1249
    1228    1137    1139    1122    1078    1088    1104    1156    1150    1174
    1123    1166    1179    1080    1165    1232    1257    1389    1392    1633
    1811    2024    2354    3140    3781    4892    5932    7762    9338   12084
   14027   17318   20352   23947   25511   28916   31874   34531   34570   38596
   35514   36756   33757   33194   29757   28116   23873   22140   18413   15815
   12706   10752    8459    6819    5251    4402    3256    2852    2306    2001
    1801    1672    1497    1454    1408    1313    1329    1382    1302    1405
    1352    1360    1349    1412    1306    1353    1403    1400    1378    1410
    1357    1481    1486    1430    1451    1647    1570    1719    1679    1828
    1890    2122    2340    2730    2785    3181    3616    3992    4088    4639
    5010    5378    5396    5899    5941    5921    5708    5652    5433    5382
    4834    4631    4247    3926    3422    3165    2750    2718    2198    2211
    1945    1834    1636    1633    1581    1497    1386    1490    1428    1461
    1310    1383    1379    1327    1395    1402    1454    1494    1324    1434
    1421    1471    1474    1456    1446    1425    1375    1432    1370    1459
    1447    1455    1406    1455    1462    1398    1399    1388    1428    1392
    1340    1478    1342    1339    1363    1407    1342    1435    1507    1551
    1312    1467    1425    1439    1299    1476    1442    1448    1440    1502
    1447    1392    1421    1495    1469    1537    1457    1541    1525    1632
    1488    1692    1650    1768    1770    1832    1920    2009    1899    2084
    2078    2098    2079    2103    2103    2083    1940    1982    1945    1932
    1821    1806    1717    1665    1619    1553    1491    1504    1371    1392
    1346    1379    1303    1332    1395    1365    1243    1355    1300    1293
    1270    1302    1349    1274    1197    1292    1222    1270    1278    1284
    1267    1366    1213    1348    1323    1383    1403    1467    1458    1594
    1605    1798    1882    2070    2002    2165    2321    2468    2372    2597
    2634    2717    2762    2704    2704    2718    2455    2463    2279    2281
    2101    2095    1896    1953    1750    1648    1610    1534    1475    1399
    1364    1385    1299    1273    1282    1332    1312    1288    1284    1372
    1246    1306    1254    1378    1287    1232    1300    1344    1227    1270
    1169    1281    1230    1255    1234    1282    1240    1214    1136    1165
    1155    1234    1183    1257    1152    1177    1242    1238    1171    1241
    1215    1237    1135    1199    1164    1237    1180    1193    1180    1208
    1176    1226    1251    1237    1055    1198    1191    1249    1196    1178
    1241    1250    1173    1220    1253    1252    1285    1295    1224    1335
    1289    1355    1355    1380    1354    1284    1411    1338    1306    1384
    1349    1360    1263    1332    1295    1293    1271    1243    1130    1229
    1160    1147    1187    1244    1192    1219    1176    1215    1161    1171
    1149    1173    1132    1114    1089    1127    1091    1124    1204    1173
    1142    1088    1169    1151    1146    1164    1164    1164    1084    1096
    1156    1205    1090    1093    1141    1138    1141    1160    1119    1149
    1100    1174    1141    1117    1091    1180    1131    1116    1177    1082
    1130    1072    1190    1173    1152    1203    1138    1205    1094    1257
    1190    1271    1183    1233    1113    1172    1189    1222    1186    1205
    1227    1281    1238    1276    1340    1353    1354    1356    1419    1440
    1404    1389    1433    1419    1406    1510    1399    1544    1336    1453
    1375    1352    1322    1354    1252    1406    1226    1269    1301    1258
    1171    1256    1223    1190    1152    1169    1166    1170    1136    1220
    1241    1151    1168    1155    1140    1182    1115    1206    1191    1262
    1148    1182    1213    1201    1141    1149    1206    1243    1111    1179
    1211    1236    1110    1217    1184    1145    1153    1215    1183    1162
    1100    1251    1192    1179    1177    1137    1208    1178    1200    1198
    1221    1261    1128    1208    1175    1308    1175    1198    1220    1179
    1136    1185    1205    1209    1102    1159    1146    1187    1148    1134
    1204    1158    1129    1140    1112    1188    1201    1161    1152    1165
    1202    1167    1161    1168    1170    1209    1102    1187    1113    1137
    1132    1123    1165    1232    1206    1293    1256    1314    1325    1414
    1391    1488    1587    1778    1741    1942    1971    2181    2361    2588
    2702    2911    2897    3151    3325    3472    3340    3468    3557    3742
    3527    3663    3496    3509    3370    3258    3218    2926    2741    2695
    2438    2368    2052    1999    1803    1726    1614    1564    1453    1355
    1256    1238    1220    1271    1232    1122    1160    1095    1056    1022
    1103    1129    1061    1094    1102    1150    1108    1035    1050    1075
    1045    1092    1139    1072    1042    1094    1037    1135    1099    1089
    1119    1101    1073    1097    1090    1106    1059    1191    1190    1114
    1127    1150    1186    1159    1126    1204    1142    1209    1157    1213
    1208    1235    1242    1202    1184    1250    1165    1077    1120    1134
    1132    1140    1098    1111    1087    1082    1079    1112    1036    1023
    1102    1043    1020    1089     989    1026    1003    1072     982    1104
    1002    1016    1046    1030     974    1040    1068    1058     973    1100
    1008    1081    1003    1048    1008    1065     964    1091    1100    1108
    1052    1146    1138    1179    1178    1248    1262    1213    1198    1314
    1299    1370    1338    1323    1344    1511    1288    1461    1434    1413
    1378    1370    1392    1360    1286    1355    1301    1252    1193    1200
    1208    1187    1119    1217    1164    1096    1047    1059    1079    1063
     970    1058    1040    1060     978     965    1032    1030     916     989
     994    1066     896    1014    1011     981     898     935     945     969
     913     923     915     976     889     934     958     935     899     915
    1029     983     953     901     895     933     978     925     896     971
     888     952     939     970     882     952    1020    1034     945     994
    1018     998     961    1037    1031    1036     969     997    1120    1061
     990    1023    1029    1004     995    1037    1035    1039     989     956
     946     962     917     959     905    1001     899     939     968     963
     913     926    1007     983     918     922     860     905     932     948
     909     872     840     930     874     903     837     872     963     907
     897     866     818     914     850     929     944     895     858     839
     913     888     846     884     832     855     839     832     872     904
     870     873     943     921     862     893     864     920     871     915
     852     858     815     816     836     868     865     873     881     877
     869     879     869     933     842     857     814     914     838     862
     829     906     805     866     928     812     832     794     801     847
     864     866     852     806     841     808     865     837     802     878
     881     856     820     871     830     840     759     843     818     841
     825     875     836     809     756     788     915     752     750     791
     766     811     802     816     821     826     773     804     824     848
     750     767     837     827     783     851     837     813     810     818
     812     858     812     838     852     848     846     882     837     932
     875     891     856     892     806     843     826     880     834     818
     886     869     781     864     856     884     787     826     847     857
     773     787     798     837     773     799     746     793     787     790
     817     786     739     782     772     764     752     768     777     791
     749     791     764     759     736     816     787     769     722     755
     736     782     719     700     739     772     775     750     720     753
     738     753     778     746     707     725     768     757     721     756
     717     717     737     752     779     778     721     729     724     760
     728     736     748     759     728     678     775     770     714     725
     828     781     732     745     815     786     711     702     721     739
     763     733     752     750     730     754     726     776     743     744
     704     695     691     721     764     765     749     724     750     776
     747     763     737     728     766     703     806     738     717     731
     716     749     716     706     765     693     808     730     724     723
     700     746     744     739     746     704     759     709     691     761
     749     791     720     724     715     745     755     688     762     772
     695     728     745     767     688     774     762     779     757     758
     761     774     718     760     745     741     704     683     718     787
     712     727     804     690     727     754     760     786     770     699
     803     800     797     741     759     777     752     758     739     777
     756     763     796     804     746     732     815     744     758     769
     884     767     737     805     732     742     790     784     809     840
     747     752     863     877     794     789     750     824     774     782
     814     816     749     840     767     808     821     821     835     868
     787     884     848     876     857     812     878     859     845     866
     925     868     848     907     953     963     921     881     864     920
     828     916     896    1064     941     977     990     981     960     960
     987     963     981    1025    1024    1035    1064     977    1207    1105
    1055    1048    1189    1164    1158    1112    1248    1264    1239    1261
    1314    1404    1329    1395    1457    1543    1435    1594    1561    1688
    1697    1772    1822    1898    1911    1969    2075    2137    2094    2181
    2334    2383    2377    2475    2606    2690    2707    2722    3104    3162
    2999    3156    3359    3430    3384    3660    3748    3851    3785    3918
    4120    4105    3938    4168    4448    4421    4281    4452    4558    4607
    4490    4517    4752    4805    4592    4628    4830    4788    4748    4476
    5092    4888    4447    4523    4505    4622    4479    4439    4473    4301
    4084    4262    4165    4124    3871    3923    3757    3709    3428    3483
    3477    3340    3129    3081    3000    2891    2781    2673    2633    2523
    2396    2285    2450    2196    2066    2090    2045    1956    1806    1709
    1754    1729    1454    1485    1551    1494    1355    1358    1332    1379
    1225    1190    1224    1238    1134    1154    1202    1177    1140    1157
    1228    1220    1209    1235    1366    1377    1363    1320    1477    1620
    1568    1578    1733    1796    1882    1939    2015    2038    2182    2151
    2341    2333    2335    2363    2491    2363    2407    2543    2632    2510
    2457    2313    2381    2260    2224    1986    2262    2103    1906    1821
    1757    1760    1520    1584    1398    1383    1227    1143    1170    1104
     996     989     943     881     741     758     770     737     727     657
     676     691     676     677     691     697     614  355525
