$Informacoes da Fluorescencia de Raios-X:
"Sample    : AFR308",                                                                     
"Operator  : Americo",                                                                    
"Comment  : Ghana-Harvard",                                                               
"Group     : thiago_acra2010ma",                                                          
"Date       : 2010-11-09 21:17:30",                                                       
"",                                                                                       
"Mesurement Condition",                                                                   
"------------------------------------------------------------------------------------",   
"Instrument : 700HS2   Atmosphere : Vac.   Collimator : 10(mm)   Spin : No",              
"------------------------------------------------------------------------------------",   
"Analyte               TG kV   uA      FI Acq.(keV)  Anal.(keV)  Time(sec)     DT(%)",    
"------------------------------------------------------------------------------------",   
"Na                    Rh 50 1000-Auto Al  0 - 20    0.8 - 1.2   Live -  959    6",       
"Channel_info_start",                                                                     
"Channel : Na",                                                                           
"Points : 2048
"Range : 0.000000 - 20.480000",                                                           
"Step : 0.010000",                                                                        
"Channel_info_end",                                                                       
$DATA:
       0    2047
       0       0       0       0       0       0       0       0       0    2048
       0       0       0       0       0       0       0       0       0       0
       0       0       0       0       0       0       0       0       0       0
       0       0       0       0       0       0       0       1       3       7
      36      87      98     103     103      90     103     100      88      94
      92     100      87      75      88      96      87      87     106     101
      98      82      84      88     110      95      87     106      92     106
     125     160     162     205     192     254     242     262     257     246
     219     220     182     181     148     113     108     107      92     105
      83      85      75      85      92      86      74      87      76      92
      88      75      76      96      87      72      85      92      94      96
      75     113      83      92      79      88     100      88      87      96
      85      90      84      91      86      80      86      78      71      94
      74      80      90      87      95     105      90     113      92      89
      74      79      85      80      86      91      85      97      92     107
      77      79      77      80     101      88      99     104     116     107
      83     106     106      99     100     100      95      74      83      95
      86      97      70      72      75      83      90      76      66     100
     108      88     101     123     111     115     111     103      86     109
      83      91      70      80      95      85      65      82      80      73
      73      71      72      82      62      66      78      86      69      77
      68      77      79      63      76      69      56      73      66      81
      94      93      50      92      72      68      55      74      72      69
      75      78      61      85      81      75      95      74      95      95
     112     105     100     107      98     109      80      91      85      86
      76      74      66      72      67      93      71      67      61      76
      71      76      76      86      66     119      97     105     105     114
     126     148     154     162     157     189     143     148     150     144
     134     108     112      91      95     102      91     112      95     113
     108     128     109     109     106     113     102     119     119      99
      87      83      96      95      87      77      65      82      87      91
      78      67      77      83      59      61      75      69      72      71
      54      83      85      79      66      82      73      92      74      78
      88      97      96     106     125     151     172     178     203     204
     215     253     242     217     231     238     201     179     173     167
     134     104     109      98      84      84      89      87      81     108
      76      93     108     105      84     109     100     112     122     120
     106     115     122     168     130     167     165     173     168     175
     195     215     190     162     155     160     157     137     121     141
     141     118     115     131     103     121     121     117     120     122
     126     126     134     128     143     144     106     122     142     152
     140     129     149     132     152     157     146     156     128     154
     148     160     155     187     146     144     161     165     166     177
     170     164     178     175     161     168     173     174     168     203
     169     178     164     179     168     188     185     186     164     204
     173     202     199     229     202     194     211     230     174     243
     233     238     256     243     238     231     220     242     213     243
     270     252     256     287     249     245     249     287     253     244
     266     259     312     269     300     272     315     264     282     271
     317     293     300     264     284     286     280     288     303     301
     252     303     290     293     325     309     272     274     294     287
     287     303     305     290     282     330     314     302     285     299
     327     358     319     319     312     316     317     298     328     309
     312     294     318     335     303     349     339     388     314     375
     319     408     392     376     418     404     444     452     406     452
     470     482     415     454     445     456     405     481     475     437
     403     488     446     445     441     437     444     436     443     515
     464     486     429     480     489     454     486     501     481     549
     432     497     492     454     484     475     492     494     479     520
     467     532     462     507     480     551     508     509     551     571
     494     605     515     575     526     598     569     597     528     578
     586     598     551     599     551     602     572     558     553     577
     608     609     567     545     587     621     626     593     597     611
     597     616     628     668     677     691     654     667     717     707
     680     741     826     822     813     836     870     911     842     896
     916     918     839     932     816     885     774     831     784     749
     795     813     728     803     694     788     737     745     719     745
     744     735     708     733     792     751     726     763     741     788
     770     772     779     797     758     779     764     783     737     779
     796     787     754     781     798     787     782     825     817     789
     763     816     816     851     766     816     838     839     844     855
     850     862     809     826     841     868     831     820     858     841
     817     854     785     843     806     816     814     849     820     835
     818     877     776     790     803     838     781     823     808     882
     821     824     804     793     851     882     793     866     844     801
     823     848     772     867     833     871     818     867     776     859
     790     810     857     821     831     887     809     852     816     893
     787     876     838     797     871     830     796     825     811     817
     787     811     804     832     777     894     808     803     795     831
     872     877     775     910     802     813     840     865     843     904
     857     938     959    1004     902    1000    1013    1089    1050    1097
    1103    1149    1104    1056    1080    1105    1039    1095    1076    1013
     987     944     915     915     839     922     740     875     726     808
     759     779     723     736     760     777     739     728     772     742
     701     729     737     742     727     706     731     732     704     749
     715     736     772     711     713     758     712     763     742     752
     730     786     786     802     805     817     825     853     844     871
     942     929     831     921     897     898     844     833     791     862
     826     837     764     788     716     750     724     827     727     726
     740     720     713     754     759     749     682     770     725     787
     706     748     724     761     730     734     724     686     685     719
     681     722     724     700     686     704     683     701     714     671
     657     707     669     767     651     683     685     702     680     647
     709     710     652     640     691     710     685     730     698     671
     675     724     631     694     633     682     632     698     652     670
     597     714     662     685     635     707     669     726     692     721
     636     659     664     666     673     698     684     719     654     647
     710     678     650     727     688     662     623     708     699     730
     640     652     688     648     633     687     620     669     645     701
     674     634     628     668     622     644     649     671     622     701
     655     651     689     668     658     651     634     681     636     662
     669     651     644     672     673     668     639     625     663     652
     625     644     673     644     612     662     651     681     619     652
     692     687     634     708     659     717     667     643     676     659
     639     677     611     648     595     645     673     701     673     695
     719     718     656     669     649     690     629     681     689     676
     671     683     648     730     677     687     679     693     677     722
     648     675     647     702     716     694     641     654     654     650
     649     698     654     700     681     696     681     709     700     712
     649     731     675     673     645     684     665     730     702     681
     723     699     649     688     738     704     672     663     692     693
     699     698     692     708     663     673     642     692     638     719
     670     653     682     690     575     667     655     692     703     714
     683     666     657     659     680     699     657     687     679     647
     678     715     677     682     636     678     645     667     686     693
     617     697     648     669     637     622     674     642     652     652
     633     674     649     689     621     673     677     724     691     723
     660     672     684     655     661     634     604     644     648     684
     650     682     653     689     623     694     646     683     677     658
     655     669     629     631     611     681     639     630     653     666
     629     628     587     638     635     632     598     657     621     617
     659     701     647     610     611     651     613     640     592     623
     606     585     652     667     591     602     602     665     622     647
     611     653     592     590     626     672     611     641     612     648
     598     617     598     654     595     646     635     591     616     631
     616     650     617     567     621     600     643     609     627     608
     582     586     639     613     572     569     610     597     595     615
     608     572     567     580     601     581     587     621     592     638
     554     555     580     579     587     568     609     613     631     603
     593     604     560     607     606     608     563     587     601     584
     565     595     557     592     560     578     557     559     571     622
     623     601     560     560     620     559     556     608     600     571
     544     578     594     613     585     556     536     611     587     573
     602     602     538     545     603     581     562     560     574     589
     575     546     528     599     569     576     536     587     606     552
     535     616     542     587     582     556     563     529     545     612
     511     537     579     586     545     576     568     547     582     592
     580     570     554     538     553     558     552     551     570     522
     516     529     581     567     556     545     558     578     565     550
     541     546     573     505     539     566     521     557     504     568
     549     538     569     549     502     524     558     556     539     512
     607     549     518     530     563     558     530     551     606     551
     480     523     561     593     529     558     520     538     494     537
     532     576     536     547     530     536     531     492     538     529
     497     520     577     505     529     464     526     522     512     514
     566     556     471     507     531     529     524     530     536     513
     483     487     529     474     512     541     510     496     517     501
     504     486     525     506     499     558     480     514     527     491
     496     529     526     470     502     536     505     501     473     498
     548     529     483     472     456     514     514     455     500     530
     449     467     478     517     515     464     483     537     466     467
     487     531     494     497     541     501     479     521     530     484
     451     479     541     534     401     450     475     492     489     475
     457     473     444     473     487     462     468     486     483     491
     481     443     489     475     472     478     480     483     453     504
     472     476     459     475     509     478     439     445     474     457
     446     486     498     485     448     513     474     501     444     460
     472     458     458     464     436     501     444     460     451     445
     407     436     450     453     447     445     452     462     462     425
     459     489     461     427     442     463     429     406     426     449
     458     399     476     447     414     450     451     451     455     468
     469     446     462     476     422     428     409     422     399     434
     435     444     471     428     458     446     448     471     450     432
     440     465     458     445     437     422     430     467     423     428
     400     421     460     438     432     456     447     463     409     418
     447     437     445     474     434     409     418     437     450     442
     407     439     436     441     431     456     452     453     419     418
     451     435     439     465     431     467     421     418     429     421
     462     448     402     412     393     426     461     425     436     428
     493     462     433     406     424     442     410     407     421     450
     424     460     459     439     433     423     416     419     422     417
     452     421     412     418     448     436     438     416     424     454
     450     431     432     416     392     432     476     437     407     433
     446     404     401     401     454     437     436     417     499     444
     437     391     424     448     415     436     386     399     437     437
     483     415     430     471     438     436     401     401     415     461
     442     455     476     401     442     432     414     460     439     412
     488     460     427     444     420     485     446     422     429     465
     432     440     421     465     395     448     473     482     443     440
     422     437     427     417     471     445     443     485     477     436
     444     465     537     485     473     469     481     447     460     480
     496     495     450     475     492     489     503     476     481     472
     488     441     487     492     470     517     501     498     470     480
     499     530     478     486     557     507     519     488     560     507
     575     597     592     536     510     562     580     605     571     553
     625     613     602     605     636     607     644     632     680     645
     652     685     672     690     738     671     807     783     740     824
     831     848     779     902     902     927     876     977     948    1031
    1059    1125    1159    1106    1138    1166    1212    1217    1367    1357
    1469    1424    1506    1598    1621    1582    1703    1644    1874    1861
    1903    1942    1989    2076    2108    2141    2224    2318    2241    2218
    2458    2486    2484    2587    2593    2537    2595    2610    2720    2703
    2731    2770    2867    2891    2654    2766    2862    2854    2680    2640
    3010    2819    2705    2756    2705    2713    2617    2563    2600    2590
    2418    2458    2374    2406    2301    2226    2198    2251    2036    2080
    1921    1891    1850    1822    1816    1703    1603    1578    1527    1492
    1414    1337    1456    1284    1202    1220    1159    1174    1032     982
     967     928     859     895     870     794     807     814     833     778
     702     718     753     710     691     676     680     695     726     715
     718     782     816     748     873     838     867     907     915     958
    1006    1044    1072    1162    1143    1268    1269    1333    1360    1374
    1443    1380    1400    1390    1492    1448    1343    1427    1432    1362
    1385    1315    1354    1209    1251    1072    1211    1121    1054    1048
     917     925     862     793     729     706     664     627     578     567
     526     485     496     492     414     416     462     430     413     411
     417     408     379     392     374     441     358  205765
