$Informacoes da Fluorescencia de Raios-X:
"Sample    : AFR-382",                                                                    
"Operator  : thiago",                                                                     
"Comment  : ",                                                                            
"Group     : thiago_acra2010ma",                                                          
"Date       : 2010-11-11 03:52:37",                                                       
"",                                                                                       
"Mesurement Condition",                                                                   
"------------------------------------------------------------------------------------",   
"Instrument : 700HS2   Atmosphere : Vac.   Collimator : 10(mm)   Spin : No",              
"------------------------------------------------------------------------------------",   
"Analyte               TG kV   uA      FI Acq.(keV)  Anal.(keV)  Time(sec)     DT(%)",    
"------------------------------------------------------------------------------------",   
"Na                    Rh 50 1000-Auto Al  0 - 20    0.8 - 1.2   Live -  959   11",       
"Channel_info_start",                                                                     
"Channel : Na",                                                                           
"Points : 2048
"Range : 0.000000 - 20.480000",                                                           
"Step : 0.010000",                                                                        
"Channel_info_end",                                                                       
$DATA:
       0    2047
       0       0       0       0       0       0       0       0       0    2048
       0       0       0       0       0       0       0       0       0       0
       0       0       0       0       0       0       0       0       0       0
       0       0       0       0       0       0       0       1       3       3
      60     178     178     197     188     158     172     168     153     181
     193     209     154     163     171     157     170     156     165     172
     156     158     141     159     176     162     161     193     195     202
     220     234     271     305     329     349     334     387     391     386
     337     339     299     258     210     215     195     193     165     158
     162     151     153     139     145     149     144     164     146     154
     163     173     145     168     147     156     180     155     161     152
     173     161     138     181     149     172     151     167     167     174
     162     186     167     177     160     190     143     146     145     175
     152     175     164     152     156     158     149     188     166     162
     153     185     162     152     146     149     155     163     181     176
     162     182     186     174     181     195     161     197     216     206
     200     204     218     185     176     185     183     162     186     175
     154     165     154     139     149     160     175     210     180     229
     241     276     279     325     284     317     299     303     254     267
     213     205     196     190     169     171     145     155     146     136
     137     134     138     148     150     142     144     139     116     165
     147     153     139     153     119     131     125     163     147     148
     106     113     123     151     114     146     129     142     142     145
     155     159     147     184     170     180     212     251     252     225
     236     269     240     240     237     228     186     201     200     161
     164     143     154     130     147     132     124     140     142     111
     119     117     124     134     130     170     149     173     152     162
     177     180     190     223     185     184     202     200     189     216
     195     189     164     183     167     145     155     155     167     193
     170     183     202     172     211     192     176     186     171     173
     149     158     144     171     159     138     154     143     131     116
     136     135     123     126     136     109     100     120     118     134
     124     123     136     146     131     145     148     167     137     149
     136     164     190     183     213     242     254     255     296     294
     332     390     366     343     324     356     285     292     240     236
     213     227     180     160     182     191     158     174     148     187
     158     151     169     172     164     216     201     221     209     257
     252     347     320     411     423     506     490     563     524     591
     512     539     514     513     472     398     394     348     311     283
     271     259     209     215     187     232     217     220     179     217
     213     226     226     237     225     267     251     261     249     291
     278     273     285     270     272     306     313     312     267     270
     289     297     314     310     289     291     304     306     258     313
     276     311     328     303     298     320     297     307     299     324
     300     338     322     334     351     363     337     380     366     356
     338     377     369     377     402     431     407     406     455     446
     480     471     500     457     453     499     439     468     437     495
     458     472     472     509     484     441     454     472     465     506
     456     502     513     494     510     524     520     549     503     532
     523     555     511     562     561     555     588     568     545     556
     553     573     554     566     528     568     522     597     539     563
     554     577     538     595     573     588     540     547     564     534
     586     615     554     614     572     601     609     612     533     624
     573     674     557     611     606     637     669     683     664     665
     690     738     727     727     711     707     765     806     714     803
     750     815     758     801     809     795     752     850     770     850
     807     785     802     815     779     865     810     800     823     863
     806     908     795     843     792     814     848     838     873     903
     863     879     861     940     869     956     844     912     828     989
     888     970     949     966     946     998     978    1004     999    1018
     994    1037    1018    1075    1073    1056    1046    1099    1024    1083
     980    1037     953    1074    1056    1078    1012    1070    1066    1119
    1113    1037    1129    1172    1082    1098    1089    1191    1095    1118
    1177    1181    1176    1243    1243    1376    1437    1479    1631    1816
    1806    2150    2150    2431    2444    2704    2864    3034    3033    3413
    3105    3247    2846    3008    2796    2864    2430    2503    2215    2212
    1852    1851    1705    1679    1524    1548    1449    1454    1350    1434
    1362    1378    1333    1390    1392    1360    1358    1385    1327    1383
    1344    1439    1342    1452    1390    1402    1480    1441    1368    1493
    1455    1459    1298    1460    1395    1509    1439    1520    1454    1522
    1424    1557    1552    1546    1532    1615    1588    1751    1555    1745
    1703    1702    1679    1773    1674    1720    1648    1705    1691    1753
    1668    1703    1676    1705    1565    1695    1599    1588    1516    1545
    1503    1630    1390    1527    1531    1549    1464    1604    1540    1593
    1449    1607    1549    1484    1458    1507    1544    1642    1484    1550
    1540    1584    1516    1540    1579    1538    1501    1667    1514    1638
    1504    1644    1483    1607    1464    1536    1542    1560    1569    1545
    1547    1599    1471    1576    1541    1535    1441    1582    1548    1512
    1392    1512    1562    1504    1441    1574    1553    1587    1547    1546
    1511    1646    1581    1745    1537    1674    1542    1657    1624    1697
    1593    1772    1645    1733    1640    1736    1851    1856    1803    1933
    1869    1991    1877    1925    1824    1951    1828    1962    1832    1872
    1690    1649    1695    1685    1599    1575    1505    1476    1417    1421
    1421    1413    1381    1401    1374    1418    1288    1342    1416    1434
    1341    1436    1320    1401    1327    1417    1335    1370    1299    1380
    1372    1398    1356    1375    1347    1368    1335    1472    1318    1448
    1353    1450    1397    1375    1408    1461    1498    1529    1459    1511
    1490    1531    1494    1525    1578    1527    1445    1544    1438    1474
    1405    1411    1431    1452    1323    1386    1321    1358    1281    1364
    1307    1402    1296    1270    1322    1416    1319    1376    1297    1368
    1320    1343    1375    1356    1334    1403    1332    1306    1317    1265
    1291    1327    1268    1350    1269    1299    1244    1294    1292    1342
    1285    1365    1241    1305    1234    1266    1191    1225    1226    1258
    1283    1239    1213    1270    1257    1235    1182    1299    1258    1301
    1204    1297    1321    1290    1233    1291    1227    1291    1263    1264
    1265    1308    1183    1299    1276    1302    1214    1307    1214    1317
    1175    1239    1250    1283    1192    1263    1264    1322    1211    1274
    1277    1251    1254    1231    1281    1325    1177    1263    1281    1254
    1233    1285    1271    1248    1205    1294    1222    1231    1181    1244
    1209    1268    1204    1170    1206    1196    1208    1161    1284    1206
    1166    1177    1185    1178    1149    1176    1270    1282    1196    1196
    1223    1249    1144    1221    1154    1206    1237    1248    1205    1244
    1179    1242    1236    1294    1178    1217    1221    1243    1147    1191
    1189    1177    1135    1255    1139    1243    1200    1252    1211    1231
    1155    1225    1191    1241    1297    1157    1254    1240    1168    1237
    1211    1289    1167    1234    1195    1293    1139    1346    1251    1265
    1196    1260    1236    1293    1214    1289    1259    1297    1199    1279
    1243    1308    1215    1234    1278    1232    1272    1232    1216    1299
    1208    1274    1302    1291    1202    1237    1269    1288    1218    1277
    1259    1258    1261    1271    1239    1294    1213    1327    1245    1272
    1249    1265    1211    1382    1233    1236    1251    1268    1193    1293
    1216    1315    1190    1328    1224    1317    1241    1319    1330    1279
    1271    1213    1262    1278    1231    1278    1316    1331    1226    1293
    1262    1310    1250    1291    1202    1296    1199    1246    1278    1234
    1223    1243    1278    1286    1212    1264    1279    1310    1215    1216
    1264    1291    1247    1304    1292    1280    1216    1216    1228    1275
    1252    1283    1167    1252    1200    1271    1272    1259    1195    1200
    1223    1255    1233    1162    1283    1230    1222    1353    1183    1240
    1146    1211    1278    1214    1177    1214    1184    1246    1208    1141
    1307    1323    1148    1243    1262    1295    1173    1196    1115    1212
    1251    1227    1185    1248    1160    1172    1222    1262    1164    1195
    1254    1293    1141    1126    1152    1224    1151    1149    1207    1241
    1122    1150    1118    1164    1198    1205    1232    1211    1134    1213
    1103    1221    1129    1174    1140    1189    1044    1104    1148    1231
    1094    1130    1153    1152    1092    1129    1111    1171    1140    1144
    1136    1148    1086    1098    1120    1138    1140    1090    1184    1070
    1063    1171    1056    1140    1154    1126    1135    1213    1138    1135
    1157    1063    1118    1149    1117    1175    1113    1147    1105    1205
    1037    1104    1120    1095    1041    1151    1107    1161    1108    1189
    1129    1113    1095    1072    1055    1092    1109    1047    1114    1126
    1074    1091    1090    1065    1033    1123    1105    1107    1102    1078
    1091    1091    1024    1097    1132    1150    1045    1056    1016    1083
    1041    1010    1079    1114    1071    1071    1035    1095    1082    1139
    1089    1065    1069    1143    1093    1097    1087    1069    1061    1147
    1058    1033    1091    1047    1030    1038    1079    1066    1005    1018
    1038    1070     989    1059    1041    1087     986    1078    1071    1081
    1059    1047    1044    1061     951    1013    1050    1054    1001    1018
    1003    1056     990    1016     963    1008    1036    1093    1064    1047
     991    1098     984    1043    1011     975    1030    1067     991     993
    1045    1070    1016    1028    1026    1051    1027    1047    1050    1031
     994     997    1045     998     981    1004    1043    1015     999    1039
    1023    1049    1007    1002     993    1052     997    1063    1049     966
     945     999    1049    1040     935    1058    1003    1033    1013     994
     981    1009     972     988     967    1008    1015     928     928    1007
     928     975     965     993     983    1000     977     948     970     982
     999     987     971     953     955    1013     963     967     954     967
     854     924     954     965     898     952     945     957     965     930
     922     984     917     914     968     991     873     951     949     951
     883     892    1017    1003     847     941     931     943     905     967
     924     902     886     928     935     950     904     943     909     995
     900     928     888     938     856     847     901     937     850     906
     855     934     867     925     962     908     845     903     912     870
     851     922     878     874     826     916     922     897     872     889
     913     878     836     870     905     937     866     875     930     874
     925     894     915     860     808     836     938     855     828     866
     881     870     867     865     941     929     836     898     887     936
     860     863     869     827     831     948     830     886     830     841
     934     880     887     795     859     825     830     903     880     894
     862     845     833     867     857     808     794     889     840     826
     858     897     831     877     830     849     835     804     901     885
     858     842     850     891     847     796     842     883     783     854
     889     828     799     833     845     874     776     793     837     884
     797     823     786     878     802     822     865     857     800     867
     820     845     821     857     794     846     777     799     830     875
     777     740     833     843     801     803     788     828     854     842
     822     833     777     803     795     767     783     831     830     802
     790     771     787     880     732     778     866     823     794     824
     823     826     828     854     787     835     765     821     804     832
     822     793     811     796     786     784     799     825     773     841
     777     830     764     801     809     835     795     785     809     802
     762     809     775     840     814     822     801     871     811     753
     791     831     796     802     778     848     763     802     834     844
     772     760     787     828     793     794     796     780     753     799
     790     761     782     761     771     824     748     801     806     856
     769     773     869     823     810     801     818     826     768     771
     768     800     816     793     824     847     793     791     819     818
     791     778     827     848     827     790     864     834     767     771
     863     853     797     816     804     833     808     858     818     842
     836     815     855     805     716     795     818     868     820     860
     840     828     799     827     852     833     840     836     840     872
     839     769     970     813     846     851     892     901     880     924
     853     881     834     867     946     904     931     941     827     871
     825     894     982     890     883     884     905     937     936     947
     999     905     936     986    1019    1034     973     954    1032     991
    1017     968    1036    1055    1072    1037     994    1102    1082    1029
    1122    1058    1088    1118    1118    1207    1106    1166    1238    1252
    1204    1255    1259    1276    1319    1300    1412    1507    1337    1455
    1408    1525    1458    1615    1594    1678    1629    1688    1748    1892
    1806    1920    1972    2018    2074    2160    2206    2362    2292    2395
    2554    2696    2583    2793    2937    2959    2962    3125    3521    3283
    3411    3656    3677    3799    3727    3979    4039    4098    4168    4258
    4428    4606    4456    4650    4830    4924    4663    4822    5047    4973
    4919    4983    5276    5317    5089    5182    5294    5201    5108    5049
    5662    5341    4903    5141    5048    5067    4811    4839    4896    4826
    4542    4688    4567    4588    4161    4235    4083    4122    3924    3866
    3788    3726    3483    3375    3422    3297    2988    3020    3070    2870
    2776    2554    2687    2549    2401    2308    2327    2195    1975    2004
    1940    1963    1773    1683    1725    1632    1415    1521    1455    1504
    1341    1383    1388    1360    1312    1271    1291    1352    1335    1291
    1302    1426    1345    1319    1575    1444    1513    1523    1643    1691
    1708    1811    1885    2082    1970    2020    2275    2306    2341    2379
    2557    2577    2549    2568    2720    2774    2678    2739    2802    2675
    2585    2682    2532    2518    2336    2278    2355    2219    2066    2033
    1949    1809    1663    1663    1664    1441    1321    1341    1268    1203
    1088    1051     993     987     832     824     774     829     741     778
     759     711     716     679     757     714     703  387280
