$Informacoes da Fluorescencia de Raios-X:
"Sample    : AFR315",                                                                     
"Operator  : Americo",                                                                    
"Comment  : Ghana-Harvard",                                                               
"Group     : thiago_acra2010ma",                                                          
"Date       : 2010-11-09 23:36:16",                                                       
"",                                                                                       
"Mesurement Condition",                                                                   
"------------------------------------------------------------------------------------",   
"Instrument : 700HS2   Atmosphere : Vac.   Collimator : 10(mm)   Spin : No",              
"------------------------------------------------------------------------------------",   
"Analyte               TG kV   uA      FI Acq.(keV)  Anal.(keV)  Time(sec)     DT(%)",    
"------------------------------------------------------------------------------------",   
"Na                    Rh 50  712-Auto Al  0 - 20    0.8 - 1.2   Live -  959   21",       
"Channel_info_start",                                                                     
"Channel : Na",                                                                           
"Points : 2048
"Range : 0.000000 - 20.480000",                                                           
"Step : 0.010000",                                                                        
"Channel_info_end",                                                                       
$DATA:
       0    2047
       0       0       0       0       0       0       0       0       0    2048
       0       0       0       0       0       0       0       0       0       0
       0       0       0       0       0       0       0       0       0       0
       0       0       0       0       0       0       0       2       4       7
      80     187     203     208     200     240     200     187     197     199
     218     189     199     210     206     231     173     215     206     212
     204     192     215     266     237     251     248     287     249     221
     257     254     243     287     272     260     257     260     291     276
     272     301     251     271     224     250     216     240     231     220
     194     244     268     317     331     409     401     415     386     447
     437     390     337     335     267     270     261     271     286     245
     273     258     319     350     363     378     358     353     347     329
     305     264     247     258     216     263     227     220     254     266
     295     320     363     402     430     455     423     479     413     392
     359     392     353     324     302     302     316     371     426     546
     702     954    1280    1845    2159    2959    3168    3843    4175    4410
    4229    4082    3577    3254    2794    2256    1745    1495    1162    1065
     870     968     995    1223    1681    2475    3360    5234    6946    9608
   11750   14535   16643   18499   18436   19866   17778   16720   13877   12119
    9292    7579    5343    4055    2963    2178    1644    1249    1027     985
     866     905     843     829     870     883     887     876     871     890
     827     820     725     705     612     628     526     528     474     429
     432     402     403     421     409     406     431     471     464     536
     630     794     847    1050    1380    1628    1954    2390    2698    3140
    3224    3406    3278    3255    2883    2689    2327    2062    1623    1417
    1117     993     851     816     754     788     795     830     883    1000
    1202    1480    1929    2655    3379    4854    5734    7598    8868   10883
   12037   13611   13575   14276   13253   13129   11260    9976    8290    6755
    5123    4172    2859    2349    1614    1524    1378    1465    1322    1518
    1495    1627    1586    1612    1488    1473    1305    1248     966     852
     696     679     538     520     424     432     418     409     363     386
     384     421     382     393     384     425     428     449     450     482
     463     483     498     528     578     616     727     886    1000    1337
    1760    2443    3160    4299    5616    7367    8615   10796   12134   14363
   14487   15814   15796   15962   14205   14126   11529   10303    8023    6769
    5176    4125    3067    2194    1735    1338    1089     989     969    1033
    1126    1355    1646    2025    2463    3233    4053    5439    6675    9331
   11339   15085   17935   22603   26887   32773   34531   40183   40906   43839
   41258   41025   38314   35341   29707   26399   21344   17275   12745    9892
    6921    5185    3365    2502    1637    1304     980     890     936    1040
    1071    1440    1661    2273    2517    3015    3536    4195    4463    5321
    5236    5635    5329    5435    5135    4775    4200    3752    3106    2658
    2079    1686    1348    1127     854     663     527     488     369     415
     350     354     345     339     351     396     327     380     359     390
     384     429     389     450     464     581     683     853    1062    1328
    1675    2208    2630    3445    4202    5134    5703    6489    7076    7758
    7499    7997    7771    7752    6913    6578    5682    5203    4167    3663
    3007    2635    1971    1766    1500    1390    1049    1042     936     889
     779     794     766     775     679     724     760     818     776     797
     887     908     933    1068    1160    1263    1314    1420    1482    1606
    1596    1685    1770    1823    1704    1739    1718    1611    1386    1367
    1272    1200    1029     976     861     872     768     668     699     616
     667     702     622     730     711     694     755     691     683     718
     701     760     717     790     704     788     779     821     776     809
     851     844     837     908     913     961    1025    1048    1042    1012
    1109    1073    1046    1147    1083    1053     987    1030     979     932
     930     944     919     886     824     877     804     873     811     882
     844     857     823     869     851     907     821     888     872     942
     914     934     915     976     965    1114    1122    1240    1186    1389
    1485    1613    1812    2029    2095    2380    2345    2400    2617    2788
    2532    2639    2490    2407    2250    2192    2071    2014    1772    1686
    1613    1470    1328    1365    1233    1293    1284    1285    1370    1282
    1309    1336    1361    1385    1364    1553    1686    1832    1882    2381
    2899    3666    4707    6526    8427   11703   14770   19678   25184   32726
   38666   48529   57969   68992   75055   85694   94060  102616  103831  114999
  107375  109357   99177   96874   88080   81023   67932   61553   50394   43213
   33389   27263   21258   16640   12301    9828    6761    5230    3897    3090
    2437    2114    1717    1622    1535    1416    1379    1388    1362    1381
    1333    1399    1334    1415    1371    1353    1442    1445    1370    1434
    1471    1535    1509    1599    1716    1908    1886    2160    2317    2598
    3033    3511    4045    4824    5502    6440    7767    8817    9392   11094
   12108   13132   13447   14610   15125   15266   14313   14498   13680   13173
   11670   11089    9555    8848    7210    6477    5446    4646    3787    3328
    2758    2385    1936    1724    1621    1616    1423    1374    1310    1248
    1290    1228    1221    1265    1243    1210    1258    1270    1268    1304
    1284    1351    1230    1352    1294    1382    1353    1409    1341    1332
    1325    1339    1293    1343    1233    1333    1279    1243    1248    1217
    1277    1299    1175    1296    1293    1281    1237    1220    1345    1248
    1226    1252    1207    1287    1253    1259    1259    1268    1328    1332
    1313    1215    1291    1338    1250    1395    1253    1326    1295    1383
    1402    1443    1444    1575    1563    1605    1636    1753    1727    1742
    1878    1817    1779    1918    1820    1869    1740    1818    1733    1721
    1643    1628    1531    1484    1371    1411    1331    1346    1231    1228
    1270    1288    1160    1208    1227    1218    1122    1184    1219    1240
    1147    1152    1133    1192    1045    1186    1139    1170    1121    1203
    1248    1251    1127    1262    1304    1327    1336    1388    1482    1623
    1638    1852    1943    2174    2177    2432    2651    2791    2784    2959
    2998    3189    3075    3130    3170    3111    2810    2905    2667    2484
    2273    2285    2063    1904    1734    1637    1539    1492    1416    1370
    1302    1219    1156    1210    1209    1208    1193    1208    1225    1189
    1124    1168    1157    1161    1182    1184    1205    1224    1056    1151
    1124    1163    1124    1141    1125    1220    1061    1125    1149    1101
    1103    1188    1046    1137    1096    1154    1117    1210    1101    1218
    1092    1157    1145    1126    1127    1191    1139    1129    1112    1101
    1025    1041    1107    1123    1087    1158    1084    1169    1041    1153
    1109    1227    1093    1116    1178    1241    1149    1211    1249    1298
    1203    1293    1359    1415    1293    1265    1338    1369    1361    1275
    1316    1235    1274    1202    1208    1243    1184    1215    1161    1164
    1106    1177    1124    1133    1072    1049    1094    1083    1089    1119
    1049    1069    1019    1019    1051    1112    1084    1030     996    1062
     970    1114    1050    1087     962    1021    1096    1075    1020    1047
    1088    1121    1037    1059    1122    1164    1055    1161    1036    1120
    1063    1106    1030    1085    1052    1072    1065    1110     986    1043
    1107    1077    1026    1109    1111    1107    1027    1043    1082    1066
     985    1125    1095    1116    1040    1112    1079    1120    1074    1142
    1202    1249    1084    1221    1180    1146    1210    1228    1232    1247
    1178    1283    1307    1266    1264    1293    1203    1234    1192    1247
    1224    1191    1166    1195    1123    1210    1122    1176    1146    1113
    1075    1114    1042    1159    1005    1154    1030    1047    1035    1053
    1124    1014    1073    1068    1072    1103    1076    1059    1091    1136
    1078    1042    1111    1089    1046    1024    1040    1111    1043     986
    1119    1110    1074    1121    1064    1012    1006    1047    1067    1089
    1042     995    1032    1094    1028    1100    1049    1042    1016    1088
    1020    1010    1030    1041    1032    1096     993    1056    1002    1087
    1053     997    1000    1031     998    1078    1055    1083     982     988
    1024    1018     999     994    1004    1072     976    1030     995    1049
     937    1085    1014    1031     996     988    1052     998     992    1052
    1044    1028    1060     971    1020    1036    1042    1060     981    1048
     994    1132    1076    1099    1103    1172    1117    1225    1201    1233
    1270    1326    1265    1326    1429    1413    1431    1444    1444    1501
    1406    1458    1447    1317    1370    1333    1396    1338    1253    1290
    1163    1233    1130    1173    1095    1122     971    1029    1035    1035
     911    1012     973     974     902     952     974     951     920     938
     980     986     963     980     986     953     931     892     925     980
     908     926     948     939     875     929     924     907     877     935
     930     926     915     889     976     935     974     941    1027     985
     945    1001     969    1022     985    1012    1111    1042     998    1055
    1037    1019     999    1040    1077    1048    1005    1074    1055    1051
    1008    1021    1041    1031     985    1049    1085     996    1002    1008
    1012     993     955     942     938    1011     915     993    1005     983
     922     974     965     997     930     936     883     947     870     911
     907     946     893     872     939     918     857     883     869     946
     843     869     873     892     934     873     910     863     910     982
     961     965     916     981     982    1045     957    1021    1018    1043
     996     964     986    1062     968    1063    1036    1020    1021    1028
     964     961     968     985     963     970     879     972     920     948
     895     849     885     887     855     922     899     885     859     904
     885     853     839     778     827     904     776     822     873     789
     835     788     808     905     830     857     814     824     821     884
     872     909     793     792     829     857     872     828     886     897
     849     843     890     885     858     908     946     930     921     924
     993    1051    1032    1036    1056    1092    1112    1131    1189    1183
    1145    1125    1142    1192    1148    1162    1131    1169    1045    1001
    1061    1073     997     985     935    1006     911     965     916     867
     831     859     841     866     780     831     825     789     748     786
     874     819     736     791     720     812     744     749     732     788
     770     790     775     774     719     821     771     744     749     795
     779     793     730     783     751     780     743     723     789     838
     756     787     840     796     797     752     779     776     705     774
     771     807     720     818     771     865     748     805     807     787
     749     764     773     744     779     741     799     781     802     796
     814     726     742     728     808     723     767     755     709     781
     778     761     730     735     731     714     726     730     760     744
     759     716     724     707     726     709     691     695     716     750
     705     719     713     738     700     668     734     733     705     732
     675     707     662     722     699     725     685     671     696     697
     733     786     718     763     729     814     755     771     736     884
     860     860     805     874     860     913     887     958     937    1006
     895     919     925     958     946     992    1016     900     887     982
     938     892     844     821     827     833     850     859     767     812
     750     806     789     765     724     677     746     717     697     701
     724     782     655     731     705     711     668     722     712     697
     627     684     668     672     665     676     614     704     651     663
     675     733     666     660     676     688     607     671     657     657
     628     621     637     676     637     719     670     717     608     602
     648     697     643     647     668     700     681     716     738     675
     638     656     705     677     676     668     650     696     673     667
     718     694     641     705     699     671     649     677     696     668
     667     672     651     660     679     657     683     652     623     623
     671     679     639     606     664     655     606     632     637     634
     647     599     646     646     646     644     681     616     586     643
     619     612     598     629     641     634     604     612     669     609
     644     629     620     672     628     620     638     635     647     643
     685     654     618     621     660     613     649     589     686     602
     584     580     627     659     649     667     645     671     600     605
     648     667     623     615     661     667     629     649     667     665
     634     661     689     673     667     665     639     718     635     646
     694     731     638     676     667     678     679     650     653     618
     648     657     696     651     699     643     696     641     654     717
     724     693     701     666     691     672     631     668     668     717
     660     621     789     733     709     700     680     681     693     676
     732     707     734     740     725     732     691     683     700     719
     676     697     756     761     698     723     748     726     696     713
     793     761     761     708     790     740     775     748     811     730
     741     814     791     823     822     788     814     844     800     845
     857     839     838     857     869     935     877     913     968     941
     961     942     947    1008     947     969    1074    1090    1055    1108
    1126    1187    1131    1164    1211    1280    1251    1368    1440    1433
    1413    1507    1515    1640    1554    1586    1737    1818    1787    1820
    2004    2012    1951    2059    2250    2233    2234    2259    2508    2622
    2565    2661    2696    2959    2861    2946    3199    3118    3197    3280
    3304    3498    3309    3539    3654    3642    3596    3685    3769    3979
    3664    3769    4085    4006    3835    3986    4027    4063    3858    3774
    4199    3901    3758    3865    3767    3720    3676    3613    3775    3670
    3451    3380    3353    3191    3135    3289    3066    3064    2841    2794
    2917    2728    2596    2505    2446    2474    2313    2242    2205    2189
    2059    1969    1988    1824    1750    1685    1626    1581    1515    1453
    1425    1431    1332    1385    1260    1258    1198    1115    1199    1098
    1081    1092    1092    1109    1077     960     976    1002    1037    1008
    1014    1052    1077    1013    1215    1209    1170    1294    1256    1337
    1425    1516    1567    1601    1634    1675    1785    1849    1940    2010
    2123    2082    2093    2229    2284    2308    2246    2285    2313    2250
    2231    2167    2176    2150    2012    1841    2166    1880    1781    1646
    1738    1540    1458    1381    1355    1314    1163    1082    1013     938
     840     826     890     774     760     687     682     664     581     592
     593     615     604     546     585     530     592  301995
