$Informacoes da Fluorescencia de Raios-X:
"Sample    : AFR300",                                                                     
"Operator  : Americo",                                                                    
"Comment  : Ghana-Harvard",                                                               
"Group     : thiago_acra2010ma",                                                          
"Date       : 2010-11-09 18:28:20",                                                       
"",                                                                                       
"Mesurement Condition",                                                                   
"------------------------------------------------------------------------------------",   
"Instrument : 700HS2   Atmosphere : Vac.   Collimator : 10(mm)   Spin : No",              
"------------------------------------------------------------------------------------",   
"Analyte               TG kV   uA      FI Acq.(keV)  Anal.(keV)  Time(sec)     DT(%)",    
"------------------------------------------------------------------------------------",   
"Na                    Rh 50 1000-Auto Al  0 - 20    0.8 - 1.2   Live -  959   16",       
"Channel_info_start",                                                                     
"Channel : Na",                                                                           
"Points : 2048
"Range : 0.000000 - 20.480000",                                                           
"Step : 0.010000",                                                                        
"Channel_info_end",                                                                       
$DATA:
       0    2047
       0       0       0       0       0       0       0       0       0    2048
       0       0       0       0       0       0       0       0       0       0
       0       0       0       0       0       0       0       0       0       0
       0       0       0       0       0       0       0       1       4       9
      68     166     206     198     191     201     201     179     164     229
     196     205     175     214     208     215     221     229     217     219
     200     246     243     232     230     274     285     244     249     259
     239     300     304     295     307     297     338     364     340     313
     310     325     291     277     251     266     207     222     204     185
     218     197     211     245     209     228     247     229     241     228
     239     233     218     229     212     230     196     230     207     221
     239     268     263     286     286     259     262     269     268     259
     254     253     206     235     214     208     193     227     236     244
     262     270     296     324     327     336     313     379     321     316
     304     292     306     271     231     286     260     294     332     385
     483     608     817    1055    1216    1580    1738    2022    2187    2277
    2194    2180    1983    1973    1565    1417    1148    1039     813     736
     625     659     656     821    1128    1621    2171    3103    4121    5575
    6547    7840    9005   10178    9779   10657    9464    9383    7828    7166
    5509    4492    3233    2608    1868    1449    1015     879     718     604
     560     518     493     457     443     468     456     465     431     493
     449     403     334     359     352     406     335     352     293     310
     298     333     296     326     273     325     282     385     352     408
     480     578     699     945    1124    1471    1726    2098    2286    2654
    2609    2899    2931    2790    2340    2365    1971    1713    1458    1232
     939     745     627     552     518     491     439     489     480     512
     463     561     629     886    1038    1378    1597    2070    2189    2680
    2972    3248    3172    3496    3162    3308    2699    2547    2139    1776
    1461    1166     906     803     640     549     549     571     529     614
     534     601     571     638     570     633     558     515     476     460
     365     375     359     356     293     333     326     323     305     309
     310     326     310     318     326     316     303     339     303     343
     347     353     376     412     433     482     544     718     857    1254
    1589    2138    2852    3839    4906    6531    7493    9429   10437   11939
   12494   13412   13434   13566   12160   12094   10069    8992    7164    5908
    4833    3740    2685    1999    1460    1091     865     724     700     750
     785     987    1099    1385    1607    1946    2359    2867    3388    4336
    5103    6245    7069    8515    9892   11340   11935   13756   13689   14381
   13548   13586   12592   11519    9896    9005    7423    5774    4545    3550
    2714    2060    1414    1075     809     697     517     558     530     589
     638     740     773     945    1063    1227    1380    1628    1653    1888
    1839    2077    1911    1943    1842    1696    1541    1435    1219    1129
     898     833     628     570     524     429     422     401     353     390
     370     378     342     384     415     388     375     372     372     422
     363     422     397     424     408     453     537     594     640     798
     969    1216    1452    1661    1955    2380    2611    3002    3250    3543
    3384    3639    3551    3379    3140    3009    2609    2420    2017    1870
    1617    1486    1209    1094     937     846     787     749     752     722
     643     684     668     620     583     638     644     636     628     660
     734     835     717     802     777     883     912     929     992    1038
    1031    1136    1093    1123    1095    1127    1070    1034    1010     939
     837     885     811     785     788     738     637     708     673     691
     632     665     612     666     641     687     660     638     674     743
     643     731     740     743     732     741     730     786     741     761
     728     804     810     840     823     918     844     943     915     901
     952     975    1003     992     927     952     893     990     937     921
     813     904     867     950     869     881     874     900     881     911
     874     992     889     929     887     962     887     944     949     972
     939     926     959     996     962    1049    1070    1214    1115    1259
    1182    1370    1418    1429    1617    1614    1694    1800    1880    1875
    1859    1834    1706    1811    1730    1646    1577    1554    1391    1482
    1285    1318    1272    1268    1299    1215    1209    1234    1258    1260
    1259    1287    1295    1342    1320    1380    1365    1534    1589    1861
    2022    2422    2816    3617    4592    5983    7200    9391   11600   14807
   17462   21269   25386   30153   32226   36669   40226   43449   43794   49091
   45078   46438   42218   40946   37786   35019   29833   27263   22571   19360
   15255   12948   10265    8177    6161    5317    3875    3283    2646    2298
    1983    1902    1631    1666    1530    1570    1483    1525    1414    1509
    1398    1470    1638    1453    1444    1537    1418    1498    1454    1533
    1539    1496    1510    1566    1665    1741    1662    1807    1877    2170
    2276    2451    2691    3119    3369    3879    4364    4678    4939    5574
    6047    6618    6491    7097    7204    7385    6718    6921    6757    6503
    5820    5434    5018    4675    3937    3793    3441    2964    2682    2416
    2123    1986    1775    1703    1648    1633    1495    1563    1541    1547
    1494    1549    1443    1527    1410    1485    1579    1556    1479    1488
    1604    1572    1569    1598    1527    1645    1566    1602    1544    1570
    1539    1628    1615    1590    1512    1506    1526    1506    1335    1515
    1539    1569    1498    1502    1469    1514    1489    1509    1509    1529
    1492    1507    1536    1574    1458    1569    1502    1626    1511    1546
    1519    1510    1484    1665    1558    1593    1558    1581    1577    1673
    1588    1741    1736    1841    1763    1812    1897    1919    1963    2026
    2081    2092    2037    2034    2060    2074    1933    2070    1992    1882
    1807    1826    1705    1727    1634    1584    1582    1574    1540    1526
    1412    1474    1458    1435    1391    1460    1293    1436    1474    1352
    1363    1427    1376    1424    1329    1373    1377    1372    1357    1398
    1379    1518    1422    1504    1444    1590    1507    1739    1761    1966
    1905    2102    2406    2463    2517    2744    2948    3220    3313    3403
    3573    3597    3427    3562    3605    3494    3324    3207    3056    3004
    2633    2498    2382    2269    2138    1899    1734    1691    1625    1595
    1580    1577    1396    1374    1391    1431    1366    1402    1422    1435
    1283    1364    1420    1390    1370    1354    1442    1424    1292    1346
    1366    1339    1302    1346    1258    1289    1289    1280    1229    1353
    1299    1332    1254    1349    1246    1299    1285    1366    1216    1335
    1321    1314    1290    1240    1350    1286    1308    1231    1353    1330
    1230    1334    1324    1316    1238    1299    1254    1273    1252    1267
    1265    1381    1317    1397    1419    1465    1399    1401    1417    1438
    1495    1508    1464    1582    1481    1484    1535    1590    1522    1574
    1657    1482    1406    1451    1425    1421    1401    1394    1389    1350
    1290    1350    1304    1299    1210    1295    1209    1299    1245    1232
    1229    1224    1202    1202    1246    1286    1216    1186    1225    1270
    1269    1233    1270    1228    1197    1230    1193    1261    1151    1221
    1285    1274    1214    1187    1235    1234    1230    1297    1221    1181
    1232    1167    1255    1278    1157    1154    1293    1225    1177    1288
    1278    1338    1190    1253    1256    1266    1217    1216    1270    1226
    1226    1284    1228    1264    1207    1235    1289    1244    1322    1324
    1240    1348    1225    1363    1256    1314    1361    1360    1375    1304
    1249    1368    1367    1434    1337    1408    1350    1388    1401    1325
    1394    1320    1257    1273    1304    1315    1267    1313    1317    1293
    1209    1347    1245    1369    1212    1246    1236    1273    1206    1244
    1321    1317    1202    1288    1304    1240    1308    1280    1320    1260
    1232    1282    1300    1217    1244    1240    1316    1270    1268    1267
    1266    1272    1260    1264    1204    1318    1268    1160    1239    1324
    1158    1321    1224    1277    1232    1290    1317    1310    1215    1200
    1296    1207    1187    1321    1280    1275    1213    1269    1215    1235
    1216    1283    1334    1336    1274    1248    1319    1213    1198    1236
    1250    1265    1201    1229    1222    1248    1214    1193    1214    1272
    1264    1288    1227    1208    1226    1188    1211    1204    1187    1240
    1260    1257    1197    1188    1207    1277    1230    1284    1216    1294
    1254    1314    1287    1359    1324    1378    1419    1472    1425    1475
    1560    1640    1600    1681    1651    1765    1679    1710    1760    1787
    1687    1726    1683    1693    1643    1641    1620    1608    1481    1570
    1405    1440    1350    1373    1287    1296    1239    1235    1284    1245
    1134    1200    1186    1167    1121    1099    1217    1208    1061    1203
    1141    1126    1097    1184    1174    1172    1099    1173    1167    1145
    1041    1173    1150    1144    1111    1074    1155    1110    1141    1133
    1161    1158    1114    1094    1165    1207    1098    1137    1182    1216
    1167    1138    1155    1229    1147    1184    1254    1289    1138    1211
    1195    1219    1131    1198    1131    1205    1165    1139    1138    1184
    1160    1150    1149    1131    1097    1099    1207    1124    1071    1081
    1160    1147    1149    1117    1195    1128    1076    1128    1076    1176
    1071    1073    1048    1114    1061    1157    1029    1069    1048    1087
    1097    1081    1011    1094    1046    1138    1112    1100    1065    1065
    1067    1137    1162    1115    1085    1158    1178    1168    1124    1142
    1126    1149    1067    1175    1179    1177    1162    1179    1205    1137
    1090    1185    1176    1166    1131    1164    1182    1267    1151    1150
    1243    1167    1098    1122    1145    1150    1050    1141    1063    1096
    1019    1057    1016    1099    1050    1031    1036    1095    1059    1056
    1034    1031     967     968    1007    1048    1047    1013    1030    1063
    1013     937    1056    1051     961     983    1027     986     994    1013
     990    1050     923    1028     985    1051     997    1042    1159    1007
     987    1029    1060    1072     991    1012    1083    1073    1002    1055
    1072    1091    1020    1145    1103    1140    1048    1118    1125    1142
    1134    1136    1110    1146    1050    1104    1087    1088    1068    1009
    1139    1079    1115    1089    1069    1031     944    1082     971    1066
    1025     981     955     970     923    1003    1013    1016     937     951
    1017     979     927     943     949     936     920     950     943     971
     906     907     903    1021     927     912     931     979     903     936
     940     926     935     949     924     977     929     923     981     989
     865     952    1042     964     858     882     908     920     900     899
     952     954     934     929     912    1013     874     973     890     958
     867     916     958     974     908     908     936     882     894     925
     913     855     915     912     922     935     872     948     852     893
     898     844     944     917     898     868     830     950     873     837
     923     900     856     860     887     923     810     846     912     911
     851     833     836     842     815     816     964     906     832     835
     890     858     833     850     887     881     838     844     789     897
     841     883     886     825     808     819     854     914     880     878
     910     874     897     947     939     904     924     920     965     909
     889    1018     963     931     885     913     922     944     922     920
     882     928     877     936     907     901     858     910     866     873
     853     866     846     824     836     834     858     834     777     817
     848     890     797     850     838     785     859     820     805     830
     829     819     856     817     769     763     809     845     778     827
     835     806     770     814     807     799     806     833     804     809
     798     749     846     847     825     821     784     817     841     737
     806     832     813     772     800     803     781     803     819     864
     780     802     801     832     786     805     840     806     835     808
     811     836     816     864     852     818     788     776     806     825
     793     800     806     859     700     809     841     800     773     806
     810     792     736     812     759     786     773     779     813     872
     820     815     788     774     790     721     801     801     774     767
     795     812     774     752     774     832     786     768     823     757
     760     768     825     780     789     785     776     761     736     786
     815     748     690     799     781     790     817     756     814     792
     818     811     789     806     807     872     781     767     769     803
     841     761     731     776     763     786     796     798     819     814
     785     762     802     845     793     750     802     847     801     792
     867     809     794     807     819     797     810     856     833     827
     787     858     777     849     793     762     809     906     805     811
     850     867     800     823     867     843     761     762     786     826
     803     767     955     876     826     858     825     836     786     905
     894     887     844     883     909     879     848     919     896     927
     834     914     878     875     868     940     938     950     880     908
     921     957     920     955    1014     943     959     975    1001    1059
     979    1060     983    1069    1020    1030    1024    1084     985    1046
    1130    1118    1007    1141    1117    1131    1113    1187    1221    1218
    1255    1179    1206    1259    1253    1369    1357    1406    1428    1363
    1439    1484    1447    1471    1614    1597    1572    1679    1705    1778
    1777    1954    1954    2019    2084    2179    2247    2266    2354    2330
    2597    2559    2502    2628    2870    2894    2928    2860    3263    3381
    3237    3350    3641    3719    3730    3915    3930    4154    4096    4184
    4288    4418    4487    4552    4793    4720    4614    4711    4810    4840
    4887    5003    5230    5091    4827    5026    4958    5062    4964    4833
    5318    5020    4798    4794    4869    4752    4593    4570    4626    4606
    4314    4283    4296    4323    4081    3997    3968    3885    3771    3676
    3657    3384    3240    3106    3168    2997    2899    2884    2780    2776
    2443    2406    2657    2340    2188    2128    2131    1974    1853    1847
    1922    1722    1649    1574    1628    1565    1441    1447    1411    1353
    1355    1288    1320    1266    1201    1251    1286    1222    1256    1207
    1285    1249    1297    1246    1496    1481    1471    1474    1622    1702
    1660    1781    1822    1943    1965    2104    2226    2187    2190    2407
    2530    2519    2431    2554    2517    2692    2718    2614    2838    2634
    2491    2491    2601    2530    2316    2271    2441    2232    2094    2020
    1857    1873    1646    1629    1486    1422    1307    1292    1252    1164
    1105     973     988     932     843     853     838     824     760     737
     789     733     708     666     757     706     682  377423
