$Informacoes da Fluorescencia de Raios-X:
"Sample    : AFR323",                                                                     
"Operator  : Americo",                                                                    
"Comment  : Ghana-Harvard",                                                               
"Group     : thiago_acra2010ma",                                                          
"Date       : 2010-11-10 02:50:44",                                                       
"",                                                                                       
"Mesurement Condition",                                                                   
"------------------------------------------------------------------------------------",   
"Instrument : 700HS2   Atmosphere : Vac.   Collimator : 10(mm)   Spin : No",              
"------------------------------------------------------------------------------------",   
"Analyte               TG kV   uA      FI Acq.(keV)  Anal.(keV)  Time(sec)     DT(%)",    
"------------------------------------------------------------------------------------",   
"Na                    Rh 50  849-Auto Al  0 - 20    0.8 - 1.2   Live -  960   21",       
"Channel_info_start",                                                                     
"Channel : Na",                                                                           
"Points : 2048
"Range : 0.000000 - 20.480000",                                                           
"Step : 0.010000",                                                                        
"Channel_info_end",                                                                       
$DATA:
       0    2047
       0       0       0       0       0       0       0       0       0    2048
       0       0       0       0       0       0       0       0       0       0
       0       0       0       0       0       0       0       0       0       0
       0       0       0       0       0       0       0       2       4       9
      97     220     235     264     264     226     224     216     223     233
     230     227     251     279     266     255     190     268     200     299
     248     312     261     282     264     292     295     329     307     298
     293     299     330     366     333     338     316     350     353     379
     330     345     299     336     284     299     249     263     229     298
     273     301     304     342     343     394     418     455     409     436
     451     393     384     363     329     303     290     318     263     338
     285     337     342     384     375     385     340     359     319     337
     279     304     283     330     244     272     254     230     274     299
     298     346     364     390     411     405     385     445     336     404
     384     381     349     318     315     338     306     365     397     518
     605     829    1016    1466    1554    2082    2366    2712    2877    3105
    2894    2913    2547    2411    1915    1703    1432    1208     983     901
     759     792     781     981    1279    1834    2401    3761    4870    6412
    7584    9389   10369   11746   11594   12431   11038   10700    8855    7854
    6226    5037    3685    2851    2118    1667    1178    1018     851     763
     702     720     684     704     656     663     723     764     693     742
     683     665     659     648     592     594     509     489     394     442
     398     430     402     386     343     428     403     483     485     562
     632     731     814    1095    1277    1540    1815    2316    2448    2785
    2833    3075    2938    2882    2558    2434    2191    1913    1569    1349
    1093     971     803     777     764     808     718     783     821    1017
    1066    1463    1825    2460    3138    4577    5273    6918    7899    9588
   10551   11906   11849   12803   11616   11537    9905    9057    7456    6276
    4874    3931    2786    2261    1657    1465    1338    1368    1303    1467
    1412    1521    1470    1515    1414    1341    1212    1148     922     834
     695     622     567     504     466     425     389     383     342     361
     361     395     353     435     423     420     387     390     399     421
     415     475     473     544     514     554     654     833     952    1330
    1734    2365    2972    4063    5147    6716    7653    9879   10768   12641
   12696   13673   13798   13955   12323   12537   10166    9234    7327    6206
    4755    3748    2761    2099    1595    1252    1033     903     934     919
     981    1325    1464    1859    2081    2813    3357    4571    5340    7238
    9103   11458   13343   16673   19049   22998   24223   28155   28222   30160
   28246   28287   26855   24622   20287   18453   15229   12476    9258    7393
    5426    3989    2766    2063    1500    1215     929     850     887    1006
    1083    1303    1443    1798    1964    2301    2665    3124    3315    3692
    3748    3929    3848    3870    3615    3487    3056    2741    2297    2187
    1609    1364    1128     965     712     678     601     502     454     440
     444     457     393     384     435     459     469     450     437     439
     442     462     475     542     510     615     653     848     945    1161
    1436    1942    2145    2550    3099    3743    4096    4726    5022    5567
    5376    5670    5373    5310    4845    4797    4172    3851    3202    2816
    2426    2175    1708    1629    1293    1241    1089     975     944     968
     832     826     818     844     771     754     815     850     815     897
     896     956     978    1102    1109    1219    1099    1311    1280    1424
    1304    1487    1508    1552    1435    1585    1436    1432    1286    1252
    1159    1138     955    1006     943     932     825     782     758     833
     762     833     731     830     795     839     794     755     811     863
     862     851     820     883     826     872     868     937     823     912
     918     954     988    1045     949    1097    1114    1150    1060    1163
    1163    1360    1136    1225    1165    1246    1187    1138    1136    1163
    1067    1048    1019    1096    1009    1051    1055    1074    1079    1124
    1047    1062    1031    1089    1086    1110    1015    1105    1085    1159
    1000    1087    1122    1219    1114    1291    1242    1296    1335    1443
    1515    1686    1675    1790    1926    1992    1957    2167    2202    2248
    2237    2277    2132    2242    1993    1962    1850    1867    1615    1749
    1551    1586    1470    1495    1465    1548    1289    1483    1495    1542
    1409    1551    1554    1616    1558    1786    1785    1996    2143    2306
    2815    3617    4171    5760    7190    9423   11741   15669   19662   24944
   29295   36599   43444   50949   55399   62912   69180   75971   75138   84274
   78270   79937   73097   71924   64832   60579   50629   46609   38382   32883
   25724   21276   16959   13635    9910    8244    5986    4915    3692    3098
    2550    2296    2065    1857    1871    1857    1595    1709    1696    1832
    1685    1780    1824    1764    1643    1731    1809    1791    1690    1876
    1814    1959    1837    2010    2047    2134    2115    2390    2607    2840
    3046    3408    3815    4278    4704    5626    6323    7460    7854    9000
    9573   10555   10655   11592   11799   11890   11283   11341   10761   10628
    9282    8973    7985    7393    6036    5623    4750    4394    3495    3406
    2796    2562    2270    2116    1982    1937    1742    1811    1746    1753
    1596    1647    1709    1760    1627    1714    1808    1779    1688    1715
    1792    1809    1717    1736    1780    1793    1698    1783    1792    1790
    1725    1807    1709    1802    1728    1725    1698    1673    1646    1724
    1762    1758    1621    1703    1767    1710    1645    1725    1738    1726
    1677    1674    1634    1748    1661    1735    1748    1815    1654    1796
    1773    1795    1798    1883    1742    1847    1808    1873    1811    1970
    1788    1983    1973    2054    2036    2135    2164    2308    2132    2342
    2334    2408    2313    2363    2462    2435    2264    2297    2243    2232
    2066    2104    1984    2063    1856    1859    1827    1753    1633    1627
    1693    1730    1518    1578    1569    1650    1494    1584    1620    1676
    1583    1643    1521    1617    1528    1607    1496    1535    1515    1507
    1598    1618    1521    1587    1667    1766    1555    1829    1836    1835
    1857    2028    2103    2294    2261    2522    2707    2773    2780    2902
    3060    3205    3073    2999    2997    3124    2760    2891    2698    2573
    2357    2343    2261    2157    1915    1950    1897    1740    1699    1734
    1644    1595    1582    1628    1540    1563    1546    1620    1551    1638
    1543    1567    1592    1600    1470    1535    1637    1546    1422    1438
    1484    1543    1468    1504    1586    1518    1379    1465    1464    1510
    1479    1544    1427    1479    1447    1496    1557    1480    1472    1437
    1529    1609    1479    1549    1425    1570    1384    1428    1465    1460
    1430    1501    1470    1462    1429    1507    1482    1529    1393    1552
    1509    1492    1476    1525    1551    1536    1505    1576    1578    1648
    1537    1619    1695    1623    1587    1644    1632    1723    1557    1723
    1661    1644    1547    1575    1598    1605    1455    1570    1501    1544
    1415    1461    1449    1483    1437    1422    1405    1495    1441    1395
    1463    1427    1393    1388    1419    1455    1365    1430    1357    1390
    1386    1402    1393    1431    1300    1396    1430    1455    1300    1495
    1405    1409    1367    1418    1491    1520    1359    1455    1474    1382
    1478    1428    1433    1382    1411    1407    1382    1444    1365    1418
    1496    1498    1380    1352    1433    1479    1408    1455    1517    1430
    1399    1484    1451    1452    1353    1435    1455    1482    1453    1542
    1517    1555    1434    1527    1541    1602    1545    1558    1632    1608
    1549    1655    1562    1677    1603    1721    1768    1690    1595    1629
    1551    1625    1575    1549    1573    1570    1498    1501    1518    1466
    1446    1379    1451    1455    1395    1486    1390    1481    1392    1428
    1460    1490    1343    1448    1511    1515    1408    1525    1408    1500
    1402    1474    1380    1467    1409    1453    1374    1432    1414    1397
    1396    1494    1376    1443    1484    1487    1409    1369    1486    1455
    1403    1466    1398    1485    1354    1408    1496    1528    1365    1453
    1419    1490    1410    1465    1455    1455    1364    1411    1368    1448
    1380    1444    1365    1488    1343    1426    1408    1502    1321    1437
    1387    1446    1412    1445    1441    1428    1354    1478    1433    1416
    1354    1459    1410    1426    1411    1414    1385    1457    1396    1374
    1358    1395    1432    1443    1496    1488    1490    1574    1559    1577
    1588    1698    1790    1940    1808    2130    2112    2380    2348    2591
    2863    2997    2945    3079    3229    3528    3306    3446    3562    3549
    3508    3682    3435    3376    3234    3137    3038    3000    2720    2610
    2547    2508    2139    2118    1990    1902    1782    1624    1643    1595
    1468    1482    1450    1370    1345    1316    1393    1381    1247    1315
    1345    1388    1314    1348    1310    1275    1282    1313    1341    1279
    1257    1397    1244    1361    1259    1295    1222    1309    1239    1276
    1324    1321    1203    1342    1315    1334    1297    1295    1374    1418
    1329    1385    1372    1417    1294    1403    1333    1394    1342    1379
    1451    1409    1312    1398    1462    1380    1340    1384    1361    1350
    1375    1377    1418    1340    1301    1354    1383    1312    1319    1377
    1354    1319    1264    1340    1313    1346    1285    1315    1275    1336
    1255    1337    1251    1318    1234    1266    1253    1291    1177    1229
    1225    1282    1205    1285    1232    1272    1180    1219    1307    1312
    1244    1305    1334    1336    1338    1396    1443    1399    1381    1441
    1477    1499    1500    1545    1580    1535    1625    1632    1603    1568
    1536    1513    1659    1565    1518    1504    1496    1490    1481    1454
    1358    1467    1364    1371    1353    1357    1281    1351    1294    1263
    1198    1275    1257    1272    1128    1185    1229    1226    1226    1182
    1121    1185    1210    1144    1137    1189    1103    1139    1166    1204
    1126    1176    1191    1237    1152    1175    1195    1219    1148    1179
    1143    1216    1138    1149    1188    1191    1113    1113    1160    1193
    1125    1163    1153    1253    1127    1214    1218    1226    1166    1205
    1368    1312    1255    1297    1278    1302    1304    1278    1446    1349
    1369    1326    1354    1344    1375    1294    1382    1293    1280    1347
    1340    1253    1221    1357    1188    1229    1195    1262    1178    1095
    1119    1122    1180    1207    1098    1034    1062    1099    1171    1018
    1063    1101     979    1041    1097    1077    1034    1104    1066    1145
    1060    1032    1018    1146    1041    1104    1093    1100    1030    1093
    1010    1053    1053    1089    1138    1045    1068    1075    1060    1085
    1045    1061    1121    1085    1025    1067    1113    1105    1034    1083
    1118    1100     976    1092    1066    1102    1074    1102    1044    1092
    1037    1029    1077    1075     994    1039    1124    1077     982    1039
    1053    1071    1034     936    1070    1086     986     967     997    1024
    1012    1046    1030    1020     976     968     977    1029     999     972
     984    1029    1059    1029     997    1014     979     924     972    1046
     930     959    1011    1008     997     906    1105     986     946     954
    1015    1013     934    1002    1031    1006     913     979     986     976
     963     997    1021    1045     972    1047    1042    1062    1010     976
    1043    1076    1045    1052    1034    1102    1056    1134    1148    1143
    1048    1130    1146    1078    1134    1118    1108    1164    1109    1125
    1134    1162    1013    1116    1043    1113     986    1048    1041    1074
    1003    1041    1051    1019     954    1034     941    1067     955     966
     996     971     901     943    1003     951     913     913     913     958
     888     975     956     932     915     972     924     955     935     922
     900     968     901     912     951     886     900     899     931     968
     938     908     968     935     921     916     972     902     893     894
     921     994     897     875     913    1016     952     944     932     965
     863     941     959     916     944     900     949     922     972     926
     948     920     870     920     995     930     913     919     954     966
     871     883     908     903     905     916     963     938     865     936
     914     929     823     854     911     908     866     863     894     858
     896     833     861     901     854     869     972     889     823     894
     921     878     853     942     912     869     892     836     856     894
     868     862     941     881     870     826     903     894     833     862
     899     898     872     847     891     906     892     867     921     881
     818     886     893     939     854     937     880     904     862     853
     865     906     831     925     893     925     929     943     912     915
     855     937     924    1010     916     946     919     911     898     858
     952     949     913     944     931     925     896     881    1011     937
     914     958     887     935     934     928    1000     975     906     979
     920     944     892     967     964     974     950     926     955    1031
     917     845    1099     987     903    1026     988    1027     930    1004
     982     985     996     967    1060    1026     988     993    1010     994
     994    1035     994    1050     939    1016    1016    1091     961    1045
    1044    1054    1093    1046    1162    1112    1077    1066    1147    1092
    1130    1138    1231    1148    1105    1181    1170    1230    1162    1164
    1252    1274    1258    1231    1236    1288    1214    1352    1343    1381
    1304    1361    1411    1420    1451    1469    1617    1617    1524    1557
    1605    1763    1673    1828    1808    1863    1835    1923    1987    2085
    2003    2118    2311    2293    2334    2365    2490    2618    2509    2756
    2838    2952    2947    2932    3225    3185    3348    3374    3841    3862
    3703    4043    4103    4288    4131    4376    4437    4576    4566    4599
    4904    5008    4883    5080    5157    5337    5215    5325    5457    5655
    5418    5327    5831    5661    5583    5602    5693    5781    5480    5402
    6143    5667    5227    5360    5508    5487    5261    5120    5189    5128
    4885    4832    4780    4645    4464    4437    4391    4214    4156    4047
    3946    3865    3622    3630    3582    3381    3195    3129    3151    3040
    2825    2728    2828    2636    2397    2458    2414    2463    2089    1997
    2109    2077    1873    1769    1729    1795    1620    1660    1581    1535
    1499    1462    1508    1436    1364    1327    1433    1405    1362    1367
    1422    1466    1477    1442    1697    1617    1588    1591    1757    1804
    1859    1869    2078    2202    2253    2247    2429    2506    2517    2597
    2774    2905    2776    2924    2929    3068    3041    3068    3056    3192
    2964    2913    2996    3006    2867    2629    2882    2605    2331    2409
    2285    2241    2090    1976    1868    1863    1673    1585    1502    1444
    1225    1253    1255    1145    1088    1010    1021     988     871     870
     881     873     799     842     859     806     789  430526
