$Informacoes da Fluorescencia de Raios-X:
"Sample    : AFR331",                                                                     
"Operator  : Americo",                                                                    
"Comment  : Ghana-Harvard",                                                               
"Group     : thiago_acra2010ma",                                                          
"Date       : 2010-11-10 07:13:04",                                                       
"",                                                                                       
"Mesurement Condition",                                                                   
"------------------------------------------------------------------------------------",   
"Instrument : 700HS2   Atmosphere : Vac.   Collimator : 10(mm)   Spin : No",              
"------------------------------------------------------------------------------------",   
"Analyte               TG kV   uA      FI Acq.(keV)  Anal.(keV)  Time(sec)     DT(%)",    
"------------------------------------------------------------------------------------",   
"Na                    Rh 50 1000-Auto Al  0 - 20    0.8 - 1.2   Live -  959   18",       
"Channel_info_start",                                                                     
"Channel : Na",                                                                           
"Points : 2048
"Range : 0.000000 - 20.480000",                                                           
"Step : 0.010000",                                                                        
"Channel_info_end",                                                                       
$DATA:
       0    2047
       0       0       0       0       0       0       0       0       0    2048
       0       0       0       0       0       0       0       0       0       0
       0       0       0       0       0       0       0       0       0       0
       0       0       0       0       0       0       1       5       5       8
      87     204     238     269     239     234     234     273     229     254
     247     262     267     248     246     235     236     271     234     275
     257     265     283     254     279     280     303     321     262     306
     318     326     322     372     403     488     366     468     410     432
     424     382     333     313     321     274     252     284     241     255
     268     279     266     285     303     324     320     351     350     392
     327     332     308     286     277     291     298     264     288     301
     269     329     301     355     342     346     287     323     321     292
     268     322     273     279     257     293     275     249     268     257
     249     257     305     289     291     297     316     344     285     290
     289     308     276     271     281     287     249     300     234     299
     335     424     469     672     667     832     890    1002    1028    1149
    1061    1093     991     922     780     741     673     647     529     513
     463     463     392     511     604     735     931    1326    1623    2377
    2593    3385    3667    4022    4117    4492    3895    3853    3152    2773
    2112    1811    1382    1075     844     727     518     461     445     452
     385     422     384     414     386     465     442     462     429     421
     482     428     425     452     416     432     354     375     321     348
     310     320     323     303     300     341     314     369     339     419
     445     589     689     812    1044    1369    1486    1905    2028    2400
    2409    2662    2435    2464    2286    2026    1863    1595    1230    1066
     813     782     619     622     558     564     538     559     557     670
     643     859    1061    1383    1699    2411    2817    3712    4312    5190
    5618    6407    6525    6950    6342    6412    5271    4954    3945    3352
    2481    2126    1515    1257     950     851     823     792     743     881
     880     949     932     919     863     912     757     784     674     604
     501     482     412     401     341     358     366     324     337     316
     358     360     311     326     324     328     354     322     315     411
     346     412     403     424     409     482     500     681     726    1085
    1314    1805    2440    3406    4310    5501    6492    8520    9396   11037
   11282   12130   12320   12373   11042   10954    8919    8223    6402    5387
    4117    3263    2183    1741    1257     965     802     688     618     712
     701     933    1053    1210    1441    1812    2034    2473    2873    3648
    4421    5567    6003    7442    8605   10057   10346   12177   12187   12774
   12007   12089   11330   10604    8766    7771    6468    5300    3758    3067
    2241    1681    1213     943     677     605     505     524     507     561
     559     604     704     865     990    1175    1283    1417    1547    1735
    1690    1836    1723    1800    1783    1708    1450    1386    1203    1065
     886     797     682     641     543     521     456     419     443     427
     415     445     418     421     411     462     414     455     445     458
     438     510     461     490     533     525     522     595     609     741
     784     981    1067    1245    1359    1654    1709    1933    2128    2192
    2199    2420    2220    2281    2014    1944    1808    1687    1433    1336
    1194    1190     974     993     879     837     797     821     833     804
     817     772     726     799     752     767     752     774     748     815
     824     878     780     927     886     897     881    1077     960     996
     981    1003    1017    1081    1042    1111    1013    1023     906     928
     923     909     837     890     761     885     825     821     768     786
     840     844     794     872     799     836     826     905     790     843
     855     849     872     877     875     918     834    1026     936     986
     913     996    1000    1044     996    1095    1077    1146    1146    1207
    1148    1204    1123    1270    1172    1223    1167    1243    1079    1203
    1112    1119    1057    1110    1139    1143    1094    1176    1113    1197
    1116    1129    1138    1144    1172    1211    1135    1210    1198    1216
    1173    1280    1258    1257    1180    1427    1266    1342    1317    1453
    1422    1569    1484    1581    1590    1689    1619    1824    1734    1859
    1718    1912    1739    1848    1754    1715    1618    1617    1561    1544
    1527    1575    1507    1585    1543    1552    1452    1577    1577    1588
    1451    1586    1458    1614    1665    1671    1747    1720    1714    1982
    2075    2512    2618    3234    3810    4867    5554    7187    8835   11279
   12905   15866   18658   22068   23674   27152   29534   31964   32547   36473
   33779   34435   31285   30680   27856   26116   22302   20284   16737   14634
   11587    9952    7784    6638    5124    4594    3582    3087    2610    2433
    2225    2071    2024    2027    2014    1941    1885    1933    1917    1949
    1924    1983    1983    2035    1840    1918    1958    2009    1899    1938
    1997    2015    1945    2112    2085    2225    2149    2413    2347    2519
    2421    2796    2827    3177    3232    3569    3969    4305    4444    4943
    5228    5676    5548    6130    6201    6304    5956    5917    5734    5718
    5055    5025    4571    4330    3746    3494    3261    3116    2672    2753
    2359    2426    2144    2251    2166    2083    1945    2101    2036    2037
    1954    2082    2085    2136    1946    1991    2169    2183    1936    2090
    2159    2129    2066    2128    2068    2167    2115    2205    2142    2117
    2009    2126    2110    2128    1968    2085    2027    2019    1923    2035
    2163    2027    2017    2032    2072    1982    1983    2051    2107    2122
    2051    2084    2075    2136    2077    2101    2049    2098    2066    2097
    2106    2142    2070    2174    2095    2204    2118    2223    2126    2217
    2114    2322    2322    2404    2270    2435    2484    2619    2562    2637
    2804    2764    2547    2865    2719    2787    2514    2675    2548    2551
    2407    2405    2260    2327    2043    2159    2053    2130    1982    1884
    1935    2034    1827    1923    1991    1974    1828    1870    1810    1880
    1748    1926    1824    1921    1857    1898    1767    1894    1844    1876
    1770    1868    1852    1916    1893    1937    1946    2077    2046    2251
    2124    2393    2472    2808    2655    2869    3023    3309    3212    3453
    3445    3588    3612    3554    3520    3534    3290    3321    3088    2911
    2767    2764    2662    2558    2321    2182    2101    2133    1949    2017
    1897    1961    1786    1847    1891    1845    1747    1843    1797    1899
    1730    1806    1813    1893    1728    1815    1862    1848    1663    1795
    1746    1837    1714    1815    1684    1810    1700    1763    1748    1784
    1664    1750    1738    1858    1689    1697    1793    1707    1654    1782
    1686    1765    1665    1784    1707    1799    1687    1767    1720    1763
    1726    1724    1670    1810    1654    1716    1705    1699    1646    1703
    1717    1808    1713    1722    1771    1825    1683    1779    1924    1808
    1807    1900    1893    2041    1855    1913    1891    1935    1871    1845
    2004    1910    1808    1724    1827    1875    1718    1800    1753    1828
    1626    1548    1783    1733    1605    1775    1598    1769    1689    1631
    1686    1827    1630    1674    1656    1723    1606    1656    1675    1685
    1698    1617    1688    1659    1567    1679    1632    1680    1586    1622
    1683    1698    1653    1675    1618    1704    1630    1670    1720    1655
    1630    1651    1644    1678    1575    1712    1679    1693    1643    1652
    1588    1707    1555    1707    1604    1694    1671    1679    1679    1679
    1624    1692    1736    1703    1662    1801    1697    1741    1641    1910
    1725    1790    1715    1773    1805    1969    1724    1900    1860    1925
    1842    1960    1918    1907    1814    1971    1907    1959    1815    1913
    1944    1863    1822    1893    1790    1877    1718    1767    1717    1835
    1672    1772    1675    1712    1663    1678    1671    1692    1625    1721
    1676    1749    1678    1714    1673    1747    1616    1778    1752    1713
    1644    1728    1690    1743    1666    1740    1651    1721    1686    1708
    1673    1805    1594    1702    1710    1727    1713    1750    1647    1760
    1626    1709    1671    1735    1692    1813    1745    1741    1693    1703
    1730    1700    1680    1701    1754    1801    1713    1765    1701    1822
    1623    1745    1715    1702    1695    1717    1618    1770    1641    1719
    1704    1768    1673    1620    1723    1625    1712    1615    1672    1710
    1606    1792    1703    1640    1604    1668    1729    1735    1710    1638
    1696    1720    1617    1615    1729    1727    1670    1748    1627    1664
    1639    1620    1714    1676    1645    1839    1659    1783    1750    1745
    1689    1778    1807    1814    1832    1837    1827    1808    1803    1846
    1734    1959    1833    1888    1776    1827    1809    1840    1705    1840
    1635    1681    1692    1616    1615    1635    1640    1611    1629    1622
    1535    1553    1547    1509    1600    1595    1578    1585    1505    1641
    1582    1584    1517    1669    1621    1612    1421    1589    1576    1594
    1562    1594    1596    1585    1458    1554    1587    1637    1482    1565
    1547    1558    1515    1569    1602    1654    1585    1482    1713    1563
    1549    1615    1658    1723    1602    1603    1668    1670    1599    1638
    1644    1677    1613    1665    1627    1737    1619    1568    1598    1697
    1521    1611    1573    1625    1498    1547    1543    1558    1554    1578
    1566    1528    1439    1493    1467    1539    1495    1496    1378    1469
    1426    1505    1481    1492    1418    1527    1483    1536    1423    1463
    1529    1381    1419    1561    1508    1488    1456    1521    1459    1519
    1470    1437    1494    1536    1482    1495    1477    1445    1456    1462
    1473    1558    1481    1480    1457    1563    1433    1468    1507    1554
    1457    1582    1505    1570    1420    1551    1456    1501    1504    1551
    1482    1524    1444    1443    1522    1518    1364    1528    1459    1498
    1372    1520    1515    1423    1406    1445    1497    1466    1410    1431
    1422    1465    1356    1400    1366    1426    1400    1411    1373    1487
    1334    1462    1423    1487    1353    1339    1417    1373    1374    1432
    1365    1414    1365    1377    1394    1390    1381    1332    1405    1361
    1369    1320    1401    1409    1479    1441    1390    1494    1377    1361
    1460    1403    1425    1415    1397    1504    1414    1427    1532    1532
    1391    1392    1442    1527    1400    1426    1426    1421    1357    1428
    1420    1406    1399    1391    1345    1375    1342    1390    1225    1405
    1309    1336    1353    1330    1296    1304    1348    1318    1329    1329
    1347    1364    1281    1233    1341    1253    1231    1321    1337    1390
    1278    1291    1306    1299    1249    1268    1292    1309    1207    1283
    1300    1259    1227    1252    1341    1242    1259    1227    1300    1319
    1235    1291    1386    1284    1273    1316    1275    1237    1266    1291
    1181    1192    1237    1252    1249    1332    1257    1309    1257    1255
    1199    1228    1209    1230    1213    1271    1285    1327    1216    1265
    1209    1303    1148    1188    1333    1247    1149    1196    1248    1213
    1196    1275    1272    1285    1165    1216    1165    1200    1148    1257
    1210    1176    1224    1201    1263    1227    1189    1169    1195    1201
    1184    1206    1230    1227    1158    1096    1278    1236    1173    1185
    1177    1160    1094    1136    1247    1278    1147    1187    1206    1228
    1124    1223    1110    1167    1104    1163    1183    1244    1124    1158
    1231    1230    1144    1249    1263    1200    1239    1124    1188    1236
    1133    1251    1148    1206    1185    1183    1246    1195    1135    1249
    1163    1179    1083    1157    1214    1188    1111    1202    1261    1154
    1047    1174    1201    1192    1135    1111    1230    1237    1174    1172
    1114    1115    1095    1168    1123    1150    1128    1129    1183    1161
    1069    1095    1121    1133    1139    1168    1118    1164    1097    1164
    1168    1107    1047    1163    1082    1100    1099    1079    1108    1160
    1103    1073    1086    1130    1050    1136    1041    1055    1065    1077
    1083    1077    1089    1133    1154    1148    1130    1148    1144    1165
    1045    1086    1101    1038    1124    1096    1076    1146    1088    1094
    1167    1159    1056    1134    1145    1162    1024    1161    1085    1035
    1119    1120    1065    1110    1067    1115    1026    1079    1054    1113
    1039    1101    1120    1093    1181    1126    1089    1091    1133    1091
    1073    1064    1111    1109    1032    1129    1096    1078    1059    1066
    1087    1109    1041    1060    1066    1105    1073    1084    1047    1071
    1021    1058    1131    1053    1054    1077    1109    1103    1024    1102
    1094    1097    1038    1070    1088    1116    1075    1086    1174    1163
    1025    1047    1073    1067    1105    1006    1106    1106    1046    1066
    1024    1146    1147    1126    1108    1084    1089    1060    1054    1116
    1038    1028    1150    1162    1165    1041    1099    1099    1144    1080
    1189    1107    1035    1146    1101    1127    1076    1053    1202    1156
    1096    1088    1154    1170    1121    1140    1184    1172    1104    1158
    1170    1167    1151    1124    1144    1205    1125    1120    1159    1133
    1177    1108    1311    1172    1073    1178    1228    1139    1214    1159
    1185    1170    1133    1163    1238    1230    1147    1184    1238    1242
    1176    1322    1319    1245    1236    1246    1280    1303    1253    1239
    1279    1331    1337    1323    1276    1337    1312    1354    1388    1409
    1303    1329    1401    1441    1360    1293    1479    1448    1404    1451
    1493    1481    1428    1540    1598    1543    1529    1581    1667    1642
    1624    1660    1758    1767    1744    1783    1906    1864    1861    1931
    1924    2080    2008    2107    2207    2268    2267    2302    2430    2560
    2484    2655    2736    2871    2756    2884    2993    3159    3164    3261
    3512    3760    3553    3841    3948    4115    4106    4128    4694    4662
    4550    4716    4803    5274    5169    5358    5557    5673    5559    5693
    6061    6317    6038    6169    6476    6524    6437    6625    6901    6946
    6494    6734    6999    7035    6720    6954    7098    7085    6806    6513
    7526    6846    6629    6686    6815    6859    6344    6478    6480    6556
    5974    6022    5901    5915    5485    5454    5423    5496    4979    4961
    4967    4815    4307    4462    4429    4327    3977    3920    3847    3635
    3614    3444    3412    3319    2959    2924    2927    2938    2634    2510
    2442    2395    2289    2282    2232    2095    2065    1955    1987    1864
    1750    1848    1766    1879    1697    1696    1749    1725    1596    1668
    1761    1741    1660    1761    1964    1902    1815    2000    2101    2221
    2085    2323    2455    2592    2545    2702    2850    2928    2915    3091
    3303    3390    3280    3349    3472    3615    3590    3546    3757    3536
    3440    3522    3565    3495    3363    3075    3478    3061    2865    2812
    2727    2628    2472    2281    2236    2058    1905    1757    1663    1655
    1546    1440    1398    1401    1190    1202    1219    1163    1084     995
    1054     977     962     975    1012    1008     995  520830
