$Informacoes da Fluorescencia de Raios-X:
"Sample    : AFR-388",                                                                    
"Operator  : thiago",                                                                     
"Comment  : ",                                                                            
"Group     : thiago_acra2010ma",                                                          
"Date       : 2010-11-11 06:03:30",                                                       
"",                                                                                       
"Mesurement Condition",                                                                   
"------------------------------------------------------------------------------------",   
"Instrument : 700HS2   Atmosphere : Vac.   Collimator : 10(mm)   Spin : No",              
"------------------------------------------------------------------------------------",   
"Analyte               TG kV   uA      FI Acq.(keV)  Anal.(keV)  Time(sec)     DT(%)",    
"------------------------------------------------------------------------------------",   
"Na                    Rh 50 1000-Auto Al  0 - 20    0.8 - 1.2   Live -  959    6",       
"Channel_info_start",                                                                     
"Channel : Na",                                                                           
"Points : 2048
"Range : 0.000000 - 20.480000",                                                           
"Step : 0.010000",                                                                        
"Channel_info_end",                                                                       
$DATA:
       0    2047
       0       0       0       0       0       0       0       0       0    2048
       0       0       0       0       0       0       0       0       0       0
       0       0       0       0       0       0       0       0       0       0
       0       0       0       0       0       0       0       0       2       3
      55     105      91     120      93     124      89     104     104      96
     100     105      98     101     107     105     108      95     107     110
     102     109     106      95     105     110     117     140     118     132
     126     143     191     215     196     270     247     265     253     271
     302     227     196     167     152     147     130     117      86     110
      94      92      99     104     100     103      79      98      87     104
      88      95     104      77     107      84      92      97      80      91
      88      86      96     104      96     104     107      97     102     110
      94     107     102     100     111     102      87     116     102      98
     104     107     103     127     102     111     100     106     112      98
      81     103     106      84      93      82      88     110     107     100
      89     104      93     117     103     118     121     141     134     117
     127     115     119     144     109     115      96     100      83      89
      91     115      87     114     102     110      88      97      99     128
     121     122     128     132     141     142     131     150     126     130
     121     117     111      85      89      92      92      79      89      88
      81      74      85      72      89      81      86      91      85      79
      78      93      89      97      90      78      62      78      73      81
      88      77      83      67      69      66      73      79      75      77
      85      99      96      95      93     129     105     137     129     151
     156     172     149     159     160     129     114     122     104     101
      83      86      71      93      87      87      68      90      69      75
      90      83      74      79      79     111      90     113     131     144
     154     161     155     151     162     176     166     172     157     151
     145     139     124     128     114      91      94      87     128     105
     129     128     101     119     120     106      99     118     114     102
     100      77      82     120     107      86      78      92      86      76
      82      94      79      79      63      69      80      76      83      91
      85      79      84      86      88      91      83      78      99     111
     113     116     115     136     134     176     161     189     223     249
     230     277     230     245     249     269     205     237     194     179
     155     137     116     127     112     104      89      99      79      96
      88      95      96     109     103     123     122     151     134     138
     124     166     182     220     213     223     255     248     259     237
     241     242     245     263     205     214     194     197     158     179
     146     139     125     139     120     139     127     156     115     133
     137     120     130     134     115     143     149     153     146     158
     160     170     156     182     170     190     144     167     160     171
     163     162     171     192     174     185     163     175     150     187
     192     183     201     180     175     208     177     179     199     210
     205     215     193     185     188     199     245     222     191     215
     214     234     220     243     210     227     246     263     235     251
     232     274     249     250     238     281     224     273     277     291
     262     266     246     289     271     318     248     283     319     305
     269     287     312     315     314     314     293     355     324     352
     329     342     322     340     314     352     296     344     314     316
     300     320     361     365     319     351     333     348     318     347
     347     359     326     337     306     330     304     365     332     325
     354     405     317     333     314     357     345     348     337     386
     327     364     341     373     362     403     364     443     392     445
     397     405     395     431     446     446     462     520     460     524
     512     575     441     532     498     513     499     516     515     490
     489     524     498     563     533     504     463     502     480     486
     515     503     494     491     538     503     503     517     512     535
     543     513     516     599     511     558     553     577     530     581
     589     626     609     583     571     576     518     613     592     662
     569     636     599     608     568     628     567     659     648     649
     640     602     604     639     650     628     637     699     671     653
     580     694     683     699     649     656     679     722     682     683
     727     709     685     749     737     796     758     804     789     911
     899     965     992    1104    1102    1184    1255    1219    1237    1463
    1279    1301    1233    1375    1220    1208    1116    1167    1038    1066
     972     925     908     936     778     905     826     838     772     851
     841     852     767     841     848     838     795     809     849     841
     797     884     862     898     776     829     806     880     829     844
     833     872     829     898     905     869     873     863     868     870
     812     886     892     936     850     931     932     937     911     956
     947     954     910    1014    1028     994     928     953     945     945
     935     995     970     881     910     956     923     936     856     931
     969     930     870     891     955     938     850     899     887     910
     885     908     982     922     890     841     928     968     813     912
     903     909     905     944     887     924     857     900     875     943
     902     913     914     951     893     906     852     922     875     945
     864     905     877     907     903     977     873     893     954     907
     886     967     914     938     919     948     937     946     912     969
     974     950     938     943     891     960     905    1019     934    1032
     971    1039    1025    1046    1063    1130    1173    1115    1140    1212
    1219    1290    1154    1240    1197    1159    1149    1205    1136    1126
    1024    1131    1054    1025     970    1020     917     951     908     848
     808     921     767     780     832     865     830     848     854     857
     802     872     821     864     788     890     809     838     773     842
     768     852     829     780     791     795     778     814     776     928
     810     839     844     908     836     904     917     971     889     943
     896    1007     944     920     997     899     884     949     879     936
     888     920     874     886     833     822     846     778     783     817
     806     829     778     812     809     812     797     806     764     861
     822     800     780     854     757     810     825     786     782     824
     719     822     782     753     776     777     733     755     764     752
     735     807     729     778     763     730     738     760     726     752
     757     787     746     769     700     746     747     786     760     780
     749     776     712     732     719     787     778     746     746     743
     755     738     740     732     779     782     705     778     748     784
     719     724     755     776     754     794     750     766     739     738
     802     731     705     759     713     778     702     729     710     723
     687     739     708     782     747     797     738     713     700     705
     709     723     753     697     742     718     682     729     724     724
     682     695     709     767     747     796     726     749     665     710
     706     717     693     728     684     773     650     705     762     734
     726     720     710     747     704     726     758     760     656     738
     730     753     721     777     698     793     696     684     727     789
     690     758     707     717     647     733     753     779     694     777
     713     759     736     763     746     799     678     758     773     739
     743     746     738     777     776     764     766     769     734     730
     696     822     705     746     750     746     694     786     773     760
     706     746     702     759     726     777     724     787     745     712
     794     794     730     759     708     758     773     830     743     801
     758     742     756     719     698     797     710     749     703     766
     750     752     777     770     737     759     771     767     762     773
     732     719     780     754     717     807     708     789     701     708
     770     772     721     787     726     759     740     737     724     791
     740     775     749     803     739     777     699     745     731     694
     714     746     718     697     670     736     722     766     753     711
     711     789     697     746     730     779     730     746     728     720
     812     746     743     734     712     750     673     750     714     748
     725     714     779     710     728     732     740     671     688     693
     716     726     659     673     735     785     677     742     721     743
     685     751     686     723     684     713     690     762     662     686
     672     778     626     715     681     706     681     652     682     703
     693     678     729     714     667     698     747     759     667     689
     663     682     652     714     696     731     667     671     723     714
     618     688     719     691     700     696     727     714     631     636
     686     686     674     649     688     654     650     681     698     700
     643     652     673     685     671     676     656     724     636     682
     655     711     645     666     656     682     690     686     696     644
     660     626     671     664     631     639     627     663     640     640
     682     672     646     685     611     644     678     667     652     600
     630     672     664     642     630     658     590     684     624     624
     651     645     633     655     600     631     619     651     643     648
     609     636     674     613     631     663     626     641     639     648
     637     645     564     641     642     667     587     650     638     696
     555     620     639     627     661     632     656     669     595     685
     615     586     622     638     636     638     602     625     575     671
     603     630     626     679     599     637     621     636     639     621
     590     642     586     642     578     602     637     632     600     642
     611     601     623     649     587     627     702     632     603     590
     580     629     662     575     584     604     583     586     581     615
     575     627     593     630     550     607     594     600     622     571
     587     631     570     635     566     608     530     613     637     651
     554     588     622     579     572     620     583     598     560     593
     567     585     555     591     626     584     546     600     602     558
     555     614     630     607     568     574     581     616     582     591
     601     616     586     586     538     558     580     587     609     605
     549     571     576     569     558     585     568     564     585     552
     597     559     533     515     554     582     518     587     556     572
     517     581     568     576     517     591     532     603     552     553
     531     545     507     530     521     538     546     566     524     577
     503     539     614     567     492     541     562     526     528     564
     551     552     509     544     594     563     512     520     496     569
     536     504     517     529     483     530     554     509     560     560
     531     526     511     549     519     559     503     521     471     524
     516     518     550     538     497     499     573     492     482     495
     511     475     534     493     505     516     510     489     546     530
     524     526     504     534     493     538     525     524     494     491
     526     517     525     518     505     541     498     500     510     531
     514     482     534     505     525     495     524     498     464     525
     532     488     477     531     530     493     503     494     463     572
     487     472     510     477     469     545     491     495     460     497
     529     502     484     514     492     555     544     504     501     507
     501     488     483     523     471     521     485     498     469     486
     486     492     449     486     507     511     489     505     479     508
     458     475     533     497     452     500     455     528     481     479
     468     500     458     520     463     497     479     528     488     507
     484     486     492     478     463     465     491     485     463     499
     484     492     500     492     501     499     473     491     493     483
     499     470     453     489     459     454     501     521     445     493
     435     479     476     449     470     458     499     482     487     519
     439     472     510     491     498     497     525     526     457     474
     456     497     454     457     499     485     487     470     470     454
     475     512     476     518     461     488     460     440     486     478
     515     492     469     448     519     482     467     479     496     486
     437     506     486     516     477     489     475     498     482     485
     464     469     481     483     501     524     455     460     542     474
     478     485     538     494     454     523     516     492     487     473
     484     506     483     468     479     506     468     452     491     501
     472     509     483     516     488     513     492     505     467     480
     547     493     530     477     524     500     514     482     549     512
     471     492     530     555     503     561     528     536     511     546
     530     496     514     506     510     564     498     549     571     551
     529     544     547     537     562     579     592     601     506     543
     553     569     548     616     605     606     574     600     628     601
     587     640     640     600     587     597     577     672     619     704
     645     691     631     673     647     707     713     704     733     737
     704     739     788     827     776     816     830     808     846     860
     864     914     863     965     916    1032     908    1062    1037    1123
    1072    1223    1235    1266    1273    1261    1313    1464    1400    1473
    1611    1574    1591    1595    1762    1842    1770    1792    2069    2116
    2018    2128    2164    2260    2284    2301    2341    2535    2416    2639
    2598    2734    2706    2684    2890    2861    2789    2845    2991    3008
    2936    3020    3102    3179    3091    2984    3130    3072    3028    3061
    3320    3106    3027    3127    2994    3019    2878    2894    2862    2842
    2691    2809    2825    2616    2551    2484    2440    2518    2219    2347
    2317    2158    1977    2022    2091    1902    1799    1748    1736    1730
    1549    1508    1566    1483    1338    1324    1270    1313    1194    1227
    1143    1090     993    1007     977     972     952     898     881     878
     771     815     839     834     768     738     774     760     763     796
     807     802     824     840     953     946     912     969    1019    1064
    1062    1145    1170    1268    1271    1294    1425    1476    1401    1476
    1525    1602    1448    1615    1647    1632    1628    1570    1668    1607
    1525    1554    1474    1498    1347    1279    1357    1233    1184    1124
    1088     969     890     922     867     831     786     686     693     676
     559     548     574     516     510     519     490     441     465     404
     482     452     428     407     446     432     461  228298
