$Informacoes da Fluorescencia de Raios-X:
"Sample    : AFR338",                                                                     
"Operator  : Americo",                                                                    
"Comment  : Ghana-Harvard",                                                               
"Group     : thiago_acra2010ma",                                                          
"Date       : 2010-11-10 11:14:22",                                                       
"",                                                                                       
"Mesurement Condition",                                                                   
"------------------------------------------------------------------------------------",   
"Instrument : 700HS2   Atmosphere : Vac.   Collimator : 10(mm)   Spin : No",              
"------------------------------------------------------------------------------------",   
"Analyte               TG kV   uA      FI Acq.(keV)  Anal.(keV)  Time(sec)     DT(%)",    
"------------------------------------------------------------------------------------",   
"Na                    Rh 50 1000-Auto Al  0 - 20    0.8 - 1.2   Live -  959   18",       
"Channel_info_start",                                                                     
"Channel : Na",                                                                           
"Points : 2048
"Range : 0.000000 - 20.480000",                                                           
"Step : 0.010000",                                                                        
"Channel_info_end",                                                                       
$DATA:
       0    2047
       0       0       0       0       0       0       0       0       0    2048
       0       0       0       0       0       0       0       0       0       0
       0       0       0       0       0       0       0       0       0       0
       0       0       0       0       0       0       0       0       5      11
     100     216     218     248     221     214     232     220     224     235
     233     240     215     218     239     223     223     249     231     233
     225     260     253     249     263     302     281     283     266     274
     309     334     312     364     353     382     320     387     368     421
     366     374     355     303     300     279     278     229     232     253
     232     258     273     295     288     323     340     363     358     358
     350     355     287     332     309     292     273     248     281     310
     252     320     337     300     317     352     337     366     340     336
     300     294     273     255     265     241     246     235     265     279
     290     314     286     354     353     347     345     400     326     372
     308     317     307     289     322     292     283     324     344     396
     478     661     743    1094    1222    1596    1782    1960    2027    2224
    2067    2178    1907    1785    1534    1359    1070     959     743     662
     596     635     613     782    1033    1439    1902    2909    3750    5112
    6077    7284    8046    9160    9038    9735    8644    8275    7181    6390
    5119    4092    2970    2387    1817    1320    1009     819     672     648
     536     541     511     499     482     585     508     550     529     542
     484     546     451     468     465     435     378     413     403     396
     372     369     292     358     349     410     399     471     426     521
     579     709     884    1063    1265    1658    1885    2300    2582    2948
    3006    3301    3142    3085    2778    2670    2097    1909    1521    1368
    1063     933     799     692     681     691     596     643     704     812
     863    1124    1397    1950    2389    3467    4000    5265    5822    7182
    7999    8840    8784    9416    8772    8555    7418    6754    5541    4810
    3607    3134    2139    1819    1297    1271    1097    1069    1034    1095
    1192    1166    1132    1159    1105    1096     910     899     720     697
     586     530     446     451     386     348     332     356     303     319
     281     297     315     311     342     345     314     326     374     360
     320     367     367     403     423     459     546     630     746    1042
    1327    1820    2330    3159    3938    5236    6121    7600    8534    9772
    9999   10762   10938   11034   10102    9805    8152    7489    5953    5090
    3892    3114    2282    1783    1282    1008     761     715     644     709
     753     939    1040    1278    1472    1844    2299    2998    3583    4645
    5698    7126    8177   10430   11912   14118   14676   17220   17271   18524
   17662   17533   16444   15336   12786   11631    9407    7811    6012    4632
    3471    2538    1750    1394     980     732     605     595     533     620
     701     850     907    1105    1243    1543    1625    1996    2093    2418
    2270    2544    2478    2477    2328    2240    1925    1712    1573    1377
    1141     979     774     724     608     509     508     480     390     431
     346     419     361     384     375     400     391     390     408     442
     413     496     414     469     479     536     599     697     736     975
    1102    1399    1692    2008    2373    2751    3120    3646    3828    4229
    4121    4294    4208    4289    3874    3795    3324    2989    2543    2288
    2056    1650    1415    1298    1102    1044     937     862     839     833
     801     764     794     738     681     673     746     787     732     795
     763     891     903     951     945    1010     982    1194    1165    1239
    1196    1252    1328    1345    1301    1292    1265    1301    1111    1110
    1046     962     864     860     869     845     806     800     785     735
     729     748     662     756     671     748     753     769     741     822
     762     767     766     800     772     890     829     871     798     911
     853     916     919     959     954    1030     994    1046    1076    1113
    1048    1106    1113    1202    1122    1060    1103    1104    1065    1095
    1019    1040     971    1063     948     995    1058    1027     968    1028
    1072    1067     977    1013     974    1061    1069    1127    1051    1109
    1041    1109    1099    1155    1177    1193    1158    1232    1250    1305
    1459    1517    1477    1718    1673    1777    1771    1928    1881    1937
    1950    1992    1845    1894    1771    1857    1673    1663    1500    1557
    1537    1448    1424    1386    1369    1356    1334    1456    1422    1452
    1351    1444    1513    1544    1454    1615    1593    1878    1840    2075
    2449    2874    3289    4550    5506    7442    8911   11929   14987   19024
   22404   27540   32532   38541   41614   47844   52414   57101   56735   64112
   58430   61015   55640   54777   49409   46155   38957   35851   29501   25987
   20180   17094   13429   10808    8161    6787    4978    4060    3172    2652
    2401    2131    1948    1829    1746    1711    1646    1632    1665    1719
    1643    1664    1649    1697    1652    1711    1770    1832    1637    1740
    1826    1788    1790    1884    1940    1917    1969    2189    2254    2479
    2592    2878    3214    3761    3973    4538    5069    5877    6308    7058
    7638    8414    8299    9092    9278    9607    8763    9004    8575    8194
    7329    7199    6370    5896    5034    4602    4160    3730    3236    2898
    2464    2383    2052    2000    1915    1857    1740    1739    1730    1634
    1686    1723    1763    1790    1600    1708    1712    1771    1599    1728
    1712    1792    1726    1689    1812    1878    1680    1769    1784    1757
    1767    1724    1680    1750    1628    1658    1668    1804    1555    1689
    1729    1685    1717    1704    1708    1728    1714    1669    1715    1755
    1647    1681    1634    1738    1626    1867    1650    1742    1613    1762
    1768    1753    1694    1781    1751    1768    1745    1795    1829    1846
    1819    1887    1922    1992    1922    2013    2089    2194    2175    2303
    2213    2416    2279    2347    2185    2350    2211    2357    2170    2191
    2004    2080    1912    1958    1790    1827    1707    1780    1584    1710
    1657    1658    1519    1550    1610    1639    1530    1546    1528    1599
    1502    1542    1550    1633    1491    1544    1469    1631    1565    1583
    1503    1659    1513    1632    1598    1654    1674    1713    1723    1859
    1782    1979    2073    2277    2219    2413    2532    2678    2637    2775
    2768    3050    2889    2902    2958    2892    2703    2711    2596    2489
    2393    2332    2150    2177    1856    1800    1744    1790    1705    1622
    1525    1698    1613    1562    1588    1680    1479    1563    1586    1584
    1517    1594    1478    1545    1532    1550    1593    1567    1435    1423
    1459    1534    1411    1428    1468    1480    1394    1431    1476    1502
    1408    1541    1480    1435    1418    1408    1405    1414    1437    1498
    1496    1489    1444    1502    1467    1474    1433    1426    1471    1486
    1428    1415    1461    1434    1455    1476    1503    1474    1382    1434
    1392    1505    1407    1497    1447    1600    1459    1589    1531    1570
    1541    1587    1634    1647    1557    1646    1601    1648    1563    1576
    1602    1579    1561    1582    1519    1576    1477    1520    1426    1557
    1344    1465    1367    1459    1429    1433    1393    1507    1330    1389
    1406    1408    1429    1383    1354    1484    1317    1396    1366    1456
    1339    1394    1481    1366    1335    1458    1340    1414    1340    1388
    1420    1468    1308    1356    1364    1431    1364    1394    1404    1404
    1380    1449    1341    1450    1427    1376    1416    1363    1363    1302
    1426    1409    1373    1421    1422    1397    1367    1387    1444    1472
    1281    1395    1330    1419    1334    1335    1363    1362    1396    1431
    1402    1441    1389    1412    1415    1471    1438    1455    1444    1468
    1405    1473    1487    1469    1471    1509    1502    1436    1447    1474
    1374    1510    1397    1454    1481    1450    1384    1507    1421    1427
    1329    1457    1398    1544    1352    1487    1447    1442    1477    1366
    1454    1468    1326    1431    1404    1437    1339    1476    1411    1465
    1437    1429    1391    1393    1339    1418    1367    1392    1358    1502
    1406    1442    1348    1437    1334    1454    1341    1471    1425    1475
    1453    1415    1445    1450    1357    1410    1389    1390    1425    1437
    1365    1387    1364    1437    1382    1460    1417    1405    1417    1440
    1385    1465    1404    1439    1410    1473    1500    1348    1377    1415
    1402    1417    1278    1395    1400    1369    1377    1405    1395    1361
    1361    1457    1302    1373    1367    1303    1355    1361    1318    1340
    1386    1374    1382    1327    1374    1381    1351    1377    1304    1470
    1408    1375    1371    1458    1390    1386    1434    1531    1323    1416
    1435    1511    1478    1582    1562    1559    1484    1547    1555    1588
    1547    1543    1555    1599    1429    1510    1472    1465    1407    1575
    1399    1481    1375    1357    1360    1374    1288    1349    1336    1386
    1290    1293    1251    1349    1264    1299    1322    1315    1264    1238
    1278    1360    1295    1314    1291    1288    1280    1283    1260    1262
    1295    1316    1250    1337    1297    1222    1187    1299    1211    1273
    1311    1284    1235    1318    1284    1322    1282    1299    1337    1264
    1234    1243    1276    1390    1229    1288    1280    1258    1236    1323
    1262    1325    1325    1379    1329    1256    1325    1340    1281    1279
    1271    1306    1323    1219    1272    1280    1346    1271    1191    1340
    1329    1297    1200    1258    1198    1290    1198    1203    1180    1264
    1188    1256    1252    1267    1170    1132    1258    1234    1200    1189
    1204    1289    1130    1258    1260    1267    1167    1219    1217    1217
    1132    1223    1246    1223    1174    1233    1216    1253    1223    1241
    1268    1316    1195    1297    1304    1330    1230    1297    1281    1269
    1280    1270    1274    1322    1281    1239    1350    1272    1224    1259
    1277    1229    1236    1216    1193    1270    1074    1218    1195    1222
    1133    1182    1187    1251    1196    1105    1154    1177    1148    1198
    1166    1199    1109    1099    1137    1127    1066    1121    1108    1204
    1145    1157    1122    1140    1145    1125    1137    1141    1130    1139
    1146    1121    1125    1106    1122    1141    1154    1130    1062    1190
    1167    1157    1136    1202    1098    1196    1175    1209    1176    1175
    1213    1211    1129    1159    1313    1235    1172    1209    1355    1309
    1222    1259    1254    1298    1161    1274    1236    1316    1138    1191
    1236    1198    1152    1282    1130    1215    1138    1163    1138    1148
    1048    1051    1145    1110    1037    1076    1103    1130    1053    1124
    1151    1038    1033    1106    1048    1081    1053    1090    1099    1107
    1017    1074    1103    1053    1035    1077    1041    1057    1030    1068
    1029    1072    1037    1035    1022    1041    1000    1090    1031    1075
     985    1077    1079    1041    1011    1078    1033    1057    1064    1106
     979    1102    1052    1066    1033    1030    1017    1040    1074    1070
     975     995    1069    1057     973    1003    1048    1059     994    1003
    1076    1001    1064    1037    1074    1048     996    1017    1008    1031
    1024     969    1037    1088     970    1029     990     971     998    1025
    1031    1011     954     982     975     995     918     936     928     940
     935     983    1010     949     934     945    1092    1018     969     920
    1004     965     892    1000     926     975    1005     943     975     986
     908    1061     957     991     989    1001    1003    1034    1012    1045
    1041    1005     953     971    1056    1073    1062    1109    1081    1102
    1009    1125    1026    1109    1041    1099    1062    1081     993    1067
    1057    1061    1002    1005    1045    1058     996    1034    1016     994
     994     959    1003    1016     969     941     984     931     906     862
     950     924     905     931     937     946     877     919     958     945
     890     896     950     910     872     922     902     909     914     893
     957     931     871     892     976     940     884     927     903     904
     916     907     907     947     892     898     909     953     881     864
     904     976     836     936     848     952     888     893     936     909
     873     900    1011     893     871     941     900    1029     918     931
     948     909     944     896     938     909     871     939     919     877
     849     946     925     941     829     931     912     966     875     908
     927     894     836     886     862     858     874     876     844     887
     848     890     939     888     862     825     951     886     865     918
     863     918     881     880     883     958     815     813     826     888
     864     904     833     900     825     884     911     945     814     944
     895     915     837     922     887     862     840     854     889     946
     858     919     852     842     857     879     939     874     784     923
     895     920     851     976     920     961     865     911     876     928
     896     917     938     920     833     941     934     946     914     879
     969     895     854     986     989     893     844     907     890     970
     905     932     859     910     940     874     971     907     933     922
     956     886     926     920     943     937     886     901     931     905
     949     861    1017     995     924     947     935     979     937     959
    1002    1004     946     928     980    1037     972     983     985    1003
     941     972     980    1040     988    1004    1064    1020    1026    1040
    1053    1044    1035    1079    1107    1048    1052    1094    1051    1113
    1013    1173    1170    1164    1084    1072    1096    1184    1177    1108
    1246    1269    1264    1240    1273    1271    1184    1330    1383    1315
    1282    1365    1455    1426    1457    1390    1481    1506    1518    1547
    1569    1657    1712    1685    1786    1875    1767    1917    1904    2033
    1947    2219    2193    2253    2254    2421    2474    2553    2557    2685
    2911    2920    2949    3044    3119    3154    3159    3370    3775    3777
    3680    3832    4062    4145    4095    4284    4495    4674    4551    4587
    4891    4860    4865    5121    5162    5417    5043    5292    5440    5413
    5433    5471    5583    5771    5463    5595    5589    5752    5450    5292
    6010    5668    5286    5398    5386    5514    5141    5184    5265    5278
    4921    4860    4885    4837    4453    4599    4511    4421    4103    4068
    3984    3986    3640    3632    3618    3541    3221    3219    3026    3029
    2902    2710    2810    2727    2548    2428    2401    2342    2174    2086
    2147    2065    1864    1882    1806    1765    1680    1648    1634    1641
    1504    1433    1448    1485    1396    1358    1439    1346    1390    1421
    1452    1418    1436    1434    1637    1641    1561    1736    1721    1831
    1843    1957    2038    2179    2167    2278    2245    2493    2463    2791
    2706    2852    2750    2855    2836    3040    2920    3092    2994    3112
    2969    2829    2948    2841    2694    2563    2803    2436    2406    2299
    2242    2253    1982    1923    1869    1690    1593    1439    1477    1324
    1249    1180    1194    1088     994     991     995     945     844     839
     855     835     801     830     806     773     753  425237
