$Informacoes da Fluorescencia de Raios-X:
"Sample    : AFR-373",                                                                    
"Operator  : thiago",                                                                     
"Comment  : ",                                                                            
"Group     : thiago_acra2010ma",                                                          
"Date       : 2010-11-11 00:43:32",                                                       
"",                                                                                       
"Mesurement Condition",                                                                   
"------------------------------------------------------------------------------------",   
"Instrument : 700HS2   Atmosphere : Vac.   Collimator : 10(mm)   Spin : No",              
"------------------------------------------------------------------------------------",   
"Analyte               TG kV   uA      FI Acq.(keV)  Anal.(keV)  Time(sec)     DT(%)",    
"------------------------------------------------------------------------------------",   
"Na                    Rh 50 1000-Auto Al  0 - 20    0.8 - 1.2   Live -  959   18",       
"Channel_info_start",                                                                     
"Channel : Na",                                                                           
"Points : 2048
"Range : 0.000000 - 20.480000",                                                           
"Step : 0.010000",                                                                        
"Channel_info_end",                                                                       
$DATA:
       0    2047
       0       0       0       0       0       0       0       0       0    2048
       0       0       0       0       0       0       0       0       0       0
       0       0       0       0       0       0       0       0       0       0
       0       0       0       0       0       0       1       1       5       7
      86     204     198     211     172     206     202     187     189     186
     164     206     214     220     218     213     209     233     208     205
     217     231     245     282     287     283     281     288     275     315
     310     297     289     326     281     314     295     332     319     335
     311     318     284     276     276     269     303     275     262     287
     272     386     411     427     464     614     602     645     668     683
     645     601     549     510     451     414     356     371     351     389
     415     470     473     535     561     601     519     538     508     455
     412     355     307     324     258     254     259     281     283     334
     300     360     353     392     428     440     432     522     430     420
     385     412     329     334     287     343     313     330     334     404
     478     629     758    1056    1181    1583    1623    1873    1949    2114
    2084    2131    1938    1913    1598    1497    1236    1114     875     854
     745     736     742     882    1145    1391    1887    2647    3390    4630
    5250    6585    7375    8247    8070    8641    7553    7604    6385    5878
    4621    3954    2922    2329    1751    1337    1016     865     724     678
     579     667     620     692     644     707     683     746     651     748
     706     684     634     676     611     624     555     602     517     547
     510     495     536     576     519     563     602     646     648     758
     845    1134    1341    1658    2062    2609    2846    3590    3925    4253
    4452    4838    4735    4735    4198    3945    3599    3213    2605    2315
    1905    1715    1485    1445    1347    1286    1276    1439    1468    1845
    2233    3023    3889    5569    7224   10351   11869   16306   18282   21669
   23910   26943   27011   28897   26764   26276   22333   20751   17282   14618
   10980    9230    6328    5072    3652    3099    2712    2751    2515    2805
    2908    2884    2815    2949    2791    2605    2283    2213    1784    1508
    1172    1101     878     748     601     556     495     489     425     437
     386     427     409     460     444     471     413     443     477     517
     445     554     579     627     635     738     913    1105    1284    2015
    2534    3690    4651    6590    8264   10966   12591   15710   17477   20450
   21092   22512   22520   22695   20375   20925   16920   15692   12586   10494
    8239    6277    4482    3552    2514    1886    1403    1285    1206    1205
    1192    1467    1808    2337    2657    3369    3854    4948    5841    7536
    8946   11200   12610   15423   17713   20600   21813   25231   25219   26828
   25169   25634   23333   21939   18632   16614   13834   11414    8639    6860
    5149    3889    2550    1938    1360     974     775     759     746     802
     839    1076    1173    1550    1554    1992    2344    2795    2834    3236
    3222    3452    3370    3429    3109    3003    2621    2442    2151    1750
    1401    1254    1045     879     647     587     456     453     367     320
     320     350     380     344     311     318     322     294     369     361
     308     369     366     375     413     478     507     584     741     843
     989    1329    1509    1836    2147    2573    2867    3309    3398    3856
    3655    3929    3758    3857    3448    3453    2947    2732    2321    2125
    1782    1554    1282    1161     954     933     804     761     742     672
     662     676     600     649     578     636     598     628     581     653
     778     750     744     803     836     896     898     977     973    1087
    1038    1146    1144    1156    1070    1124     987    1038     958     917
     966     851     757     742     684     661     634     632     619     562
     564     650     552     609     589     677     616     643     581     623
     603     633     615     713     631     628     636     667     653     686
     719     698     777     797     792     786     869     884     891     928
     905     994     892    1002     983     970     863     867     878     833
     836     820     802     862     811     805     799     814     806     821
     851     804     729     827     828     821     726     800     858     830
     821     882     841     889     846     979     970    1091     998    1183
    1235    1252    1368    1460    1474    1681    1569    1716    1830    1795
    1765    1860    1708    1853    1615    1671    1512    1472    1346    1403
    1285    1319    1273    1219    1188    1158    1056    1117    1151    1212
    1132    1242    1210    1210    1227    1392    1345    1506    1552    1807
    2098    2473    3064    4077    5093    6861    8351   10979   13852   17947
   20826   25614   30460   36404   38804   44622   48983   53666   53376   59969
   55327   56977   52209   51026   46148   43634   36807   33547   28007   24277
   18785   16367   12580   10403    7511    6221    4655    3723    2826    2427
    1991    1806    1500    1542    1409    1459    1301    1315    1305    1326
    1263    1286    1318    1377    1309    1377    1323    1313    1326    1407
    1307    1474    1408    1432    1567    1593    1629    1819    1909    2126
    2223    2542    2790    3181    3458    4170    4754    5285    5652    6209
    6669    7337    7386    8170    8522    8588    8065    8171    7791    7616
    6827    6599    5804    5273    4408    4068    3608    3185    2646    2461
    2060    1947    1676    1628    1522    1532    1330    1341    1327    1327
    1238    1222    1279    1325    1239    1254    1352    1316    1218    1365
    1385    1404    1279    1412    1422    1468    1377    1357    1382    1429
    1353    1400    1376    1376    1328    1436    1338    1326    1285    1355
    1370    1319    1288    1271    1272    1309    1224    1359    1342    1286
    1285    1315    1282    1346    1263    1315    1326    1364    1277    1254
    1341    1355    1338    1454    1313    1428    1388    1398    1390    1500
    1464    1563    1606    1650    1615    1752    1769    1884    1815    2050
    2038    2079    2003    2061    1988    2061    1881    2112    1977    1867
    1689    1690    1541    1682    1506    1560    1379    1373    1308    1305
    1230    1256    1218    1270    1252    1220    1145    1253    1212    1248
    1168    1244    1157    1255    1154    1288    1202    1246    1234    1329
    1311    1296    1358    1355    1490    1608    1655    1958    1985    2264
    2477    2759    3171    3505    3704    4026    4619    4973    5046    5403
    5751    5915    5662    5821    5907    5696    5254    5186    4902    4646
    4033    3740    3440    3148    2764    2513    2268    2073    1794    1779
    1544    1534    1351    1366    1334    1400    1277    1172    1321    1198
    1325    1253    1240    1218    1230    1212    1313    1320    1130    1197
    1247    1230    1104    1171    1100    1163    1097    1129    1153    1178
    1168    1198    1173    1239    1134    1191    1134    1203    1208    1160
    1208    1114    1101    1128    1196    1187    1109    1155    1219    1190
    1107    1128    1117    1211    1155    1131    1223    1173    1188    1206
    1268    1183    1280    1335    1377    1380    1302    1432    1374    1498
    1500    1601    1710    1652    1705    1651    1775    1749    1582    1597
    1675    1671    1499    1621    1495    1460    1331    1406    1363    1342
    1251    1283    1249    1263    1113    1193    1119    1130    1119    1163
    1098    1112    1064    1104    1065    1093    1029    1068    1045    1087
    1056    1028    1147    1074    1070    1074    1053    1184    1072    1115
    1109    1087    1115    1115    1114    1118    1078    1148    1113    1125
    1047    1111    1139    1090    1095    1069    1128    1125    1007    1104
    1137    1103    1078    1121    1123    1116    1072    1099    1126    1147
    1068    1149    1091    1158    1112    1161    1195    1253    1236    1359
    1226    1376    1247    1312    1398    1427    1440    1438    1571    1611
    1547    1591    1567    1617    1594    1643    1663    1672    1475    1534
    1490    1554    1368    1412    1362    1306    1217    1247    1207    1213
    1122    1251    1170    1184    1053    1170    1111    1155    1116    1196
    1122    1156    1069    1092    1115    1118    1087    1119    1161    1151
    1060    1091    1045    1109    1066    1097    1082    1136    1061    1101
    1065    1098    1064    1037    1043    1115    1112    1118    1073    1132
    1074    1162    1129    1117    1152    1099    1041    1179    1071    1099
    1111    1150    1022    1114    1148    1172    1053    1164    1051    1165
    1042    1123    1101    1114    1034    1124    1049    1063    1024    1051
    1107    1123    1046    1086    1141    1062    1038    1077    1033    1059
    1084    1096    1012    1133    1088    1151    1025    1124    1035    1045
    1081    1094    1018    1069    1085    1161    1083    1139    1116    1254
    1186    1166    1246    1317    1223    1412    1408    1466    1530    1653
    1638    1757    1757    1892    1949    2005    2060    2070    2008    2110
    2035    2061    2112    1971    1897    1900    1869    1810    1723    1673
    1611    1571    1421    1374    1335    1272    1252    1215    1193    1196
    1114    1068    1071    1066    1041    1005    1065    1016    1020    1056
     990    1023    1009    1023    1003    1001    1005     992    1070    1002
    1009    1053     974    1023     973    1049    1002    1037    1067    1037
    1023    1033    1045    1016    1045    1077    1080    1083    1192    1205
    1131    1176    1183    1177    1214    1226    1243    1344    1238    1263
    1271    1311    1232    1243    1317    1316    1186    1189    1265    1161
    1127    1098    1154    1140    1058    1049    1052     992    1079    1040
    1096    1008     966     955     929    1041     970    1009     959    1050
     942     975    1008    1017     930     970     917     979     969     976
     931     986     918     946     963     976     908     933    1031    1054
     918     965    1076    1042     959     978    1043    1051    1043    1046
    1033    1085    1067    1086    1108    1133    1100    1129    1113    1134
    1136    1171    1084    1209    1104    1062    1107    1038    1026     988
    1045    1119    1017    1049    1103     995     926     921     937     994
     920     963     993     979     885     847     895     936     893     883
     932     950     899     907     855     845     855     853     850     900
     854     906     894     869     840     848     905     860     807     862
     905     944     853     884     898     963     855     875     842     912
     868     910     941     902     903     904     924     958     866     992
     955     956    1005     966    1076    1082     999    1009    1140    1102
    1005    1092    1090    1116    1110    1028    1081    1081     999    1029
    1067    1085     909     934     990     950     923     945     905     944
     873     872     916     868     828     816     819     897     818     838
     835     822     821     849     883     860     823     801     855     819
     792     854     812     845     832     829     828     833     809     836
     852     836     806     789     810     863     786     859     829     877
     781     853     902     849     781     868     833     824     823     844
     850     832     821     842     805     834     790     839     783     803
     736     840     759     806     793     787     842     817     793     823
     797     788     759     798     820     836     754     743     868     793
     805     815     772     805     790     737     801     784     756     721
     707     828     698     777     744     775     749     794     780     760
     739     753     781     742     752     680     810     767     692     736
     766     705     703     754     770     769     712     740     710     724
     699     769     778     773     737     757     785     784     743     787
     776     802     769     805     794     818     805     865     818     836
     833     811     878     820     785     850     834     844     833     820
     865     840     838     874     823     761     776     772     769     796
     751     713     781     784     689     707     712     740     702     662
     788     758     693     719     743     765     726     705     727     721
     696     704     699     648     705     697     723     700     727     778
     715     689     680     680     724     698     678     716     698     722
     695     688     735     711     641     708     728     717     675     676
     688     714     659     693     720     745     728     698     696     716
     702     689     715     695     692     666     720     695     676     718
     746     707     724     693     722     685     678     704     693     694
     687     703     714     647     592     668     708     675     672     737
     633     667     658     715     700     696     640     688     667     662
     613     641     629     723     660     659     725     708     683     668
     706     627     630     651     658     705     675     668     684     711
     681     723     648     693     682     607     674     665     681     693
     710     683     616     645     685     698     647     638     723     692
     673     642     710     698     646     684     671     696     638     666
     678     704     652     698     713     687     728     709     687     643
     666     698     689     707     669     684     661     653     731     660
     755     697     693     716     717     746     713     656     715     724
     657     649     699     746     706     734     703     761     681     669
     658     724     716     735     760     694     675     699     733     754
     717     711     821     721     689     707     730     745     653     731
     762     803     696     750     714     773     706     756     726     792
     720     748     766     759     744     718     800     793     813     793
     821     845     839     778     821     804     817     799     850     853
     761     846     823     839     859     830     831     854     921     853
     875     962     936     914     933     944     849     947    1000     979
    1019     994    1054    1003    1009    1005    1168    1166    1091    1177
    1174    1251    1199    1239    1307    1373    1330    1397    1411    1459
    1485    1535    1622    1660    1706    1770    1889    1951    1903    1965
    2103    2167    2152    2242    2346    2496    2559    2524    2838    2790
    2750    2878    2915    3001    3166    3158    3307    3452    3315    3498
    3604    3876    3660    3733    3886    3944    3909    3876    4050    4182
    4089    4179    4343    4288    4125    4289    4426    4343    4179    4108
    4681    4280    4093    4042    4081    4002    3956    4001    4018    3913
    3639    3646    3771    3585    3405    3611    3371    3361    3026    3041
    3054    2993    2772    2740    2804    2722    2432    2393    2386    2347
    2139    2100    2173    1965    1831    1813    1818    1717    1536    1639
    1648    1498    1412    1311    1373    1361    1303    1291    1213    1197
    1135    1148    1118    1068    1052    1060    1041    1057    1002     991
    1118    1105    1069    1084    1221    1234    1218    1281    1338    1495
    1450    1453    1656    1769    1697    1742    1910    1914    2019    2170
    2140    2227    2120    2246    2355    2392    2241    2323    2379    2280
    2186    2198    2256    2185    2111    1914    2154    1976    1738    1739
    1754    1601    1442    1442    1390    1292    1258    1153    1057    1045
     941     862     895     775     771     721     688     735     622     653
     651     643     626     602     602     636     587  320237
