$Informacoes da Fluorescencia de Raios-X:
"Sample    : AFR-498",                                                                    
"Operator  : thiago",                                                                     
"Comment  : ",                                                                            
"Group     : thiago_acra2010ma",                                                          
"Date       : 2010-11-11 16:07:44",                                                       
"",                                                                                       
"Mesurement Condition",                                                                   
"------------------------------------------------------------------------------------",   
"Instrument : 700HS2   Atmosphere : Vac.   Collimator : 10(mm)   Spin : No",              
"------------------------------------------------------------------------------------",   
"Analyte               TG kV   uA      FI Acq.(keV)  Anal.(keV)  Time(sec)     DT(%)",    
"------------------------------------------------------------------------------------",   
"Na                    Rh 50 1000-Auto Al  0 - 20    0.8 - 1.2   Live -  960    8",       
"Channel_info_start",                                                                     
"Channel : Na",                                                                           
"Points : 2048
"Range : 0.000000 - 20.480000",                                                           
"Step : 0.010000",                                                                        
"Channel_info_end",                                                                       
$DATA:
       0    2047
       0       0       0       0       0       0       0       0       0    2048
       0       0       0       0       0       0       0       0       0       0
       0       0       0       0       0       0       0       0       0       0
       0       0       0       0       0       0       0       2       4      11
      57     121     121     140     124     144     119     132     130     127
     117     120     114     128     135     120     132     118     121     143
     115     107     122     110     130     148     118     153     126     143
     152     191     221     257     267     272     287     320     283     290
     280     296     233     234     167     170     142     127     108     127
     104     121      84     105     105     125     107      96     101     136
      88     121     101     127     115     120     114     106     105     116
      98     127     105     134     136     108      92     127     117     116
     106     128     120     113     100     130     124     114      99     117
     101     113      96     132     132     116     131     111     132     136
     121     104     126     103     121     121     121     123     113     112
     142     119     121     150     109     149     149     140     150     170
     160     173     157     171     153     129     151     146     139     140
     129     128     136     115     133     113     126     130     161     184
     176     202     201     268     229     214     208     215     206     220
     180     168     152     133     109     105      95     115     115     105
     112      96     115      85     111     103     112     112     108     102
      85     119      84     112     102      93     116      91     104      86
      89      88      95      87      99      96     105      98      87      94
      91      91     113     123     124     146     145     172     177     190
     210     221     219     209     163     184     172     154     148     148
     129     111     110     110      88      96      99      86     108     104
     103     105     122     118     131     146     136     202     190     239
     238     269     261     276     255     262     244     201     236     203
     156     186     160     179     131     147     143     162     116     151
     127     125     131     158     150     147     143     154     133     125
     132     122     114     131     111     121     119     121      91     114
     116     117     101     114     122     101      75     103      91      94
      90     109     122     102      95     125     111     136     138     160
     185     224     262     333     442     509     609     769     778     938
     928    1032    1105    1063     928     935     797     782     630     587
     451     359     284     234     177     167     144     147     152     118
     120     150     155     182     177     189     217     247     233     271
     250     290     276     327     337     343     334     371     361     400
     346     333     332     290     309     281     224     235     214     183
     167     162     145     179     157     147     171     143     127     185
     157     159     172     174     149     174     190     208     188     212
     199     201     202     210     211     210     175     211     215     210
     175     209     214     240     200     207     193     234     214     228
     204     237     220     220     204     261     223     205     238     246
     209     248     258     239     260     258     231     278     257     272
     253     266     240     283     264     319     290     341     342     357
     297     360     330     361     370     347     327     330     341     358
     362     340     296     341     353     326     307     363     345     387
     326     368     355     375     356     366     416     359     404     395
     405     411     363     413     406     414     403     381     372     437
     429     396     405     397     376     431     403     415     390     422
     395     419     400     433     426     452     386     421     390     460
     380     437     417     452     438     406     422     410     419     438
     421     424     433     473     429     453     425     481     458     499
     493     524     508     497     494     511     549     598     502     622
     569     614     593     619     596     600     571     628     603     570
     565     608     608     624     593     631     581     587     581     632
     611     645     611     622     573     623     652     625     601     695
     660     587     661     657     604     676     673     683     662     661
     712     698     647     746     743     803     661     780     727     744
     733     779     713     751     761     800     720     785     742     753
     735     821     744     808     735     784     790     783     799     812
     762     776     793     834     780     881     852     869     782     840
     909     940     868     977     926     994    1034    1166    1201    1358
    1345    1577    1676    1833    1910    2065    2241    2374    2412    2591
    2370    2557    2279    2276    2222    2080    1921    1869    1727    1578
    1446    1373    1299    1270    1150    1160    1013    1066    1047    1047
    1023    1023    1002    1017    1020    1024     997     995    1009    1051
     998    1060    1029    1069     991    1063    1007    1088    1012    1023
    1012    1098    1020    1060    1032    1142    1073    1087    1102    1091
    1073    1108    1146    1166    1121    1232    1119    1208    1192    1156
    1286    1268    1246    1345    1313    1311    1198    1250    1240    1364
    1271    1293    1188    1250    1131    1148    1115    1180    1083    1082
    1100    1210    1078    1044    1093    1131    1107    1101    1074    1106
    1064    1124    1055    1141    1064    1175    1141    1121    1076    1127
    1087    1106    1100    1079    1214    1124    1055    1095    1143    1097
    1137    1129    1191    1142    1164    1158    1117    1131    1096    1057
    1025    1116    1024    1063    1092    1178    1056    1121    1115    1153
    1062    1125    1107    1146    1023    1146    1113    1126    1080    1148
    1055    1136    1067    1181    1099    1164    1117    1197    1100    1228
    1120    1279    1237    1221    1305    1275    1374    1385    1328    1414
    1337    1475    1418    1428    1395    1457    1373    1394    1372    1298
    1324    1253    1246    1172    1193    1189    1123    1103    1038    1012
    1062    1030     958    1016    1036     998     988     993     983    1053
     950    1037    1090    1024     958     973     941    1047     983    1023
     972    1013     944     993    1053    1050    1011     991    1018    1032
     995    1007    1000    1100    1031    1073    1146    1078    1104    1113
    1098    1154    1089    1131    1086    1154    1048    1133    1153    1106
    1052    1077    1046    1026     984     971    1062     978     973    1012
     989     975     941     960     975    1018     999     959     990     993
     951     964    1019     957     935     990     973    1008     896    1003
     922     913     927     927     913     976     914     892     943     940
     939     897     916     955     910     902     860     916     888     947
     951     919     896     932     897     936     850     971     894     936
     854     887     910     902     849     886     915     948     893     948
     890     910     912     878     906     942     893     926     894     940
     973     911     908     962     857     942     920     928     938     893
     979     922     880     956     888     889     876     929     855     946
     891     889     973     893     903     928     857     925     807     901
     889     922     832     860     879     841     828     866     902     825
     859     892     896     889     815     903     892     941     871     890
     876     953     827     946     885     860     874     925     905     905
     789     888     825     900     902     918     841     837     864     922
     839     847     888     900     899     913     847     885     828     834
     873     934     909     940     813     934     903     889     875     893
     853     925     840     913     955     936     860     867     894     942
     935     930     853     925     867     923     860     894     854     916
     862     940     866     910     914     954     908     924     910     905
     858     931     890     944     881     944     897     837     875     968
     919     936     903     935     879     967     911     912     860     984
     843     929     904     979     864     967     861     916     883     987
     933     920     870     956     884     956     867     945     877     893
     921     897     845     946     828     900     991     910     913     911
     957     893     891     931     887     930     876     900     912     931
     849     895     907     868     822     888     903     942     880     966
     978     919     899     882     908     958     881     913     921     940
     891     947     926     929     899     909     953     965     913     887
     920     887     858     859     900     865     836     905     822     901
     888     878     860     925     843     856     888     898     824     815
     897     935     874     921     886     857     826     864     874     898
     843     897     877     936     864     846     817     840     893     842
     882     822     795     845     877     856     857     840     827     826
     815     790     852     891     799     828     818     852     796     797
     792     891     745     847     831     817     802     806     806     864
     796     863     834     853     796     846     828     823     798     859
     845     830     770     791     808     817     787     746     831     848
     740     802     844     823     804     841     780     892     748     814
     866     832     834     803     798     850     794     825     771     810
     730     808     793     832     805     791     807     809     743     795
     791     858     803     790     759     811     748     772     810     799
     748     808     805     858     748     822     739     775     803     770
     820     765     774     751     764     777     770     774     776     774
     757     796     782     800     763     768     737     784     756     774
     767     779     786     791     774     743     716     786     782     763
     711     767     779     795     739     757     766     816     730     763
     774     814     740     774     798     785     730     704     770     800
     774     779     746     779     711     747     786     758     743     732
     764     782     725     806     713     788     724     716     786     763
     737     730     739     713     731     737     734     780     760     760
     759     799     742     703     771     752     712     754     702     774
     765     765     795     752     720     702     718     763     688     726
     782     758     707     740     686     772     710     793     733     748
     716     734     683     726     712     763     737     767     689     749
     795     743     726     760     729     692     715     703     712     714
     698     741     700     690     680     753     688     708     707     739
     737     714     750     706     698     739     686     707     678     689
     651     716     714     643     653     648     711     673     663     645
     660     707     666     668     691     721     649     699     689     709
     600     676     711     722     623     677     690     666     632     683
     698     683     641     647     649     728     685     667     683     685
     640     660     661     706     668     692     646     659     630     666
     664     647     633     653     701     628     617     662     671     675
     624     672     660     633     634     667     661     663     632     667
     657     650     617     684     647     568     567     608     693     601
     615     625     657     641     572     582     709     659     621     659
     602     692     575     624     654     655     634     634     614     628
     624     639     610     679     586     629     641     616     598     672
     646     628     589     663     635     615     587     581     635     601
     622     623     626     644     612     619     627     636     594     585
     619     593     587     631     627     642     560     619     569     611
     613     626     629     675     599     631     629     625     573     620
     619     646     599     622     588     588     590     617     591     613
     596     629     584     615     583     632     606     621     608     611
     596     605     570     568     588     602     589     597     607     631
     593     557     594     613     583     578     563     600     593     562
     634     561     573     558     623     555     584     576     616     604
     599     585     558     613     585     630     590     633     596     596
     614     596     573     577     609     603     584     601     554     622
     607     576     605     612     556     566     584     599     598     582
     602     559     552     584     622     564     601     549     594     594
     599     601     565     624     583     585     549     611     550     648
     608     628     568     582     587     574     503     545     579     617
     551     597     556     580     591     564     597     576     561     562
     589     576     537     561     611     599     560     571     575     587
     552     613     531     589     538     578     601     557     544     564
     637     574     564     550     594     610     541     526     574     577
     580     522     602     565     541     583     654     588     568     551
     636     633     589     577     574     610     592     571     602     642
     552     573     554     605     549     568     625     603     648     598
     570     647     645     586     651     640     596     626     638     667
     628     537     714     676     589     640     615     625     641     631
     651     610     610     658     659     648     654     679     628     656
     619     647     651     684     678     688     686     715     686     720
     669     705     697     730     696     758     622     683     758     684
     710     730     763     770     730     755     730     786     774     794
     791     825     819     789     842     822     806     835     927     855
     820     869     909     940     943     949     995    1048    1025    1026
    1026    1078    1114    1068    1210    1190    1137    1239    1292    1361
    1261    1344    1465    1531    1499    1531    1688    1708    1699    1728
    1859    1959    1973    1953    2131    2223    2196    2281    2516    2501
    2428    2502    2609    2833    2720    2927    3001    3026    2946    3048
    3204    3181    3277    3391    3509    3653    3446    3652    3615    3661
    3638    3604    3840    3835    3681    3782    3811    3801    3695    3595
    4074    3767    3669    3769    3676    3722    3523    3514    3435    3567
    3181    3328    3329    3295    3066    3207    3099    2995    2753    2781
    2664    2683    2498    2512    2542    2402    2239    2154    2202    2103
    1855    1812    1877    1758    1670    1622    1599    1640    1476    1373
    1436    1333    1290    1258    1200    1161    1159    1110    1147    1030
    1031    1028    1026     983     893     947     998     972     940     974
     930    1044    1004     958    1148    1075    1099    1194    1204    1273
    1328    1328    1450    1551    1537    1607    1625    1743    1738    1806
    1839    1976    1793    1987    1959    2017    1942    1933    1990    1973
    1765    1889    1849    1764    1688    1583    1686    1503    1447    1410
    1356    1309    1150    1094    1120    1034     851     850     807     819
     760     744     711     661     633     638     605     565     560     543
     613     573     557     442     554     541     530  278378
