$Informacoes da Fluorescencia de Raios-X:
"Sample    : AFR-494",                                                                    
"Operator  : thiago",                                                                     
"Comment  : ",                                                                            
"Group     : thiago_acra2010ma",                                                          
"Date       : 2010-11-11 14:55:26",                                                       
"",                                                                                       
"Mesurement Condition",                                                                   
"------------------------------------------------------------------------------------",   
"Instrument : 700HS2   Atmosphere : Vac.   Collimator : 10(mm)   Spin : No",              
"------------------------------------------------------------------------------------",   
"Analyte               TG kV   uA      FI Acq.(keV)  Anal.(keV)  Time(sec)     DT(%)",    
"------------------------------------------------------------------------------------",   
"Na                    Rh 50 1000-Auto Al  0 - 20    0.8 - 1.2   Live -  959    6",       
"Channel_info_start",                                                                     
"Channel : Na",                                                                           
"Points : 2048
"Range : 0.000000 - 20.480000",                                                           
"Step : 0.010000",                                                                        
"Channel_info_end",                                                                       
$DATA:
       0    2047
       0       0       0       0       0       0       0       0       0    2048
       0       0       0       0       0       0       0       0       0       0
       0       0       0       0       0       0       0       0       0       0
       0       0       0       0       0       0       0       2       0       4
      37     109     105      92      90      90      87      97      86     119
      86      91      79      95     103      92     107     105      98      85
      82     113      94      97     101      99     103      94      96     133
     132     178     185     233     209     235     242     253     271     275
     229     234     193     198     136     135     116     104      94      88
      87      90      92      99      75      75      71      93      72      89
     103      87      92      86      86      97      82      85     101      88
      92      92      90     110      97     100      84      90      91      97
      88     102     110      81      92      92      86      97      96      97
      84      91      84      92      85     105     112     115      92     114
      92      90      98     107      92     111      84      88      96     104
     107     104     127     133     130     148     156     181     195     178
     161     217     158     164     135     150     155     134     113     108
      99      96     115     107     115     130     145     169     201     287
     277     308     369     387     380     404     391     396     298     318
     249     201     186     163     137     133      95     113      88     105
      90      84     100      85      90      81      78      95      80      94
      73      83      82      84      73      81      88      80      83      80
      77      81      75      77      78      85      71      89      69      86
      70      77      72      92      94     103     100     156     131     135
     122     144     144     148     144     153     129     114     124     109
      76      83      74      70      85      82      64      64      73      85
      56      72      70      89      81      85      79     106      95     103
     134     139     139     144     136     153     140     125     115     133
     123     111     121     106     110     108      99      81     100     110
      99     109     100     107     115     135     111     140     102     103
     108      95     100      85      87      82      76      92      71      82
      88      82      64      79      78      82      79      77      73      94
      84      81      84      80      91      95      82     103      91     103
     117     126     142     177     222     255     280     339     340     414
     440     498     482     515     493     472     397     369     358     291
     226     203     160     157     127     119      97      89     102      92
     105     105     128     118     134     136     149     178     174     181
     193     256     234     308     319     381     368     437     383     396
     378     381     366     381     329     319     275     246     192     185
     150     161     142     154     137     134     121     122     123     119
     132     126     129     130     133     143     151     172     136     194
     171     188     156     185     191     167     165     156     174     173
     141     153     165     169     162     164     155     181     181     156
     176     189     153     190     165     182     179     174     212     192
     183     182     170     194     156     225     176     207     194     229
     209     207     223     277     257     295     276     330     348     341
     337     340     323     335     319     366     298     315     289     309
     297     273     291     282     293     290     267     308     260     262
     257     304     270     280     284     287     282     297     296     280
     314     308     299     352     298     331     296     295     316     331
     324     317     319     347     307     322     287     317     337     314
     294     320     314     351     318     296     316     307     317     330
     297     342     324     348     316     321     343     361     322     326
     334     364     347     333     336     374     358     402     337     395
     380     365     395     430     402     417     454     467     417     467
     486     478     495     498     441     509     501     463     509     488
     479     459     461     464     464     433     473     463     484     481
     457     488     458     481     453     509     460     478     479     505
     465     480     456     501     478     540     466     533     485     559
     559     553     562     583     559     597     591     616     628     615
     617     622     572     652     584     598     606     595     586     634
     618     633     560     610     629     631     560     613     618     619
     634     621     646     670     585     644     652     677     594     690
     699     720     751     793     795     931     961    1031    1171    1376
    1488    1641    1867    2128    2150    2438    2584    2846    2761    3076
    2842    3087    2789    2721    2494    2489    2132    2063    1945    1714
    1467    1353    1286    1151    1007    1014     866     900     830     828
     787     796     795     743     801     785     779     791     741     819
     754     776     776     800     793     849     746     790     769     837
     754     787     757     824     856     825     801     862     788     782
     778     843     846     907     887     924     966     966     999    1062
    1000    1067    1034    1180    1136    1165    1066    1054    1032    1074
    1072    1043    1032     991     981     898     947     972     867     871
     854     871     759     845     843     891     785     814     810     892
     834     866     870     837     874     831     835     820     820     834
     843     866     848     880     832     924     841     847     853     853
     839     901     834     891     828     906     814     875     844     852
     813     902     818     824     874     811     846     904     863     868
     870     864     834     870     819     935     890     912     813     835
     900     870     869     849     897     925     838     925     871     933
     916     953     961    1008     976    1002    1026    1070    1024    1109
    1088    1175    1110    1151    1157    1196    1083    1139    1111    1061
    1039     993     972     948     898     909     847     838     826     833
     822     807     774     780     792     822     737     770     793     793
     724     832     786     740     754     771     779     794     752     778
     767     751     685     768     735     805     755     815     771     806
     776     795     830     907     798     850     912     937     911     903
     933     932     939     973     981     999     955     964     955     902
     838     885     820     791     835     771     780     749     746     798
     761     759     742     717     793     761     725     748     687     768
     720     726     751     792     724     807     746     768     692     731
     746     759     685     739     731     754     687     705     724     715
     697     687     691     774     705     726     682     745     710     683
     708     726     734     705     717     742     683     685     709     707
     660     711     680     706     666     681     696     723     670     662
     724     754     678     725     699     717     653     743     727     678
     714     705     741     744     670     737     735     716     728     698
     740     704     653     723     724     733     673     713     731     707
     701     708     692     719     664     685     641     726     669     738
     692     692     725     671     659     680     636     665     675     725
     638     651     686     662     649     648     638     707     693     665
     656     647     664     674     685     737     675     676     684     691
     688     673     692     680     719     651     719     732     688     648
     672     683     687     766     690     748     645     698     640     690
     671     663     628     665     637     713     684     703     665     715
     680     725     658     671     719     723     623     705     702     705
     644     677     725     708     673     713     685     744     668     702
     710     690     686     687     686     645     726     643     706     692
     646     705     656     711     674     713     665     758     648     656
     666     694     632     680     698     729     635     730     705     697
     691     723     684     736     685     675     658     721     664     724
     698     758     682     735     683     722     673     685     659     735
     702     705     671     743     679     659     681     690     685     713
     714     750     682     720     719     678     690     691     697     708
     701     682     672     701     709     711     677     725     656     722
     665     685     623     684     661     716     731     671     659     680
     735     721     618     683     672     708     689     672     707     679
     685     719     651     644     676     633     656     735     675     694
     691     671     646     683     641     649     668     632     664     654
     677     676     643     677     662     672     643     646     634     711
     667     705     651     697     644     646     618     657     638     680
     623     681     645     653     630     712     627     671     664     695
     655     612     641     611     621     674     636     661     620     656
     690     670     615     623     637     639     604     606     597     662
     613     667     653     667     597     587     616     650     608     615
     637     698     603     577     607     620     646     604     610     644
     583     587     644     621     614     644     649     665     618     632
     581     604     582     658     615     622     604     652     620     601
     612     644     579     623     579     592     587     625     563     601
     617     615     593     608     598     620     598     636     653     608
     592     589     642     616     609     616     577     618     561     672
     613     598     575     603     568     622     583     600     575     613
     577     585     565     609     567     576     571     634     587     613
     598     608     531     614     623     596     532     598     560     641
     596     639     563     594     564     612     547     603     570     577
     564     614     602     602     635     590     551     569     614     591
     510     598     582     623     562     598     558     602     582     577
     557     617     524     562     552     568     518     547     576     605
     571     596     595     582     603     590     595     618     583     554
     566     566     600     559     581     573     547     552     566     540
     587     563     570     558     509     570     564     582     577     542
     552     550     543     590     506     582     546     542     603     606
     513     584     521     558     566     550     543     542     520     568
     548     548     489     545     537     554     537     562     538     528
     587     546     525     507     514     525     475     543     501     539
     513     566     520     590     542     552     511     596     539     516
     509     497     503     517     480     582     518     544     511     543
     487     508     522     524     509     544     505     525     516     549
     521     491     589     536     498     511     540     517     498     509
     501     504     480     504     511     540     492     488     524     533
     488     535     452     542     521     543     542     539     461     503
     515     525     485     462     501     442     479     480     480     483
     483     467     473     480     499     470     451     527     505     439
     514     530     477     463     529     494     494     512     502     510
     476     486     435     485     493     438     510     516     472     471
     490     500     470     467     496     496     431     512     471     476
     453     524     456     484     458     535     507     492     495     478
     471     477     442     494     479     455     418     467     497     447
     478     463     494     460     467     458     487     463     475     435
     518     470     446     462     471     453     408     481     467     498
     470     439     483     494     469     445     440     489     458     449
     446     460     462     444     465     511     450     469     455     495
     482     454     447     486     457     434     457     492     488     413
     450     480     430     432     453     468     437     425     429     436
     426     424     451     485     472     412     462     434     419     484
     439     459     457     469     469     429     441     440     459     459
     425     478     459     457     452     425     417     430     439     478
     504     439     432     481     448     467     448     459     462     475
     424     470     448     477     419     446     432     443     454     462
     420     491     418     417     447     424     442     425     471     472
     434     408     442     483     457     466     423     452     422     449
     441     464     403     439     437     462     397     452     459     448
     428     475     471     451     439     422     413     454     450     440
     427     420     399     440     453     399     405     414     435     465
     432     437     439     500     433     478     464     456     437     442
     490     423     426     411     426     439     436     443     456     479
     419     481     480     451     432     401     443     447     441     433
     461     457     397     467     488     460     420     463     495     451
     461     459     408     501     423     472     457     453     419     482
     483     450     452     469     471     475     455     460     461     490
     494     432     494     498     440     468     493     496     460     459
     497     469     462     491     474     464     442     503     491     519
     463     486     499     554     488     520     500     589     527     497
     524     554     533     535     558     534     539     563     517     529
     546     543     592     584     548     559     616     596     563     593
     563     652     611     655     663     677     623     688     664     723
     633     689     768     695     712     695     770     784     721     766
     807     844     828     817     871     923     911     946     957    1005
     993    1098    1113    1139    1139    1228    1246    1288    1270    1259
    1420    1474    1402    1515    1578    1651    1623    1631    1882    1811
    1901    1959    2006    2193    2041    2143    2232    2389    2207    2375
    2415    2517    2450    2681    2749    2612    2638    2666    2634    2777
    2668    2723    2970    2885    2808    2896    2913    2945    2922    2785
    3117    2982    2714    2793    2811    2883    2693    2645    2693    2676
    2559    2625    2573    2463    2361    2416    2340    2342    2162    2038
    2173    2022    1970    1855    1899    1741    1643    1629    1589    1544
    1457    1384    1482    1359    1287    1193    1172    1148    1146    1071
    1050    1028     958     930     873     964     849     794     807     784
     713     766     774     799     706     712     730     714     717     754
     740     766     782     783     862     868     895     947     975    1007
     979    1067    1162    1175    1149    1277    1346    1285    1328    1374
    1437    1473    1500    1472    1525    1550    1461    1496    1521    1538
    1411    1456    1407    1246    1263    1124    1253    1189    1093    1078
    1028     894     868     790     815     747     731     654     643     595
     501     515     564     507     461     454     446     455     423     397
     414     434     439     416     376     432     387  211108
