$Informacoes da Fluorescencia de Raios-X:
"Sample    : AFR-506",                                                                    
"Operator  : thiago",                                                                     
"Comment  : ",                                                                            
"Group     : thiago_acra2010ma",                                                          
"Date       : 2010-11-11 18:59:14",                                                       
"",                                                                                       
"Mesurement Condition",                                                                   
"------------------------------------------------------------------------------------",   
"Instrument : 700HS2   Atmosphere : Vac.   Collimator : 10(mm)   Spin : No",              
"------------------------------------------------------------------------------------",   
"Analyte               TG kV   uA      FI Acq.(keV)  Anal.(keV)  Time(sec)     DT(%)",    
"------------------------------------------------------------------------------------",   
"Na                    Rh 50 1000-Auto Al  0 - 20    0.8 - 1.2   Live -  959    6",       
"Channel_info_start",                                                                     
"Channel : Na",                                                                           
"Points : 2048
"Range : 0.000000 - 20.480000",                                                           
"Step : 0.010000",                                                                        
"Channel_info_end",                                                                       
$DATA:
       0    2047
       0       0       0       0       0       0       0       0       0    2048
       0       0       0       0       0       0       0       0       0       0
       0       0       0       0       0       0       0       0       0       0
       0       0       0       0       0       0       1       1       2       4
      46     110      95      92     111     102      90     103      98     103
      81     124      95     115      90     113      97      95      96     100
      97     106     103      98     119     139     108     135     133     132
     152     167     177     194     236     243     241     308     279     245
     237     233     192     193     142     154     126     102      96      92
      84     100      91      85      94      91      83     102      90      98
     103     112      97      84      98      97      95     104      85     114
      98     103      90     121     104     105      90     100     117      96
      99      97      98      91     104     107      76      98      77      92
      96     105      88      88      92      94     111      79      82     102
      97     106     108      94      78      90     106      91      87      89
     102      91     109     112      80     104      94     105      97     106
     132     116     120     100     110     121      96     117      97     105
     111      81      85     110      86      82      84     106     101      92
     104     108     119     118     107     130     108     115     118     111
     107     105      89      90      72      85      79      76      78      94
     101      67      89      98      87      88     107      87      80      77
      70      87      85      89      83      84      83      86      82      86
      81      76      79      95      81      89      78      92      73      94
      84     116     102     121     117     167     157     179     204     236
     253     241     267     260     238     206     196     179     131     133
     115     115     108     105      79      93      93      77      84     105
     104      95      91     101     111     148     165     194     178     269
     250     265     271     288     289     282     253     238     238     207
     194     169     151     139     133     113     105     120     108     140
     124     138     113     134     141     136     128     130     131     129
     104      99     100      73     103      99      94     104      87     103
      82      88      87     101      83      82      76      80      79      90
      88      85      76      95      83      79      91     104      90     124
     120     146     154     191     208     255     287     330     423     452
     397     490     483     462     453     456     403     408     326     270
     215     195     158     140     142     142     107      98     111      81
      94     119     119     120     129     146     163     196     177     255
     234     262     313     319     346     420     425     499     472     519
     461     473     460     448     410     367     334     286     266     236
     184     180     143     167     124     120     106     172     114     150
     132     121     146     149     144     158     160     192     164     236
     185     187     199     204     170     198     195     173     171     181
     193     170     189     190     169     197     167     195     167     194
     158     193     164     197     187     219     174     196     224     214
     207     212     216     206     181     212     214     203     204     217
     211     227     222     209     239     235     224     235     258     254
     266     259     267     267     237     284     258     281     258     267
     264     265     276     302     278     283     284     294     285     292
     298     292     293     313     303     282     298     322     296     294
     302     318     269     305     295     321     301     308     334     330
     280     325     340     320     316     360     323     350     278     328
     344     316     328     352     320     345     343     347     344     340
     357     382     314     332     326     364     339     370     335     354
     360     370     376     379     342     371     345     424     362     416
     372     392     409     445     444     413     434     462     438     487
     476     517     489     536     475     478     501     504     516     480
     449     535     497     529     478     439     511     500     472     522
     460     513     512     518     524     469     490     507     507     533
     480     534     562     525     551     579     536     576     573     566
     527     566     541     576     551     589     577     609     616     614
     566     625     568     614     611     577     543     645     625     644
     612     611     597     684     613     631     655     577     630     630
     613     657     643     668     671     655     671     704     645     709
     702     720     694     764     716     723     712     799     788     821
     769     857     905     949     874    1002     973    1073     944    1137
    1012    1077     954    1050    1032    1031     927     955     889     939
     823     877     858     854     764     845     839     813     778     769
     802     836     809     839     828     799     804     816     830     852
     797     833     877     881     838     847     842     867     782     877
     816     907     806     833     789     857     835     901     853     905
     851     899     907     909     864     919     964     935     852     908
     916     884     854     957     937     962     884     899     985     917
     885     947     914     938     858     934     950     889     867     923
     866     945     895     923     872     953     850     876     889     874
     893     891     895     918     869     944     908     869     869     902
     879     940     887     873     921     931     891     950     938     904
     840     934     887     870     889     887     879     894     857     900
     939     911     860     927     884     942     899     951     904     892
     802     929     922     894     928     904     939     885     874     923
     910     925     889     909     912     997     935     959     964    1017
     936     968     955    1102    1021    1115    1072    1182    1116    1106
    1128    1237    1147    1169    1158    1192    1161    1138    1102    1146
    1030    1064     995    1006     970     968     839     922     863     875
     874     827     812     842     879     825     804     848     839     843
     756     841     819     841     780     831     793     787     794     844
     745     841     772     839     833     792     765     828     840     874
     842     850     861     846     848     863     905     920     908     884
     962     987     921     961     919     974     908     928     905     879
     799     848     844     829     763     830     852     846     728     829
     765     800     776     820     844     792     840     745     825     799
     774     799     817     818     784     801     798     787     730     815
     765     813     761     767     759     838     720     762     724     789
     762     785     704     739     713     799     763     735     739     709
     705     753     697     781     774     749     782     752     758     785
     730     779     704     786     726     807     736     724     726     735
     718     717     775     733     698     730     734     788     715     738
     684     773     732     732     768     727     760     767     729     757
     767     716     740     735     687     760     734     756     707     774
     740     758     735     750     683     731     758     721     708     725
     746     721     689     753     693     678     699     726     761     714
     689     705     780     691     674     715     701     729     702     695
     778     730     706     684     714     721     659     732     716     725
     670     686     687     730     674     723     757     687     738     693
     712     717     682     723     734     777     685     715     705     726
     656     720     692     719     692     726     704     751     722     730
     722     775     695     729     704     764     743     712     774     765
     677     684     708     738     708     740     747     778     722     737
     708     752     759     725     757     808     768     733     761     813
     724     735     719     795     702     729     768     736     745     765
     773     767     720     746     734     771     676     799     762     715
     727     738     760     759     721     696     727     763     702     708
     767     777     708     736     722     756     763     717     749     763
     820     731     713     752     743     735     774     779     734     742
     720     763     769     710     686     733     679     783     705     720
     747     694     754     719     705     781     757     767     697     684
     706     709     704     772     706     782     726     753     721     718
     756     759     768     744     686     761     705     706     756     753
     744     766     724     688     720     718     744     742     702     717
     717     715     705     716     724     752     680     750     697     718
     682     749     679     730     775     754     715     755     709     722
     696     764     738     730     681     697     701     753     686     686
     673     706     676     726     730     675     650     684     685     681
     687     710     671     727     614     634     714     683     646     675
     657     730     631     678     668     686     645     659     667     675
     670     703     678     731     630     637     663     720     667     631
     736     673     606     628     626     660     685     688     663     660
     610     676     640     649     643     689     697     698     652     710
     616     690     670     667     639     696     627     656     678     660
     626     631     643     622     650     620     638     632     604     700
     658     647     599     663     657     640     606     667     629     698
     586     643     624     648     590     650     645     648     626     638
     616     667     627     662     621     649     615     637     658     606
     602     648     628     646     610     637     672     650     618     625
     612     679     602     641     613     641     591     591     679     653
     585     620     628     609     586     598     586     644     591     651
     647     596     606     641     621     623     606     644     609     643
     577     604     631     617     634     600     631     598     620     587
     595     638     596     612     577     610     603     614     589     615
     568     594     614     613     615     577     596     624     600     589
     664     660     617     645     616     622     556     592     616     563
     558     619     565     609     574     560     568     648     611     576
     659     606     547     622     606     601     549     582     619     591
     570     584     605     576     553     604     588     589     595     582
     621     607     551     590     591     606     557     545     608     560
     578     615     611     531     569     577     566     569     568     558
     577     574     529     562     610     606     561     554     556     593
     563     571     563     579     577     620     569     584     573     565
     566     610     525     558     562     533     555     561     519     584
     524     561     551     606     512     558     581     549     529     532
     546     536     535     529     582     558     531     534     536     543
     527     621     544     524     558     540     531     544     501     499
     552     488     472     500     596     516     510     529     543     571
     502     529     505     545     504     529     494     496     504     543
     525     547     500     498     465     481     522     514     525     527
     510     531     529     514     485     515     514     550     509     482
     519     494     501     538     531     564     488     493     496     457
     473     470     528     489     495     502     525     523     491     489
     516     511     508     525     577     529     500     514     547     518
     512     448     521     551     505     513     534     520     426     504
     552     496     496     495     500     523     480     487     498     509
     472     472     506     514     474     457     486     538     475     459
     476     523     442     540     499     508     472     513     486     473
     495     481     525     484     463     469     477     509     495     503
     507     501     506     474     443     527     484     505     506     467
     463     485     523     477     442     478     459     487     524     477
     489     508     467     491     476     503     458     461     474     492
     455     447     473     476     462     507     470     490     462     473
     460     481     505     479     492     429     448     516     493     466
     489     462     479     507     437     486     459     487     469     512
     486     433     458     451     464     464     467     496     473     474
     423     449     500     491     470     442     474     507     476     439
     488     528     461     429     455     464     461     489     472     481
     484     487     446     449     445     456     460     454     449     450
     481     474     448     487     458     489     453     454     478     476
     466     492     491     445     460     472     500     460     463     492
     467     476     465     446     500     466     447     468     474     455
     465     461     448     486     463     498     462     487     476     449
     512     536     438     484     531     500     430     469     498     527
     474     515     467     494     473     525     546     556     452     462
     486     497     456     482     516     487     508     532     530     507
     491     501     547     495     500     500     504     525     513     533
     550     535     517     541     493     513     486     539     526     562
     542     541     532     511     563     571     576     561     551     562
     552     561     554     590     565     566     571     594     605     624
     575     586     627     636     577     576     672     645     620     674
     638     694     622     660     676     712     661     668     731     739
     743     747     764     743     777     801     817     858     816     808
     873     899     949     910     965     976     982    1047    1054    1115
    1077    1108    1165    1243    1147    1274    1354    1439    1307    1360
    1584    1561    1560    1653    1717    1781    1819    1794    2064    1985
    2055    1967    2200    2186    2194    2251    2489    2528    2497    2546
    2593    2734    2601    2767    2831    2917    2830    2852    2975    2971
    2992    2997    3230    3201    2993    3022    3070    3138    3040    2963
    3289    3113    2956    2931    3037    3023    2807    2841    2985    2818
    2616    2709    2713    2622    2511    2532    2422    2446    2240    2226
    2248    2165    2052    1982    2022    1918    1780    1711    1753    1720
    1588    1501    1543    1445    1332    1336    1284    1246    1148    1108
    1095    1089     996     908     998     986     911     882     836     858
     811     823     803     809     799     782     765     751     751     766
     786     798     859     782     940     895     909     982    1040    1009
    1087    1150    1225    1247    1293    1334    1410    1444    1449    1438
    1526    1619    1438    1471    1567    1597    1594    1571    1621    1548
    1435    1486    1498    1461    1375    1224    1364    1268    1113    1107
    1056    1072     899     835     861     797     704     642     658     673
     578     565     521     494     512     462     486     451     443     429
     452     449     420     421     414     420     429  224927
