$Informacoes da Fluorescencia de Raios-X:
"Sample    : AFR-676",                                                                    
"Operator  : thiago",                                                                     
"Comment  : ",                                                                            
"Group     : thiago_acra2010ma",                                                          
"Date       : 2010-11-12 18:34:38",                                                       
"",                                                                                       
"Mesurement Condition",                                                                   
"------------------------------------------------------------------------------------",   
"Instrument : 700HS2   Atmosphere : Vac.   Collimator : 10(mm)   Spin : No",              
"------------------------------------------------------------------------------------",   
"Analyte               TG kV   uA      FI Acq.(keV)  Anal.(keV)  Time(sec)     DT(%)",    
"------------------------------------------------------------------------------------",   
"Na                    Rh 50 1000-Auto Al  0 - 20    0.8 - 1.2   Live -  959   17",       
"Channel_info_start",                                                                     
"Channel : Na",                                                                           
"Points : 2048
"Range : 0.000000 - 20.480000",                                                           
"Step : 0.010000",                                                                        
"Channel_info_end",                                                                       
$DATA:
       0    2047
       0       0       0       0       0       0       0       0       0    2048
       0       0       0       0       0       0       0       0       0       0
       0       0       0       0       0       0       0       0       0       0
       0       0       0       0       0       0       0       1       0       8
      85     220     209     209     209     226     200     212     218     254
     214     242     214     229     226     230     231     250     242     288
     269     282     302     352     347     349     351     377     365     383
     349     362     294     367     290     319     325     334     325     362
     299     295     318     320     310     286     259     312     291     347
     364     407     454     605     633     845     800     951     922    1031
     898     824     806     644     608     508     465     445     435     492
     534     624     639     788     698     788     688     704     630     606
     471     420     385     377     321     342     273     281     306     317
     358     380     410     429     436     503     468     553     417     466
     365     403     346     357     289     280     293     276     295     334
     364     421     433     577     597     773     879    1017    1014    1077
     997    1131    1082    1079     953     944     900     822     802     767
     643     645     570     611     584     707     877    1121    1481    1901
    2204    2761    3054    3640    3397    3815    3329    3365    2831    2509
    1981    1710    1268    1139     883     788     652     580     574     538
     549     593     609     597     609     649     723     774     725     762
     745     745     715     768     765     716     678     678     640     689
     634     692     739     726     675     793     829     907     975    1157
    1357    1587    2034    2593    3266    4238    4835    6212    6809    7961
    8052    8882    8639    8574    7580    7161    6056    5269    4012    3717
    2823    2436    2109    1962    1844    1833    1799    2045    2113    2592
    2831    4041    5221    7295    9316   14415   16657   22730   26084   32408
   35526   40528   40350   43175   40668   39204   33924   30498   24901   20770
   14934   12428    8303    6593    4812    4114    3396    3658    3567    3900
    3927    4338    4178    4235    4035    3827    3347    3148    2508    2093
    1666    1404    1124     844     678     639     505     520     540     494
     472     501     425     495     501     524     463     499     535     569
     544     587     553     655     658     820     955    1237    1506    2184
    2906    4274    5533    8010   10512   13774   16010   20531   23487   27411
   27953   30858   30877   31176   28074   27835   22577   20588   15919   13473
   10148    7879    5451    4117    2815    2052    1471    1249    1139    1246
    1409    1612    2038    2507    2848    3681    4238    5081    5689    7120
    8144   10033   11187   13041   14906   17020   17913   20435   20878   21813
   20681   20605   18823   17727   14839   13250   10812    8741    6573    5113
    3700    2656    1834    1414     994     730     640     589     559     652
     666     810     980    1190    1385    1717    1877    2150    2329    2695
    2663    2928    2842    2716    2560    2371    2149    2017    1661    1502
    1120    1042     791     657     525     485     429     427     390     394
     340     387     339     375     385     388     380     376     377     388
     342     355     387     365     414     412     395     424     483     601
     652     698     855    1025    1168    1318    1403    1637    1722    1868
    1787    1969    1817    1910    1788    1696    1452    1422    1158    1126
     975     876     734     725     680     654     624     562     584     556
     534     546     559     505     521     570     537     587     588     627
     567     604     614     677     651     716     708     764     747     802
     810     765     852     853     824     821     793     767     752     742
     704     671     646     602     640     666     622     616     549     627
     579     592     573     576     557     563     580     617     584     634
     633     623     618     636     648     658     637     766     662     706
     671     738     696     755     801     824     815     857     830     852
     893     937     895     918     863     983     838     889     836     908
     900     813     809     901     800     877     829     837     811     814
     836     810     768     830     796     830     830     831     790     840
     829     862     816     884     836     937     888    1003     960    1016
    1016    1074    1209    1149    1231    1357    1263    1396    1454    1462
    1409    1560    1385    1463    1334    1367    1275    1300    1205    1228
    1157    1218    1177    1161    1102    1213    1065    1089    1184    1178
    1139    1151    1149    1217    1176    1175    1318    1308    1358    1394
    1598    1782    1934    2353    2665    3343    3954    5094    6106    7552
    8984   11007   13006   15509   16782   18945   21065   22824   22805   25307
   23803   24234   22264   22255   20160   18783   15912   14629   12192   10809
    8317    7229    5918    4882    3855    3408    2546    2330    1863    1782
    1581    1587    1458    1505    1417    1476    1331    1409    1405    1470
    1375    1378    1386    1487    1377    1497    1356    1395    1379    1470
    1431    1498    1366    1462    1525    1586    1582    1712    1723    1746
    1657    1917    2024    2220    2295    2590    2796    3113    3137    3509
    3597    4065    3982    4327    4409    4451    4216    4418    4188    4000
    3728    3617    3272    3050    2718    2569    2360    2214    1918    1889
    1767    1720    1606    1474    1509    1452    1429    1458    1481    1551
    1419    1399    1407    1438    1363    1422    1434    1506    1372    1528
    1453    1493    1472    1478    1438    1487    1510    1425    1517    1490
    1468    1510    1490    1486    1431    1408    1444    1478    1401    1488
    1399    1443    1350    1401    1436    1469    1375    1395    1460    1472
    1413    1446    1396    1460    1360    1489    1459    1558    1416    1522
    1521    1502    1407    1530    1503    1587    1519    1541    1521    1588
    1567    1583    1735    1774    1695    1821    1834    1963    1968    2045
    1991    2037    2067    2112    1969    2051    1951    2076    1993    1975
    1772    1806    1717    1791    1609    1596    1514    1572    1403    1486
    1416    1480    1359    1417    1417    1440    1314    1375    1375    1407
    1362    1404    1381    1361    1350    1448    1360    1425    1400    1426
    1401    1458    1351    1440    1582    1740    1748    1910    2057    2335
    2312    2787    3086    3409    3593    4121    4432    4891    4880    5290
    5508    5571    5559    5642    5730    5693    5160    5103    4718    4445
    4047    3774    3406    3167    2651    2479    2258    2221    1879    1778
    1713    1639    1430    1524    1380    1388    1334    1415    1414    1430
    1329    1366    1401    1357    1295    1417    1410    1395    1274    1399
    1300    1325    1261    1282    1273    1315    1282    1292    1243    1286
    1215    1318    1276    1312    1258    1294    1297    1313    1237    1348
    1332    1404    1263    1294    1315    1310    1265    1316    1261    1243
    1220    1237    1233    1306    1156    1283    1301    1324    1258    1287
    1239    1395    1359    1419    1435    1520    1447    1455    1640    1747
    1626    1644    1796    1725    1775    1837    1836    1876    1718    1707
    1780    1738    1700    1717    1566    1520    1497    1545    1431    1388
    1312    1360    1403    1338    1244    1304    1209    1349    1245    1198
    1252    1277    1230    1262    1244    1231    1185    1241    1248    1288
    1218    1249    1309    1200    1164    1210    1265    1258    1273    1233
    1232    1226    1179    1252    1202    1281    1134    1258    1160    1235
    1193    1236    1209    1249    1154    1292    1292    1283    1185    1250
    1176    1274    1206    1257    1261    1274    1177    1256    1169    1299
    1219    1212    1258    1304    1223    1298    1284    1270    1263    1400
    1262    1444    1305    1420    1404    1464    1455    1518    1504    1618
    1493    1521    1579    1586    1530    1561    1525    1557    1464    1517
    1428    1501    1388    1471    1313    1352    1368    1326    1365    1402
    1291    1298    1256    1317    1241    1268    1237    1216    1220    1254
    1247    1248    1185    1247    1179    1273    1172    1267    1219    1296
    1187    1310    1219    1220    1211    1221    1295    1156    1136    1267
    1241    1301    1234    1259    1257    1201    1215    1346    1271    1255
    1178    1184    1259    1304    1209    1216    1249    1326    1192    1315
    1307    1235    1197    1273    1251    1253    1217    1190    1253    1287
    1198    1204    1225    1298    1228    1223    1229    1323    1162    1230
    1250    1250    1225    1239    1254    1327    1154    1189    1167    1224
    1196    1274    1206    1124    1213    1279    1183    1209    1177    1253
    1203    1322    1157    1205    1236    1343    1203    1264    1185    1332
    1213    1279    1401    1324    1318    1383    1422    1624    1538    1649
    1674    1738    1773    1782    1907    1990    1874    2048    1930    2065
    1923    1995    1934    1935    1828    1855    1863    1681    1717    1685
    1553    1601    1445    1398    1429    1433    1292    1302    1239    1265
    1132    1191    1223    1144    1143    1088    1206    1214    1141    1205
    1080    1164    1089    1161    1148    1177    1058    1131    1121    1117
    1106    1106    1124    1132    1079    1184    1118    1184    1049    1136
    1097    1154    1158    1231    1126    1175    1142    1201    1244    1179
    1173    1273    1199    1306    1151    1317    1314    1322    1311    1270
    1316    1277    1189    1243    1189    1328    1273    1217    1225    1234
    1193    1207    1223    1186    1127    1114    1161    1172    1157    1110
    1125    1095    1039    1088    1083    1096    1016    1033    1105    1088
    1047    1071    1074    1073    1105    1117    1167    1062    1022    1090
    1070    1061    1027    1012    1044    1187    1038    1001    1131    1088
    1056    1064    1135    1135    1072    1141    1080    1171    1121    1131
    1130    1156    1171    1172    1187    1221    1169    1222    1159    1282
    1183    1250    1274    1257    1146    1237    1211    1216    1153    1250
    1165    1200    1096    1156    1164    1244    1061    1090    1117    1114
    1032    1026    1026    1065     989    1058    1032    1064     988    1056
    1029    1065     942     989    1013    1003     954    1024     982     989
     971    1049     961     985     974     985    1017     991     975    1039
    1021    1088     988     949    1004    1031     932     979     991    1023
     992    1035    1037    1075     989    1057     977    1115    1049    1126
    1075    1094    1163    1151    1150    1169    1106    1147    1275    1175
    1109    1205    1165    1213    1163    1207    1174    1167    1095    1116
    1118    1126    1100    1118    1072    1060    1014    1018     968    1048
     984     978     937     980     945     946     863     974     961     882
     922     979     967     933     850     984     861     922     958    1000
     888     896     908     925     927     951     929     954     913     951
     896     937     925     871     987     991     936     905     940     973
     919     873     968     924     917     999     913     906     912     950
     910    1015     864     950     911     934     902     968     913     923
     908     934     984     893     861     890     870     897     917     872
     889     938     859     883     837     929     788     880     953     867
     845     785     875     918     842     906     872     936     866     842
     866     890     853     872     862     949     849     858     810     860
     806     853     852     897     821     797     915     860     827     857
     779     819     789     827     875     904     781     796     829     826
     797     857     845     870     844     820     846     887     863     859
     913     866     850     832     810     830     855     832     931     951
     865     863     919     926     880     934     863     868     850     897
     909     910     856     859     862     923     857     894     820     858
     812     862     806     882     823     790     842     842     825     846
     859     838     790     818     872     801     752     783     800     788
     770     812     782     786     795     737     779     854     772     794
     813     798     771     778     761     832     767     763     810     807
     764     770     844     800     777     764     830     793     721     802
     859     794     786     753     770     820     814     797     738     719
     749     777     752     791     738     758     803     814     728     749
     752     814     785     779     782     829     718     785     768     752
     743     741     813     753     755     801     780     743     811     770
     809     762     757     718     809     795     788     766     750     764
     719     779     763     754     754     734     785     802     715     711
     811     767     717     742     761     773     684     756     826     761
     752     795     790     827     707     763     780     782     711     699
     755     791     732     720     803     783     727     772     837     743
     699     746     746     719     785     775     796     755     725     744
     813     766     770     754     809     762     718     791     752     779
     753     808     775     765     751     757     821     810     759     717
     840     796     734     813     769     791     746     821     785     838
     789     798     827     804     774     771     824     807     755     755
     844     786     802     769     822     773     797     780     785     800
     848     754     860     839     800     843     869     864     827     855
     824     841     833     836     837     861     860     858     862     876
     838     875     832     890     843     857     944     920     912     943
     891     953     895     886     941     969     911     876     899     960
     943     941     945     982     951     990     996    1033     961    1061
    1079    1047    1003    1057    1077    1106    1084    1112    1164    1204
    1133    1118    1244    1323    1177    1258    1333    1328    1230    1362
    1350    1388    1424    1446    1514    1571    1465    1585    1642    1660
    1722    1830    1897    1951    1862    2010    2055    2114    2121    2202
    2363    2490    2381    2557    2685    2815    2761    2884    3118    3186
    3086    3300    3512    3578    3524    3671    3894    3985    3909    3946
    4229    4301    4253    4449    4403    4624    4435    4571    4696    4875
    4645    4752    5024    4921    4826    4825    4836    4987    4708    4707
    5246    4881    4799    4766    4704    4882    4540    4500    4602    4428
    4256    4337    4131    4143    3905    4039    3903    3838    3535    3481
    3409    3448    3252    3133    3124    3113    2880    2763    2685    2697
    2367    2400    2416    2304    2151    2079    2029    2049    1829    1780
    1838    1779    1635    1594    1635    1494    1419    1443    1409    1389
    1293    1351    1309    1267    1104    1193    1187    1228    1148    1225
    1228    1272    1224    1220    1494    1389    1364    1436    1531    1613
    1586    1692    1803    1900    1956    1970    2090    2219    2172    2328
    2367    2522    2414    2540    2563    2588    2483    2645    2638    2788
    2644    2486    2570    2470    2223    2201    2498    2222    2087    2037
    1935    1930    1737    1587    1588    1468    1360    1308    1198    1144
    1090     999    1041     911     881     852     849     734     739     716
     756     668     710     687     693     699     699  365601
