$Informacoes da Fluorescencia de Raios-X:
"Sample    : AFR-669",                                                                    
"Operator  : thiago",                                                                     
"Comment  : ",                                                                            
"Group     : thiago_acra2010ma",                                                          
"Date       : 2010-11-12 16:06:04",                                                       
"",                                                                                       
"Mesurement Condition",                                                                   
"------------------------------------------------------------------------------------",   
"Instrument : 700HS2   Atmosphere : Vac.   Collimator : 10(mm)   Spin : No",              
"------------------------------------------------------------------------------------",   
"Analyte               TG kV   uA      FI Acq.(keV)  Anal.(keV)  Time(sec)     DT(%)",    
"------------------------------------------------------------------------------------",   
"Na                    Rh 50 1000-Auto Al  0 - 20    0.8 - 1.2   Live -  960   10",       
"Channel_info_start",                                                                     
"Channel : Na",                                                                           
"Points : 2048
"Range : 0.000000 - 20.480000",                                                           
"Step : 0.010000",                                                                        
"Channel_info_end",                                                                       
$DATA:
       0    2047
       0       0       0       0       0       0       0       0       0    2048
       0       0       0       0       0       0       0       0       0       0
       0       0       0       0       0       0       0       0       0       0
       0       0       0       0       0       0       0       2       2       8
      49     163     157     171     168     178     174     182     124     161
     140     176     158     181     141     151     141     146     147     171
     141     140     150     137     162     190     154     189     179     174
     169     221     237     295     307     364     355     397     352     366
     340     374     265     229     209     204     193     187     130     155
     111     151     148     149     145     138     132     139     151     145
     130     143     127     132     136     143     148     146     140     131
     136     143     145     163     148     134     143     143     118     165
     163     159     143     158     108     138     154     157     146     153
     133     166     132     147     139     138     152     149     152     147
     142     142     142     157     151     128     135     165     123     153
     146     143     149     155     132     150     159     158     144     142
     164     161     162     130     157     143     137     164     128     142
     154     161     126     132     130     143     123     147      98     148
     132     142     124     125     100     136     128     142     116     127
     110     136     122     115     112     153     102     125     124     125
     123     132     116     128     106     137     130     120     111     136
     134     133     100     119     114     142     119     116     125     122
     115     125     128     119     107     101     119     108     125     128
     101     118     134     124     117     128     117      80     111     117
     115     112     106     113     123     108     123     123     121      94
     110     101     118     105     113     120      95     110     109     105
     101     128     123     112      90     119     102     107      93      92
     110     119     134     121     121     161     141     158     159     168
     161     168     128     144     152     166     162     135     140     152
     178     186     146     149     165     159     147     164     145     161
     132     150     137     144     115     136     130     156     134     130
     118     121     132     123     120     117     159     114     110     122
     100     129     117     121     119     114     130     119     133     132
     116     136     119     138     129     135     106     118     111     122
     127     132     128     133     131     153     136     146     114     153
     116     147     131     122     111     162     133     136     129     138
     109     141     120     131     145     132     159     153     128     155
     155     125     148     172     162     143     153     166     147     164
     162     169     171     186     187     182     187     179     136     188
     174     174     196     177     177     194     181     204     187     222
     167     185     178     176     197     196     191     229     197     237
     206     238     218     201     206     248     240     233     245     240
     247     259     241     238     249     254     259     279     260     307
     275     290     296     314     277     312     308     305     320     332
     310     310     298     315     292     295     311     308     295     331
     313     312     321     364     321     352     285     355     305     375
     358     383     368     354     360     355     380     386     400     403
     365     424     409     407     421     456     404     429     425     442
     424     416     450     450     462     492     451     548     475     497
     462     526     461     509     455     505     509     512     523     470
     457     510     460     573     443     532     542     494     495     502
     519     516     541     541     491     526     508     512     502     495
     512     581     504     533     466     532     532     588     511     515
     542     586     566     563     571     601     546     629     545     606
     578     651     647     695     655     658     675     713     668     749
     671     765     686     781     760     764     729     697     703     781
     731     716     722     791     703     720     695     750     713     766
     769     780     750     821     784     827     759     816     834     809
     756     842     821     819     804     914     834     812     799     875
     869     920     824     842     877     939     853     880     865     968
     896     959     886     998     903     937     947     977     896     955
     930    1000     945     985     970     990     963     967    1013    1057
     977    1017    1009    1057    1018    1009     986    1082    1056    1055
    1096    1187    1101    1161    1119    1147    1095    1129    1067    1131
    1155    1153    1183    1237    1163    1236    1223    1397    1216    1339
    1203    1334    1256    1322    1268    1273    1219    1296    1197    1295
    1144    1258    1240    1214    1158    1283    1236    1290    1166    1268
    1270    1290    1241    1252    1264    1292    1259    1295    1254    1403
    1255    1303    1256    1326    1295    1361    1319    1319    1284    1313
    1353    1445    1272    1357    1348    1306    1316    1500    1323    1339
    1327    1377    1333    1437    1323    1374    1398    1496    1328    1456
    1360    1470    1358    1345    1344    1383    1348    1368    1409    1470
    1390    1429    1381    1488    1384    1426    1399    1416    1308    1477
    1399    1506    1349    1422    1421    1433    1294    1443    1387    1423
    1376    1394    1378    1417    1378    1418    1398    1451    1446    1429
    1384    1480    1400    1454    1353    1453    1326    1447    1356    1458
    1383    1491    1408    1443    1334    1426    1419    1406    1358    1377
    1362    1422    1344    1464    1448    1464    1356    1407    1425    1406
    1329    1416    1416    1479    1416    1407    1397    1488    1514    1399
    1463    1577    1437    1523    1455    1512    1464    1500    1463    1591
    1508    1604    1590    1641    1516    1710    1664    1789    1648    1742
    1742    1772    1722    1766    1744    1779    1726    1709    1705    1654
    1567    1631    1564    1554    1402    1559    1395    1479    1333    1395
    1345    1316    1319    1378    1323    1315    1242    1340    1227    1365
    1250    1287    1335    1369    1226    1278    1208    1268    1229    1238
    1176    1293    1236    1341    1300    1193    1272    1293    1267    1317
    1208    1216    1189    1239    1327    1309    1351    1414    1297    1326
    1335    1417    1254    1427    1363    1350    1271    1365    1303    1306
    1207    1313    1240    1287    1256    1289    1185    1314    1209    1255
    1245    1294    1268    1291    1223    1203    1207    1210    1254    1267
    1212    1226    1232    1240    1130    1254    1283    1284    1187    1218
    1160    1191    1203    1283    1143    1226    1111    1169    1162    1209
    1144    1206    1134    1174    1211    1199    1165    1186    1215    1217
    1188    1255    1144    1177    1165    1140    1174    1189    1166    1170
    1126    1187    1131    1175    1117    1168    1143    1200    1165    1246
    1152    1185    1161    1178    1217    1218    1125    1176    1162    1122
    1182    1115    1178    1229    1094    1106    1129    1158    1165    1208
    1253    1188    1086    1164    1165    1170    1092    1134    1127    1126
    1159    1088    1165    1132    1102    1169    1177    1143    1153    1153
    1136    1212    1113    1079    1161    1167    1041    1163    1149    1160
    1060    1097    1182    1204    1138    1226    1168    1157    1074    1118
    1130    1104    1060    1125    1162    1155    1101    1126    1108    1233
    1096    1173    1084    1153    1104    1156    1100    1175    1053    1165
    1150    1199    1049    1150    1112    1094    1043    1148    1148    1181
    1103    1148    1108    1138    1062    1124    1090    1200    1165    1175
    1118    1192    1077    1154    1181    1219    1134    1162    1153    1179
    1043    1150    1117    1148    1120    1168    1097    1208    1111    1166
    1183    1191    1145    1179    1142    1163    1109    1177    1129    1238
    1167    1178    1132    1198    1120    1116    1215    1165    1110    1138
    1191    1156    1159    1131    1118    1235    1174    1172    1129    1142
    1094    1212    1104    1146    1176    1197    1188    1183    1157    1133
    1177    1169    1073    1211    1139    1106    1188    1141    1214    1256
    1097    1207    1202    1230    1201    1177    1132    1169    1097    1145
    1181    1166    1144    1180    1224    1205    1118    1166    1199    1163
    1182    1139    1220    1147    1137    1271    1173    1217    1152    1157
    1182    1159    1137    1171    1204    1163    1126    1116    1178    1181
    1136    1312    1112    1197    1141    1122    1134    1138    1129    1141
    1135    1151    1066    1129    1156    1137    1137    1206    1064    1229
    1104    1106    1135    1141    1068    1149    1109    1170    1143    1102
    1135    1153    1099    1093    1093    1131    1093    1129    1111    1170
    1130    1152    1080    1117    1069    1056    1065    1119    1077    1134
    1079    1097    1091    1165    1093    1132    1014    1105    1085    1096
     999    1080    1145    1136    1075    1129    1121    1115    1018    1099
    1096    1050    1090    1050    1098    1086    1017    1080    1093    1159
    1036    1035    1015    1098    1030    1060    1010    1060    1046    1131
    1016    1039     996    1023    1021    1023    1056    1071    1061    1043
    1023    1018    1074    1038    1045    1090    1037    1071    1009    1013
    1095    1078    1020    1049     998    1017     979    1047    1006    1076
     993    1047    1039    1084    1023    1038    1040    1029     989    1027
    1026    1023     973     999     984    1031     994    1064    1037    1063
     905    1021    1040     993    1012    1053    1004    1087     956     996
    1041    1057     914    1061    1002    1007     983    1003     977     975
     965     966    1005     982     945    1000     943    1033     961    1011
     992    1030     933     953     936    1001     986    1003     984     982
     969     978     972     994     947    1001     986    1039     961    1002
    1017    1026     917    1016     991    1018     949     999     934    1025
     950     937     989    1003     912    1033     960    1058     986     972
     980    1043     898     998     996    1017     947     995    1015     953
     951     957     947     968     966     951     997    1016     942    1007
     875    1000     946     956     982     973     925     968     950     984
     890     897     984     891     900     940     930     999     885     917
     931     964     899     914    1004     954     905     925    1057     947
     840     909     902     966     864     963     966     909     864     951
     953     932     896     943     852     918     868     928     900     882
     903     933     908     931     926     945     899     935     883     869
     932     923     896     901     878     944     877     898     926     938
     874     907     930     920     837     929     874     882     869     927
     868     912     836     849     848     946     871     839     824     819
     830     829     902     873     839     857     810     880     829     845
     870     841     882     864     864     826     819     831     843     844
     804     841     839     845     824     881     862     845     797     850
     877     823     824     797     867     878     788     866     853     825
     786     850     883     870     829     779     833     854     818     851
     845     772     738     770     801     886     809     771     808     830
     827     831     839     816     718     787     914     915     754     793
     807     850     759     820     819     793     815     839     772     795
     739     825     760     864     756     803     838     784     819     824
     767     787     808     795     795     818     778     789     737     797
     784     794     795     832     736     783     809     805     794     790
     770     800     730     783     762     787     802     821     791     789
     755     754     746     787     771     730     809     771     740     870
     745     788     735     776     739     787     734     722     719     800
     728     744     788     715     757     812     735     756     740     777
     732     778     740     748     760     801     794     767     783     784
     802     718     804     767     753     788     811     784     741     748
     768     773     742     726     704     753     723     750     728     736
     748     753     775     753     767     756     795     782     695     725
     769     773     704     762     768     750     756     689     695     746
     780     785     761     725     723     707     759     768     706     725
     709     755     710     739     726     764     744     716     732     749
     715     702     791     749     752     722     790     806     745     731
     738     743     750     724     754     746     737     744     742     708
     716     735     754     756     668     716     730     765     710     764
     796     770     728     758     749     753     670     722     787     759
     739     779     757     738     711     735     772     777     724     729
     774     758     738     775     813     743     722     748     760     760
     742     753     770     777     721     697     713     758     741     737
     846     743     779     817     744     767     738     806     768     765
     760     792     757     809     769     825     775     818     775     739
     825     785     783     756     797     777     804     775     792     842
     790     790     896     825     762     810     795     805     776     807
     811     855     762     854     836     907     829     829     808     847
     861     825     828     915     871     837     971     912     830     892
     898     875     884     929     882     905     922     953     929     890
     939     933     973     968    1007    1019    1039    1047     976    1009
    1017     982    1017    1074    1031    1124    1098    1031    1097    1124
    1129    1111    1172    1200    1233    1230    1294    1234    1236    1340
    1280    1417    1379    1388    1508    1571    1449    1564    1657    1653
    1679    1798    1883    1918    1963    2025    2073    2161    2124    2260
    2414    2519    2419    2531    2677    2841    2778    2913    3094    3253
    3181    3129    3373    3383    3564    3597    3843    3821    3851    4073
    4113    4057    4281    4324    4412    4513    4328    4481    4689    4736
    4677    4580    5021    4911    4688    4747    4934    4901    4592    4678
    5085    4815    4655    4632    4702    4703    4549    4454    4627    4602
    4290    4139    4214    4247    3912    3967    3825    3818    3634    3658
    3458    3470    3132    3116    3148    3027    2873    2785    2743    2745
    2450    2435    2495    2327    2166    2073    2058    2011    1958    1789
    1835    1747    1603    1564    1546    1487    1515    1396    1393    1365
    1270    1274    1266    1197    1183    1260    1297    1149    1170    1189
    1191    1225    1275    1296    1413    1428    1345    1508    1510    1618
    1643    1649    1832    1850    1889    2013    2029    2081    2219    2296
    2352    2360    2332    2395    2459    2598    2393    2548    2606    2570
    2261    2426    2377    2311    2105    2108    2232    1993    1862    1826
    1765    1642    1512    1505    1457    1295    1291    1159    1110    1047
     956     912     931     842     791     787     758     742     716     640
     742     710     692     693     692     677     674  357236
