Acquisition date and time: 00-00-   0 (00:00:00)
Live Time:,        0
Real Time:,        0
 
Photopeaks:,    15
  11,      1.041,        148,         69,       1.18
  12,      1.254,        109,         68,       1.21
  13,      1.487,        892,         78,       1.37
  14,      1.740,       2353,         87,       1.96
  15,      2.013,         21,         72,       0.62
  16,      2.307,       5010,        140,       3.00
  17,      2.622,       8177,        138,       1.68
  19,      3.313,      34575,        204,       2.87
  20,      3.691,       8722,        139,       1.91
  22,      4.509,        317,        166,       2.33
  23,      4.950,        378,        159,       1.75
  24,      5.412,       1406,        180,       1.31
  25,      5.895,       1248,        208,       2.66
  45,      2.696,        778,         92,       1.52
  56,      4.464,       1141,        225,       2.44
Incoherent scattering peaks:,     1
  16,      2.297,        301,        183,       2.86
