Acquisition date and time: 00-00-   0 (00:00:00)
Live Time:,        0
Real Time:,        0
 
Photopeaks:,    15
  11,      1.041,        466,         65,       0.71
  12,      1.254,        141,         66,       2.05
  13,      1.487,       2288,         86,       1.45
  14,      1.740,       9893,        124,       1.53
  15,      2.013,        710,         82,       1.72
  16,      2.307,      36703,        271,       2.14
  17,      2.622,       6811,        131,       1.65
  19,      3.313,      73277,        331,       3.85
  20,      3.691,      31981,        210,       1.96
  22,      4.509,       4464,        170,       1.03
  23,      4.950,        797,        144,       1.47
  24,      5.412,        797,        153,       2.11
  25,      5.895,       3401,        189,       3.64
  45,      2.696,        369,         88,       1.51
  56,      4.464,        804,        208,       1.46
Incoherent scattering peaks:,     2
  16,      2.297,       2164,        271,       2.45
  19,      3.292,        291,        269,       3.60
