Acquisition date and time: 00-00-   0 (00:00:00)
Live Time:,        0
Real Time:,        0
 
Photopeaks:,    15
  11,      1.041,        116,         75,       0.74
  12,      1.254,        524,         81,       1.45
  13,      1.487,       5201,        110,       1.45
  14,      1.740,      22127,        173,       4.50
  15,      2.013,        420,         88,       1.28
  16,      2.307,       5503,        114,       1.76
  17,      2.622,       5796,        132,       1.69
  19,      3.313,      26945,        237,       2.77
  20,      3.691,     120217,        357,       5.90
  22,      4.509,      11769,        231,       2.64
  23,      4.950,       1362,        187,       2.45
  24,      5.412,       1226,        197,       1.85
  25,      5.895,       3790,        238,       2.28
  45,      2.696,        520,         96,       1.10
  56,      4.464,       1424,        267,       2.63
Incoherent scattering peaks:,     1
  19,      3.292,        252,        244,       2.76
