Acquisition date and time: 00-00-   0 (00:00:00)
Live Time:,        0
Real Time:,        0
 
Photopeaks:,    15
  11,      1.041,        822,         78,       1.40
  12,      1.254,        277,         78,       1.49
  13,      1.487,       4306,        113,       2.08
  14,      1.740,      17239,        163,       2.64
  15,      2.013,        392,        105,       1.78
  16,      2.307,      35711,        293,       3.67
  17,      2.622,     112658,        498,       6.71
  19,      3.313,     282719,        628,      12.64
  20,      3.691,      91410,        450,       6.91
  22,      4.509,       8857,        198,       1.97
  23,      4.950,        185,        155,       1.35
  24,      5.412,       1398,        165,       1.83
  25,      5.895,       3041,        200,       2.02
  45,      2.696,        888,        207,       5.18
  56,      4.464,       1552,        226,       2.47
Incoherent scattering peaks:,     4
  16,      2.297,       3595,        345,       3.48
  17,      2.609,       6343,        602,       6.54
  19,      3.292,       5410,        445,      11.87
  20,      3.665,        432,        512,       6.91
