Acquisition date and time: 00-00-   0 (00:00:00)
Live Time:,        0
Real Time:,        0
 
Photopeaks:,    15
  11,      1.041,        588,         69,       1.54
  12,      1.254,         78,         68,       1.18
  13,      1.487,       1434,         83,       1.42
  14,      1.740,       6375,        110,       1.77
  15,      2.013,        887,         88,       2.59
  16,      2.307,      55415,        325,       4.53
  17,      2.622,      13441,        165,       3.90
  19,      3.313,     108706,        392,       5.90
  20,      3.691,      22357,        191,       3.84
  22,      4.509,       2624,        156,       1.37
  23,      4.950,        784,        140,       1.23
  24,      5.412,        846,        152,       1.30
  25,      5.895,       1841,        182,       1.57
  45,      2.696,        397,         99,       2.15
  56,      4.464,        543,        197,       1.33
Incoherent scattering peaks:,     2
  16,      2.297,       4458,        318,       4.40
  19,      3.292,       1117,        302,       5.63
