Acquisition date and time: 00-00-   0 (00:00:00)
Live Time:,        0
Real Time:,        0
 
Photopeaks:,    15
  11,      1.041,        154,         97,       3.47
  12,      1.254,        789,        105,       3.30
  13,      1.487,      23591,        201,       3.49
  14,      1.740,     103546,        350,       9.36
  15,      2.013,       1073,        135,       3.78
  16,      2.307,      85448,        320,       5.52
  17,      2.622,     176864,        502,      13.41
  19,      3.313,     544671,        845,      21.81
  20,      3.691,     147710,        436,       7.32
  22,      4.509,      43920,        316,       1.85
  23,      4.950,       1154,        206,       1.45
  24,      5.412,       1695,        198,       1.63
  25,      5.895,       9379,        250,       1.80
  45,      2.696,       2365,        230,      11.27
  56,      4.464,       2276,        291,       2.33
Incoherent scattering peaks:,     1
  19,      3.292,      11387,        594,      22.96
