Acquisition date and time: 00-00-   0 (00:00:00)
Live Time:,        0
Real Time:,        0
 
Photopeaks:,    14
  11,      1.041,        119,         77,       1.28
  12,      1.254,       1797,         94,       2.56
  13,      1.487,      41357,        247,       4.99
  14,      1.740,     236890,        637,      19.45
  15,      2.013,        445,        126,       4.57
  16,      2.307,      23011,        191,       1.90
  17,      2.622,      55847,        265,       4.58
  19,      3.313,     284106,        619,      17.07
  20,      3.691,     567115,        904,      15.11
  22,      4.509,     113570,        426,       4.56
  23,      4.950,       1667,        224,       2.34
  24,      5.412,       3208,        189,       2.15
  25,      5.895,      29495,        284,       2.88
  56,      4.464,       5869,        285,       4.20
Incoherent scattering peaks:,     3
  14,      1.734,      12144,        592,      19.45
  19,      3.292,       8576,        442,      16.83
  20,      3.665,      13000,        773,      14.50
