Acquisition date and time: 00-00-   0 (00:00:00)
Live Time:,        0
Real Time:,        0
 
Photopeaks:,    15
  11,      1.041,       1267,         95,       2.65
  12,      1.254,        615,         94,       2.33
  13,      1.487,      16759,        168,       2.04
  14,      1.740,     102217,        340,       7.80
  15,      2.013,       1043,        125,       2.18
  16,      2.307,      68336,        378,       3.28
  17,      2.622,     124467,        421,      10.51
  19,      3.313,     173939,        505,       8.52
  20,      3.691,     236346,        653,       7.81
  22,      4.509,      42584,        311,       2.39
  23,      4.950,       1148,        198,       2.17
  24,      5.412,       3061,        192,       1.10
  25,      5.895,       9026,        247,       6.46
  45,      2.696,        907,        186,       7.87
  56,      4.464,       3117,        276,       2.36
Incoherent scattering peaks:,     3
  16,      2.297,       6040,        398,       3.29
  19,      3.292,       1216,        382,       7.98
  20,      3.665,        659,        643,       7.91
