Acquisition date and time: 00-00-   0 (00:00:00)
Live Time:,        0
Real Time:,        0
 
Photopeaks:,    15
  11,      1.041,        231,         78,       2.13
  12,      1.254,       2238,         95,       1.42
  13,      1.487,      52301,        274,       6.51
  14,      1.740,     305288,        721,      22.78
  15,      2.013,        802,        132,       6.12
  16,      2.307,      36255,        222,       3.72
  17,      2.622,      72225,        327,       4.25
  19,      3.313,     268711,        605,      16.95
  20,      3.691,     522993,        873,      16.98
  22,      4.509,     129490,        453,       5.07
  23,      4.950,       2078,        232,       1.91
  24,      5.412,       3740,        187,       2.36
  25,      5.895,      30345,        283,       3.14
  45,      2.696,       1017,        162,       3.61
  56,      4.464,       8003,        296,       4.34
Incoherent scattering peaks:,     3
  14,      1.734,      16231,        658,      22.85
  19,      3.292,      10321,        436,      16.97
  20,      3.665,      11501,        752,      15.93
