Acquisition date and time: 00-00-   0 (00:00:00)
Live Time:,        0
Real Time:,        0
 
Photopeaks:,    15
  11,      1.041,        670,         96,       1.72
  12,      1.254,       1990,        110,       3.22
  13,      1.487,      39362,        259,       4.42
  14,      1.740,     227799,        678,      14.39
  15,      2.013,       1660,        146,       3.37
  16,      2.307,      98100,        338,       7.90
  17,      2.622,      15393,        213,       8.03
  19,      3.313,     591034,        902,      28.08
  20,      3.691,     231681,        679,       9.05
  22,      4.509,      71984,        379,       5.05
  23,      4.950,        949,        228,       2.08
  24,      5.412,       1953,        205,       2.46
  25,      5.895,      17951,        275,       3.07
  45,      2.696,       1371,        153,       4.01
  56,      4.464,       5617,        311,       4.35
Incoherent scattering peaks:,     3
  14,      1.734,       8821,        677,      16.11
  19,      3.292,      19624,        616,      26.65
  20,      3.665,       2189,        731,       8.24
