Acquisition date and time: 00-00-   0 (00:00:00)
Live Time:,        0
Real Time:,        0
 
Photopeaks:,    15
  11,      1.041,        108,         72,       1.57
  12,      1.254,        415,         76,       0.82
  13,      1.487,       6323,        119,       1.25
  14,      1.740,      22531,        176,       3.07
  15,      2.013,        248,         88,       2.14
  16,      2.307,      12143,        152,       0.81
  17,      2.622,      68376,        370,       6.14
  19,      3.313,     190329,        506,       9.90
  20,      3.691,      47055,        259,       4.65
  22,      4.509,      11175,        208,       1.18
  23,      4.950,        759,        163,       0.96
  24,      5.412,       1446,        173,       1.35
  25,      5.895,       3694,        206,       2.12
  45,      2.696,        809,        166,       3.94
  56,      4.464,       1303,        231,       1.29
Incoherent scattering peaks:,     2
  17,      2.609,       2037,        398,       6.25
  19,      3.292,       1855,        372,      10.15
