Acquisition date and time: 00-00-   0 (00:00:00)
Live Time:,        0
Real Time:,        0
 
Photopeaks:,    15
  11,      1.041,        472,         70,       1.30
  12,      1.254,        198,         72,       1.74
  13,      1.487,       2488,         92,       1.24
  14,      1.740,      11134,        133,       1.39
  15,      2.013,        973,         91,       2.18
  16,      2.307,      52279,        319,       4.83
  17,      2.622,       6102,        134,       3.56
  19,      3.313,     103990,        390,       5.66
  20,      3.691,      30330,        213,       2.49
  22,      4.509,       5219,        181,       1.75
  23,      4.950,        480,        152,       1.11
  24,      5.412,        847,        163,       1.74
  25,      5.895,       2341,        196,       1.83
  45,      2.696,        331,         94,       2.33
  56,      4.464,        805,        221,       1.42
Incoherent scattering peaks:,     2
  16,      2.297,       2898,        313,       4.70
  19,      3.292,        387,        310,       5.50
