Acquisition date and time: 00-00-   0 (00:00:00)
Live Time:,        0
Real Time:,        0
 
Photopeaks:,    14
  12,      1.254,       2453,         96,       2.67
  13,      1.487,       4549,        115,       1.28
  14,      1.740,      48650,        244,       5.85
  15,      2.013,       5700,        143,       2.43
  16,      2.307,      15472,        166,       2.20
  17,      2.622,      33596,        244,       3.96
  19,      3.313,     149381,        484,       8.11
  20,      3.691,     707338,       1036,      21.92
  22,      4.509,      22675,        246,       2.47
  23,      4.950,        377,        170,       1.44
  24,      5.412,       1127,        173,       2.32
  25,      5.895,      22548,        262,      28.55
  45,      2.696,        140,        139,       2.82
  56,      4.464,       1495,        244,       2.39
Incoherent scattering peaks:,     2
  19,      3.292,       9872,        403,       8.26
  20,      3.665,      15252,        896,      22.34
