Acquisition date and time: 00-00-   0 (00:00:00)
Live Time:,        0
Real Time:,        0
 
Photopeaks:,    23
  11,      1.041,        813,         81,       2.31
  12,      1.254,        300,         80,       1.22
  13,      1.487,      10218,        140,       4.98
  14,      1.740,      54445,        258,       7.46
  16,      2.307,      42943,        238,       2.42
  17,      2.622,     121323,        359,       9.48
  19,      3.313,      88338,        318,       5.70
  20,      3.691,     174796,        427,       7.78
  22,      4.509,      29097,        258,       2.71
  23,      4.950,       1152,        173,       2.27
  24,      5.412,       2154,        174,       1.08
  25,      5.895,       7058,        218,       1.67
  26,      6.399,     769899,        948,      23.80
  28,      7.472,       1693,        379,       2.28
  29,      8.041,      13201,        410,       1.61
  30,      8.631,      24575,        411,       2.64
  34,     11.208,       1283,        375,       1.46
  35,     11.908,       8507,        379,       1.70
  38,     14.142,       2902,        350,       1.08
  40,     15.746,       1768,        336,       0.89
  56,      4.464,       2053,        240,       2.50
  72,      7.893,        734,        378,       2.65
  82,     10.542,       4556,        369,       1.90
Incoherent scattering peaks:,     2
  26,      6.320,      10237,        591,      21.64
  26,      6.963,      10757,        437,       8.56
