Acquisition date and time: 00-00-   0 (00:00:00)
Live Time:,        0
Real Time:,        0
 
Photopeaks:,    23
  11,      1.041,        975,         86,       1.61
  12,      1.254,        655,         93,       4.00
  13,      1.487,      21651,        189,       4.89
  14,      1.740,     109503,        358,      22.53
  16,      2.307,      52254,        267,       4.95
  17,      2.622,     150939,        404,      11.38
  19,      3.313,     181916,        450,      12.36
  20,      3.691,     344539,        592,      14.45
  22,      4.509,      59191,        330,       3.64
  23,      4.950,       1358,        198,       2.13
  24,      5.412,       2594,        185,       2.42
  25,      5.895,      12086,        238,       1.99
  26,      6.399,    1078833,       1097,      30.76
  28,      7.472,       1411,        384,       1.37
  29,      8.041,      12375,        413,       1.36
  30,      8.631,      31577,        423,       1.77
  35,     11.908,       9490,        384,       1.62
  38,     14.142,       5370,        357,       1.43
  39,     14.932,        917,        344,       1.38
  40,     15.746,       3611,        341,       2.03
  56,      4.464,       2326,        266,       3.36
  72,      7.893,        578,        383,       1.70
  82,     10.542,       4718,        374,       1.11
Incoherent scattering peaks:,     2
  26,      6.320,      13749,        631,      24.16
  26,      6.963,      11330,        464,      15.28
