Acquisition date and time: 00-00-   0 (00:00:00)
Live Time:,        0
Real Time:,        0
 
Photopeaks:,    24
  11,      1.041,        578,         94,       1.57
  12,      1.254,        895,        107,       4.31
  13,      1.487,      33565,        230,       8.64
  14,      1.740,     190701,        464,      33.54
  16,      2.307,      59605,        287,       4.57
  17,      2.622,     112959,        365,       9.77
  19,      3.313,     282894,        558,      13.61
  20,      3.691,     473969,        696,      17.01
  22,      4.509,      86135,        395,       3.07
  23,      4.950,       2355,        235,       2.27
  24,      5.412,       2777,        214,       1.54
  25,      5.895,      20907,        286,       2.43
  26,      6.399,    1656797,       1347,      44.53
  28,      7.472,       1002,        441,       2.02
  29,      8.041,      15339,        471,       2.41
  30,      8.631,      31878,        472,       1.86
  34,     11.208,       1124,        433,       1.47
  35,     11.908,      36206,        470,       3.30
  37,     13.375,       2982,        504,       1.99
  38,     14.142,       7967,        409,       1.31
  40,     15.746,       5204,        391,       1.81
  56,      4.464,       2790,        315,       4.15
  72,      7.893,       1074,        438,       1.88
  82,     10.542,       5694,        430,       1.46
Incoherent scattering peaks:,     2
  26,      6.320,      15444,        747,      35.20
  26,      6.963,      14588,        547,      22.99
