Acquisition date and time: 00-00-   0 (00:00:00)
Live Time:,        0
Real Time:,        0
 
Photopeaks:,    22
  11,      1.041,       1859,        108,       2.59
  12,      1.254,        849,        111,       4.22
  13,      1.487,      15720,        184,       3.98
  14,      1.740,      86073,        331,      17.94
  16,      2.307,      58236,        293,       6.29
  17,      2.622,     342647,        594,      27.56
  19,      3.313,     331879,        598,      18.07
  20,      3.691,     383567,        636,      15.54
  22,      4.509,      44376,        317,       2.83
  23,      4.950,       1209,        208,       1.64
  24,      5.412,       1970,        206,       1.56
  25,      5.895,      11578,        264,       1.62
  26,      6.399,     891845,       1042,      27.57
  28,      7.472,       1924,        454,       2.74
  29,      8.041,      13700,        488,       1.46
  30,      8.631,      48225,        510,       1.94
  35,     11.908,      26567,        480,       2.40
  38,     14.142,       6913,        429,       2.75
  40,     15.746,       2540,        407,       1.64
  56,      4.464,       2565,        293,       3.09
  72,      7.893,       1646,        461,       3.51
  82,     10.542,      10103,        454,       1.76
Incoherent scattering peaks:,     2
  26,      6.320,      14310,        695,      22.06
  26,      6.963,      13825,        512,      11.15
