Acquisition date and time: 00-00-   0 (00:00:00)
Live Time:,        0
Real Time:,        0
 
Photopeaks:,    25
  11,      1.041,        303,         81,       1.86
  12,      1.254,       1197,        100,       2.61
  13,      1.487,      36520,        232,       8.31
  14,      1.740,     168134,        435,      32.88
  16,      2.307,      79602,        312,       5.56
  17,      2.622,      20206,        200,      12.57
  19,      3.313,     390707,        636,      20.29
  20,      3.691,     244277,        523,      10.90
  22,      4.509,      74752,        362,       4.03
  23,      4.950,       2868,        213,       2.22
  24,      5.412,       2639,        186,       1.40
  25,      5.895,      17484,        254,       1.87
  26,      6.399,    1259881,       1175,      30.08
  28,      7.472,       1277,        389,       2.27
  29,      8.041,      13634,        418,       2.12
  30,      8.631,      29091,        422,       2.04
  34,     11.208,        923,        381,       1.66
  35,     11.908,      16387,        396,       2.16
  38,     14.142,       6689,        361,       1.48
  39,     14.932,       1139,        346,       1.31
  40,     15.746,       3745,        342,       1.41
  41,     16.583,        627,        332,       1.34
  56,      4.464,       1917,        285,       5.08
  72,      7.893,        573,        386,       2.53
  82,     10.542,       4680,        381,       2.15
Incoherent scattering peaks:,     2
  26,      6.320,      13755,        657,      23.79
  26,      6.963,      10235,        478,      15.82
