Acquisition date and time: 00-00-   0 (00:00:00)
Live Time:,        0
Real Time:,        0
 
Photopeaks:,    22
  11,      1.041,        661,         77,       0.77
  12,      1.254,        319,         76,       2.48
  13,      1.487,       2468,        100,       2.80
  14,      1.740,      10995,        143,       2.64
  16,      2.307,      66803,        279,       4.69
  17,      2.622,      29091,        229,       3.31
  19,      3.313,     155659,        401,       8.65
  20,      3.691,      36008,        234,       3.96
  22,      4.509,       6085,        152,       2.14
  23,      4.950,        724,        168,       2.12
  24,      5.412,       1417,        178,       1.25
  25,      5.895,       2729,        214,       2.36
  26,      6.399,     137245,        532,       6.38
  28,      7.472,       2317,        414,       1.98
  29,      8.041,       8690,        468,       1.88
  30,      8.631,      15124,        433,       1.12
  35,     11.908,       9752,        423,       1.99
  37,     13.375,       1275,        403,       1.23
  38,     14.142,       1277,        398,       1.19
  40,     15.746,        765,        377,       1.18
  45,      2.696,         57,        128,       3.03
  82,     10.542,       2966,        417,       1.37
Incoherent scattering peaks:,     3
  26,      6.320,       5789,        537,       5.83
  26,      6.963,      10286,        393,       2.96
  29,      7.917,       9345,        483,       2.14
