$Informacoes da Fluorescencia de Raios-X:
"Sample    : ACC-1004",                                                                   
"Operator  : thiago",                                                                     
"Comment  : ",                                                                            
"Group     : thiago_acra2010ma",                                                          
"Date       : 2010-06-09 06:48:27",                                                       
"",                                                                                       
"Mesurement Condition",                                                                   
"------------------------------------------------------------------------------------",   
"Instrument : 700HS2   Atmosphere : Vac.   Collimator : 10(mm)   Spin : No",              
"------------------------------------------------------------------------------------",   
"Analyte               TG kV   uA      FI Acq.(keV)  Anal.(keV)  Time(sec)     DT(%)",    
"------------------------------------------------------------------------------------",   
"Na                    Rh 50 1000-Auto Al  0 - 20    0.8 - 1.2   Live -  960    7",       
"Channel_info_start",                                                                     
"Channel : Na",                                                                           
"Points : 2048
"Range : 0.000000 - 20.480000",                                                           
"Step : 0.010000",                                                                        
"Channel_info_end",                                                                       
$DATA:
       0    2047
       0       0       0       0       0       0       0       0       0    2048
       0       0       0       0       0       0       0       0       0       0
       0       0       0       0       0       0       0       0       0       0
       0       0       0       0       0       0       0       1       5       4
      38     130     121     119     129     126     115     135     119     138
     109     139     111     111     113     127     128     131     117     130
     131     135     124     122     122     148     145     144     158     170
     186     208     235     275     253     287     267     303     261     300
     252     266     233     209     161     156     140     118     114     117
     124     103     120     111     113     114     128     115      94     115
      96     129     103     112     111     145     103     131     113     105
     110     126     109     138     133     126     107     112     125     120
     110     107     124     124     118     132      94     117     119     122
      89     122     103     130     118     124     140     135     106     110
     121     152     120     108     134     117     124     127     134     138
     133     144     150     183     168     205     232     240     236     266
     230     240     223     235     182     184     159     168     145     160
     130     145     128     170     156     216     215     234     314     393
     447     468     495     556     513     561     520     520     460     377
     338     316     239     233     151     177     148     135     124     144
     107     115     109     136     115     113     103     103     110     105
     103     117     104     107     106     112     108      99      87     103
     103     105     107      99     117     107      99     107     113     120
     118     138     166     185     177     185     230     226     289     279
     313     317     302     300     281     267     250     219     188     168
     154     158     113     110     113      93      93     108     112     113
     104     111     110     114     106     121     137     109     142     151
     140     161     151     158     178     168     138     165     152     163
     151     144     140     146     126     133     109     165     151     144
     133     147     124     180     143     142     137     169     129     133
     119     128      99     134     117     130     122     115     111     118
     117     112     110     115      86     114     110     121     112     128
      83     113     112     125     137     133     152     155     151     221
     226     300     368     457     564     649     721     932     938    1095
    1115    1264    1189    1212    1135    1102     942     876     686     634
     486     393     320     276     202     185     183     166     145     168
     155     198     183     247     220     272     286     313     339     421
     420     544     565     641     682     760     754     837     826     872
     837     788     665     749     585     570     465     413     381     320
     241     251     203     226     224     144     171     181     176     190
     162     183     185     200     192     227     229     227     257     307
     265     262     257     266     261     250     275     260     258     250
     225     228     221     269     222     246     230     247     195     229
     231     245     211     254     235     246     227     255     231     266
     265     267     251     280     258     251     259     278     281     261
     301     322     308     361     363     350     405     400     413     446
     472     439     419     464     431     429     408     442     370     392
     373     416     384     365     378     382     357     377     361     401
     376     389     371     409     357     394     385     414     422     389
     361     423     373     420     391     411     418     436     420     409
     407     410     467     433     414     436     416     462     410     451
     427     426     380     465     430     411     448     470     428     453
     392     471     433     459     396     437     442     445     440     495
     473     479     463     484     451     536     441     496     478     522
     522     554     561     577     539     525     561     577     556     577
     549     591     625     592     581     608     599     645     587     619
     625     615     589     631     586     618     649     633     651     663
     651     647     630     626     679     660     645     678     642     695
     658     683     716     698     683     705     687     747     686     703
     702     709     689     718     693     759     753     745     747     797
     762     850     760     813     748     792     780     854     752     746
     766     856     737     784     768     811     741     811     812     853
     802     871     830     833     774     795     868     875     859     958
     994     998     957    1066    1017    1254    1257    1405    1530    1698
    1833    2079    2243    2551    2695    3047    2844    3279    3137    3575
    3238    3334    3147    3109    2872    2905    2529    2449    2170    2070
    1754    1644    1429    1498    1229    1315    1136    1122    1051    1124
    1024    1111    1035    1073    1005    1070     939    1010    1046    1075
     999    1066    1047    1086    1034    1086    1068    1159    1003    1087
    1027    1147    1068    1135    1057    1164    1085    1137    1076    1189
    1137    1160    1151    1212    1161    1236    1294    1338    1249    1385
    1370    1387    1270    1448    1454    1431    1353    1392    1422    1379
    1407    1353    1401    1310    1210    1265    1189    1199    1162    1278
    1125    1140    1077    1130    1105    1198    1098    1195    1149    1153
    1118    1184    1173    1135    1088    1151    1226    1135    1122    1154
    1202    1159    1140    1138    1092    1233    1161    1144    1074    1186
    1096    1213    1208    1144    1115    1173    1184    1174    1089    1123
    1110    1204    1104    1146    1157    1126    1107    1160    1208    1158
    1075    1111    1113    1158    1106    1191    1170    1201    1123    1165
    1186    1258    1174    1207    1148    1270    1179    1206    1213    1256
    1145    1266    1259    1310    1283    1332    1447    1427    1343    1438
    1413    1490    1455    1470    1408    1530    1368    1418    1386    1458
    1330    1302    1234    1226    1185    1167    1177    1158    1148    1113
    1043    1147    1054    1086    1036    1045    1037    1027    1010    1084
    1012    1036    1013    1017     968    1033    1047    1097    1015     996
     996    1006    1000    1036     958    1033    1026    1069     986     972
    1046    1066    1013    1062    1059    1104    1146    1161    1109    1189
    1126    1171    1213    1148    1209    1137    1139    1080    1129    1114
    1050    1106    1026    1052    1026    1025     980    1044     941    1004
     980    1034     957     971    1016    1056     960     983     976    1019
    1006    1052     976    1062    1020    1029     984    1037     906    1021
     951     965     904    1009     948    1036     952     905     942     959
     916     970     921     955     904     925     973     955     940     980
     884     990     954     915     909     952     944     978     933     968
     923     950     923     940     938     971     894     928     877     974
     863     980     909    1026     927     966     939     942     984    1043
     855     976     975     958     894     940     949     919     871     928
     967     950     899     917     924     964     941     941     898    1006
     942     892     922     894     889     956     876     857     862     955
     912     930     868     904     957     921     837     974     863     924
     837     874     929     964     874     991     908     907     866     950
     900     936     868     939     939     944     948     850     906     920
     869     932     882     895     890     881     921     945     881     908
     946     962     891     952     955     932     813     961     922     943
     854     953     903     979     900     896     883     964     903     939
     872     948     948     890     909     957     969     992     965     931
     921     959     899     924     868     910     946     987     872     935
     975     932     928     922     952     971     906     926     920     939
     885     936     933     917     926     932     941     934     877     942
     920     949     901     978     928     995     909     958     971     958
     880     915     884     920     879     926     852    1024     930     950
     909    1001     975     998     895     952     941     906     910     979
     941     967     928     939     931     942     914     933     922     947
     961     990     922     997     900     939     890     999     977     986
     915     922     906     998     890    1022     923     981     887     939
     967     905     922     940     925     981     915     935     940     920
     934    1019     908     974     907     918     907     942     889     933
     923     965     900     929     885     858     861     987     915     909
     927     901     917     972     910     981     903     916     890     897
     957     979     880     959     935    1036     957     997     972     952
     968    1004     902     927     954     954     977    1026     943     941
     930     944     895     913     883     888     856     878     880     871
     876     944     898     909     864     922     919     900     869     887
     874     803     840     895     865     876     812     859     859     819
     867     890     823     868     838     845     908     792     830     868
     861     839     831     862     874     867     861     794     845     897
     847     845     826     798     797     820     862     871     785     851
     792     846     812     810     838     854     823     800     756     876
     773     787     841     815     808     801     895     856     750     850
     823     832     779     758     771     755     799     771     801     825
     817     840     804     865     785     796     762     830     782     826
     813     770     811     852     776     786     810     808     798     788
     753     808     781     836     769     812     758     858     739     838
     770     804     788     802     790     813     790     831     804     800
     717     796     808     815     798     815     792     798     763     792
     770     773     728     789     794     756     775     786     737     825
     760     803     797     804     755     789     728     810     734     818
     801     822     765     766     766     777     716     790     827     764
     666     794     744     759     746     749     755     751     718     798
     694     814     756     762     784     756     740     726     766     759
     758     811     778     798     702     696     744     811     752     764
     764     686     766     739     741     689     723     795     748     774
     704     721     773     766     773     716     695     733     691     778
     735     738     698     736     716     774     721     764     691     731
     701     721     751     741     731     712     712     758     678     673
     683     765     700     759     714     762     685     728     722     776
     674     745     666     727     699     670     640     720     712     718
     735     713     658     720     697     689     679     673     749     666
     672     668     756     681     674     652     708     677     677     705
     705     690     652     669     711     701     620     674     699     654
     724     696     723     670     638     682     693     634     650     688
     622     689     628     633     708     625     634     639     673     608
     635     657     679     693     611     689     654     666     625     702
     642     675     665     720     672     645     623     632     685     673
     605     643     699     636     684     608     723     684     637     644
     634     643     606     688     657     658     631     692     656     634
     598     674     587     662     604     584     658     656     581     650
     621     628     598     644     643     668     598     633     663     611
     604     626     661     650     625     622     600     620     602     625
     649     641     608     607     582     633     602     660     611     661
     631     647     659     614     640     649     589     619     637     605
     635     628     645     600     644     640     570     585     625     632
     574     598     597     624     562     633     633     601     618     602
     607     599     610     617     630     577     614     641     652     638
     593     639     646     635     586     589     637     607     577     618
     591     652     545     610     622     600     620     612     607     649
     599     602     582     579     617     604     617     619     581     595
     598     594     569     606     606     596     602     605     550     644
     582     617     618     608     592     606     579     632     572     557
     582     616     565     623     628     576     571     623     572     592
     601     579     620     573     574     624     618     628     551     593
     585     599     572     618     594     579     600     565     610     593
     537     588     587     623     588     573     584     598     582     567
     595     598     545     571     612     616     586     565     624     616
     591     594     667     642     617     585     558     597     602     567
     619     597     540     609     574     598     645     601     600     610
     613     563     649     606     658     589     606     628     568     620
     636     583     587     589     613     602     594     615     626     617
     584     636     607     597     588     662     598     618     569     600
     659     620     589     618     650     643     625     606     632     594
     621     595     752     614     574     609     627     667     639     679
     638     604     664     653     675     674     692     662     690     686
     701     651     638     643     656     726     737     686     674     684
     692     708     708     666     759     717     707     736     718     729
     747     729     818     782     762     744     749     807     778     822
     843     851     802     848     831     849     849     857     960     896
     806     854    1002     917     929     969    1028     954    1029    1075
    1110    1090    1092    1063    1251    1187    1208    1220    1314    1336
    1317    1436    1398    1567    1483    1565    1617    1722    1678    1826
    1952    1958    1950    2047    2046    2236    2180    2167    2533    2430
    2453    2647    2704    2793    2804    2712    3038    3110    2983    3173
    3242    3303    3297    3408    3589    3656    3396    3625    3650    3647
    3624    3661    3939    3911    3697    3758    3882    3955    3673    3730
    4142    3890    3637    3755    3727    3777    3471    3654    3671    3615
    3300    3435    3303    3393    3097    3236    3039    3084    2930    2804
    2904    2937    2511    2606    2507    2450    2219    2238    2248    2103
    2077    1875    1970    1827    1757    1621    1643    1605    1458    1409
    1440    1418    1263    1235    1201    1236    1162    1097    1161    1095
     984     984     996     991     977     974     944     954     925     992
    1038     989     908    1055    1157    1056    1086    1213    1197    1341
    1310    1335    1453    1505    1495    1581    1533    1696    1673    1882
    1842    1990    1913    1953    2059    1971    2024    1929    1962    1941
    1863    1795    1864    1852    1549    1557    1714    1550    1463    1465
    1311    1299    1217    1129    1093    1103     932     901     900     816
     733     668     718     701     604     602     595     591     534     525
     566     549     562     530     550     556     513  283800
