$Informacoes da Fluorescencia de Raios-X:
"Sample    : ACC-1017",                                                                   
"Operator  : AMERICO",                                                                    
"Comment  : ",                                                                            
"Group     : thiago_acra2010ma",                                                          
"Date       : 2010-06-09 18:29:13",                                                       
"",                                                                                       
"Mesurement Condition",                                                                   
"------------------------------------------------------------------------------------",   
"Instrument : 700HS2   Atmosphere : Vac.   Collimator : 10(mm)   Spin : No",              
"------------------------------------------------------------------------------------",   
"Analyte               TG kV   uA      FI Acq.(keV)  Anal.(keV)  Time(sec)     DT(%)",    
"------------------------------------------------------------------------------------",   
"Na                    Rh 50  196-Auto Al  0 - 20    0.8 - 1.2   Live -  959   21",       
"Channel_info_start",                                                                     
"Channel : Na",                                                                           
"Points : 2048
"Range : 0.000000 - 20.480000",                                                           
"Step : 0.010000",                                                                        
"Channel_info_end",                                                                       
$DATA:
       0    2047
       0       0       0       0       0       0       0       0       0    2048
       0       0       0       0       0       0       0       0       0       0
       0       0       0       0       0       0       0       0       0       0
       0       0       0       0       0       0       0       1       0       3
      59     149     149     171     145     145     170     145     159     154
     120     207     158     162     144     149     145     156     161     180
     167     168     156     163     174     196     185     185     200     147
     162     174     176     174     150     156     165     146     156     161
     179     161     150     177     142     142     155     151     141     170
     149     145     173     161     163     162     199     191     183     191
     155     145     177     157     145     155     121     138     171     163
     159     185     213     197     161     164     147     177     182     162
     136     164     155     149     162     176     175     197     194     235
     288     320     284     353     362     361     379     422     326     323
     291     315     288     277     224     288     295     398     428     642
     885    1248    1644    2451    2826    3546    4179    4614    4944    4862
    4381    4332    3621    3205    2515    2131    1723    1294    1119    1057
     986    1043    1275    1835    2685    4307    6061    9315   12286   16743
   19819   24282   26837   29418   28223   29229   24857   22778   17653   15181
   11157    8566    5891    4337    3245    2414    1694    1407    1169    1034
     899     904     844     885     822     840     800     813     756     727
     597     567     519     492     414     384     385     324     268     251
     262     265     266     270     218     240     253     296     270     340
     352     411     478     643     840     911    1039    1332    1422    1688
    1606    1725    1506    1569    1290    1261    1035     799     625     549
     424     427     371     361     307     339     324     361     368     433
     436     572     636     859    1083    1485    1696    2225    2487    3115
    3283    3597    3398    3652    3165    3107    2602    2376    1822    1578
    1143     990     754     701     580     565     567     639     604     670
     625     651     604     613     593     573     503     505     472     466
     389     407     370     425     366     380     364     376     422     427
     389     379     406     450     446     430     436     496     474     485
     522     584     581     604     653     691     839    1051    1350    1954
    2491    3364    4432    6263    7981   10279   12301   14999   16542   19048
   18867   20421   19864   19692   17197   16522   13201   11607    8664    6991
    5151    3944    2712    2102    1581    1259    1049    1042    1082    1307
    1427    1677    2095    2777    3241    4219    5319    7148    8897   11716
   15000   19607   23023   28874   33587   39708   42132   47611   48078   50068
   46314   45295   40864   37224   30497   25691   20447   16104   11437    8409
    5819    4060    2636    2013    1231    1039     865     809     869    1107
    1268    1614    2004    2634    2984    3790    4293    5092    5566    6138
    6037    6440    6159    6160    5518    5074    4312    3832    3006    2409
    1975    1545    1147     892     691     528     416     341     286     303
     258     272     259     259     249     286     240     261     274     298
     298     350     383     434     496     645     808    1059    1339    1793
    2403    3290    3962    4951    6073    7478    8057    9566   10293   10946
   10632   10978   10413   10182    8928    8205    6982    6139    4910    4116
    3480    2803    2280    2032    1560    1459    1224    1064     978     948
     787     764     696     755     678     638     718     746     743     778
     920     968    1033    1294    1290    1432    1547    1717    1824    1987
    1965    2126    2121    2145    2047    2020    1871    1841    1583    1476
    1220    1159    1008     903     818     740     664     666     644     632
     602     626     572     647     584     685     631     617     680     734
     687     718     653     725     771     756     736     818     711     765
     727     788     800     825     824     859     944     913     911     930
     972     963     905     985     852     887     864     850     777     790
     714     794     764     731     670     742     692     700     690     710
     686     726     687     644     693     713     716     748     743     778
     710     756     844     869     929    1112    1127    1344    1475    1646
    1901    2242    2478    2787    2931    3424    3461    3688    3705    3835
    3730    3851    3520    3385    3025    2851    2558    2231    1882    1784
    1615    1528    1373    1257    1237    1240    1171    1196    1226    1247
    1159    1282    1239    1422    1401    1645    1689    2041    2283    3076
    3770    5270    6885    9769   13051   18169   23235   31449   40451   51846
   61705   77123   91704  108156  116933  133518  144511  154475  154813  169371
  157046  157594  141798  136171  121880  111234   91746   81127   65739   54508
   41054   33555   25404   19453   13788   10603    7202    5473    3767    2810
    2148    1774    1369    1252    1242    1153    1085    1070    1006    1029
    1034    1032    1075    1092    1032    1025    1085    1143    1067    1221
    1233    1267    1273    1411    1583    1768    1960    2393    2557    3186
    3589    4511    5417    6650    7669    9429   11011   12732   14137   15875
   17674   19187   19593   21070   21588   21645   20282   20235   18612   17550
   15269   14206   12345   10924    8742    7542    6163    5110    3812    3361
    2477    2206    1696    1422    1136    1035     867     861     876     810
     749     723     760     725     787     771     784     796     766     858
     834     851     866     942     979     908     913     886     902     907
     898     891     874     921     801     839     839     864     753     815
     778     834     762     766     857     798     744     773     794     806
     774     824     751     754     846     834     838     846     852     803
     825     853     864     866     849     885     866     920     913     940
     896     957     961    1007     936    1040    1021    1115    1131    1178
    1180    1183    1200    1183    1265    1202    1164    1226    1153    1146
    1094    1057     978    1001     974     921     872     877     831     838
     849     829     791     821     790     844     755     734     824     807
     764     755     784     804     721     764     760     803     693     792
     736     757     817     830     820     904     951    1001    1063    1168
    1264    1353    1488    1579    1793    1890    2101    2245    2196    2323
    2413    2488    2491    2436    2508    2408    2144    2072    2015    1881
    1741    1624    1525    1386    1255    1121    1110     996     947     886
     883     879     834     779     822     781     743     744     812     825
     757     772     782     779     760     761     799     704     734     761
     758     830     778     757     744     791     784     753     816     820
     764     775     735     787     771     787     826     841     763     782
     830     766     813     831     860     815     749     808     777     842
     756     794     756     794     688     787     717     751     775     787
     784     753     778     795     783     899     859     799     893     919
     867     901     961     998     924     991     970     990     940     975
     985     919     900     849     883     855     843     825     877     823
     763     774     836     852     740     763     766     746     696     761
     765     775     691     690     727     729     717     703     708     718
     704     712     743     735     673     755     772     806     747     736
     792     777     731     758     797     783     761     887     796     806
     782     718     861     825     752     775     761     764     705     755
     821     781     742     723     806     817     731     743     738     782
     732     748     722     791     760     804     764     789     779     862
     789     838     816     856     849     861     808     839     861     868
     834     904     928     872     852     933     888     874     831     773
     868     858     797     844     822     809     709     728     791     719
     734     673     736     701     720     694     727     696     719     771
     799     726     652     700     668     719     737     754     709     732
     656     743     720     720     679     723     693     728     686     716
     712     650     641     760     653     711     666     626     678     647
     662     716     664     700     657     668     669     633     674     661
     647     638     659     660     616     639     601     697     720     671
     671     682     640     703     622     651     696     680     662     628
     654     661     654     650     659     607     605     633     612     593
     627     652     569     654     630     616     693     623     572     610
     612     660     590     641     674     644     613     670     626     640
     657     639     624     635     684     677     720     773     714     730
     719     778     752     800     824     803     807     855     829     770
     752     855     723     841     752     806     783     789     758     691
     701     725     668     654     669     622     626     575     632     640
     597     561     612     645     571     583     615     662     592     615
     566     612     619     592     631     628     608     617     610     592
     566     567     590     582     560     539     569     640     561     566
     618     643     599     604     636     597     643     562     647     662
     595     622     650     685     675     674     685     694     631     725
     747     660     669     675     691     738     702     722     719     753
     784     706     764     834     764     742     784     830     717     735
     771     825     749     727     746     769     673     686     685     734
     630     660     654     631     647     602     564     604     583     608
     610     566     581     553     560     558     578     541     561     563
     575     558     556     599     520     573     587     565     574     633
     648     691     640     668     682     686     658     794     690     768
     754     745     745     779     744     718     791     757     748     801
     831     808     731     714     699     752     657     678     636     648
     634     625     638     616     557     591     558     557     532     565
     521     545     495     538     521     561     517     514     510     527
     474     546     495     522     503     532     555     524     503     543
     519     513     496     498     488     573     496     578     561     558
     526     573     530     598     605     613     666     714     753     762
     815     882     838     908     870     960     992    1004    1121    1059
    1061    1026    1046    1069    1003    1041     964     977     974     883
     931     937     829     851     784     788     653     680     687     610
     519     580     607     610     522     513     476     539     466     445
     476     453     416     511     465     529     517     433     483     493
     493     458     460     496     474     456     466     492     454     488
     496     437     461     485     498     477     501     444     504     501
     433     488     498     510     511     495     558     501     485     536
     552     581     540     529     547     546     501     575     578     596
     602     521     539     575     554     519     526     565     526     519
     513     565     506     543     511     505     465     511     521     496
     494     441     489     483     537     443     478     489     469     458
     422     427     449     442     443     505     441     478     496     452
     401     432     445     434     437     407     500     461     376     416
     441     504     415     452     468     459     435     451     484     502
     470     465     508     562     564     563     530     604     581     564
     635     657     636     666     630     737     699     708     822     725
     721     774     755     769     710     815     758     772     758     695
     760     720     670     643     645     673     597     604     596     590
     524     524     540     589     528     502     478     456     474     476
     475     480     468     469     468     416     423     439     428     435
     410     434     486     439     419     405     402     425     385     419
     416     474     449     439     396     432     416     405     431     423
     407     436     409     410     381     397     450     420     426     420
     404     387     441     468     431     425     426     444     433     476
     418     428     419     435     415     411     445     424     449     441
     461     424     441     466     407     450     399     398     407     451
     407     428     415     398     441     402     393     415     373     397
     389     405     370     415     417     390     382     363     373     417
     345     378     353     378     350     362     383     402     376     368
     340     413     409     370     380     374     401     397     408     375
     318     398     415     390     391     352     384     388     339     393
     371     400     392     411     392     388     384     349     365     372
     376     406     405     407     336     375     413     384     394     418
     399     413     397     375     398     404     401     411     457     397
     393     400     422     434     384     402     405     404     411     389
     441     436     436     397     435     418     479     416     426     413
     423     426     415     425     431     432     427     454     382     432
     397     408     414     393     425     402     356     424     370     407
     363     346     477     441     410     437     405     396     425     419
     399     420     405     467     471     434     399     458     400     436
     389     454     424     474     459     426     478     420     451     428
     420     442     413     454     497     451     430     446     437     466
     441     463     506     493     474     497     480     548     495     477
     529     483     510     518     564     519     561     496     567     581
     503     570     602     597     623     562     670     608     588     670
     640     666     638     676     756     752     748     727     833     787
     839     865     878     890     926     950     921    1049    1011    1023
    1105    1127    1108    1108    1246    1267    1315    1326    1441    1436
    1486    1485    1458    1595    1628    1601    1780    1802    1818    1918
    1926    1969    1930    1987    2058    2050    2073    2216    2125    2144
    2101    2170    2299    2253    2286    2164    2255    2197    2213    2100
    2546    2283    2167    2202    2208    2106    2036    2145    2131    2020
    1927    1989    1899    1971    1859    1823    1736    1766    1671    1586
    1564    1545    1503    1408    1431    1485    1256    1258    1285    1239
    1217    1133    1169    1116     964     969     931     981     879     856
     858     826     790     771     734     743     679     688     648     665
     605     602     668     675     623     595     648     636     600     654
     626     682     685     674     796     797     825     900     938     862
     920    1004    1050    1113    1120    1234    1261    1375    1294    1422
    1405    1569    1410    1484    1529    1538    1408    1547    1455    1549
    1456    1497    1498    1448    1328    1266    1372    1195    1077    1120
    1113     987     924     869     861     753     677     622     628     591
     537     469     474     417     422     410     393     361     356     336
     389     371     310     311     346     340     326  175684
