$Informacoes da Fluorescencia de Raios-X:
"Sample    : ACC-527-MS",                                                                 
"Operator  : thiago",                                                                     
"Comment  : ",                                                                            
"Group     : thiago_acra2010ma",                                                          
"Date       : 2010-06-01 09:34:21",                                                       
"",                                                                                       
"Mesurement Condition",                                                                   
"------------------------------------------------------------------------------------",   
"Instrument : 700HS2   Atmosphere : Vac.   Collimator : 10(mm)   Spin : No",              
"------------------------------------------------------------------------------------",   
"Analyte               TG kV   uA      FI Acq.(keV)  Anal.(keV)  Time(sec)     DT(%)",    
"------------------------------------------------------------------------------------",   
"Na                    Rh 50 1000-Auto Al  0 - 20    0.8 - 1.2   Live -  959    8",       
"Channel_info_start",                                                                     
"Channel : Na",                                                                           
"Points : 2048
"Range : 0.000000 - 20.480000",                                                           
"Step : 0.010000",                                                                        
"Channel_info_end",                                                                       
$DATA:
       0    2047
       0       0       0       0       0       0       0       0       0    2048
       0       0       0       0       0       0       0       0       0       0
       0       0       0       0       0       0       0       0       0       0
       0       0       0       0       0       0       0       0       2       6
      59     141     141     138     114     120     144     114     113     131
     128     121     114     114     148     156     122     131     134     123
     133     142     135     163     142     145     161     161     148     163
     171     179     173     204     216     209     209     254     162     182
     171     211     186     137     161     148     146     149     142     144
     160     172     181     242     230     262     257     267     283     256
     260     224     217     215     196     164     146     148     141     171
     156     170     162     172     156     166     198     182     141     180
     134     154     141     147     122     143     138     139     128     131
     144     156     142     142     161     156     151     139     138     113
     120     132     133     137     116     134     138     151     132     125
     124     169     160     178     167     208     194     207     217     278
     246     286     320     320     309     296     310     343     260     329
     267     256     251     210     196     173     209     210     173     225
     222     272     245     283     269     302     280     223     232     251
     224     212     176     187     180     167     154     156     133     142
     176     157     135     164     133     153     176     149     158     175
     175     173     145     171     159     187     154     188     177     178
     173     210     187     223     171     198     240     250     239     291
     324     365     469     537     643     728     856     956    1010    1150
    1124    1252    1117    1184    1074     982     861     749     640     639
     488     469     420     396     394     408     397     533     596     648
     831    1181    1502    2100    2747    3806    4307    5661    6355    7824
    7938    8998    8847    9538    8817    8464    7279    6679    5432    4849
    3614    3032    2038    1755    1329    1112     926     986     883    1056
     996    1078    1075    1046     986     968     844     799     718     605
     475     481     375     330     264     272     244     248     195     222
     225     216     188     221     221     245     213     234     214     212
     255     254     304     303     309     371     512     666     847    1201
    1653    2369    3083    4172    5233    6860    7747    9788   10630   12079
   12223   13490   13092   13283   11852   12150    9781    8896    6965    6101
    4639    3618    2642    1804    1367    1024     697     608     505     579
     614     739     844     990    1077    1318    1434    1646    1625    1730
    1719    1796    1683    1656    1615    1587    1380    1373    1214    1113
     949     907     746     726     577     492     459     372     286     304
     245     195     196     182     140     158     166     158     171     173
     187     185     184     190     180     215     211     234     216     261
     249     258     250     229     203     218     186     224     223     198
     217     216     227     216     213     225     213     201     201     228
     215     219     208     234     227     232     229     238     198     229
     208     260     223     237     237     231     225     249     234     246
     225     281     256     294     260     275     284     318     311     356
     314     345     320     347     358     346     346     348     321     334
     319     321     338     335     293     324     327     315     347     343
     326     344     364     358     370     347     368     346     361     398
     361     380     361     393     370     347     374     370     381     391
     350     395     325     357     396     388     393     409     357     374
     361     345     364     363     383     377     370     395     420     396
     373     411     389     393     393     445     395     361     411     440
     401     425     411     481     429     445     443     456     412     448
     420     483     461     501     496     495     500     578     518     526
     549     609     574     569     505     580     551     561     566     578
     530     517     555     618     522     578     552     549     560     601
     556     580     568     622     600     586     641     604     571     571
     571     584     600     604     584     696     622     602     572     641
     629     629     713     701     693     676     662     743     674     740
     665     759     670     746     676     695     765     728     728     776
     707     770     718     685     704     794     764     791     711     812
     732     742     772     820     766     832     756     807     804     818
     806     796     782     847     829     878     843    1002    1034    1028
    1032    1198    1199    1309    1320    1402    1406    1523    1495    1652
    1445    1617    1436    1432    1426    1407    1327    1314    1245    1202
    1054    1061    1041    1048     948    1059     974    1000     884     977
     890     968     957     951     933     974     862     926     996     954
     977    1010     959    1010     915     961     980     968     973     971
    1015    1022     953     993    1042    1041     920    1098     990    1035
     999    1034     986    1013    1012    1050    1045    1137     995    1168
    1101    1124    1075    1145    1100    1129    1112    1125    1066    1152
    1092    1126    1101    1084    1056    1109    1059    1159    1010    1103
    1086    1064     990    1077    1050    1060     986    1074    1065    1066
     969    1106    1082    1005    1014     979    1079    1090    1013    1061
    1034    1090    1004    1052    1052    1057    1050    1083     999    1095
    1019    1128    1028    1111    1044    1129    1023    1075    1017    1095
    1080    1032     982    1063    1066     994    1027    1021    1098    1142
    1026    1086    1004    1048    1050    1102    1062    1073    1056    1067
    1108    1117    1035    1171    1046    1195    1092    1168    1073    1141
    1087    1168    1272    1231    1278    1351    1209    1362    1334    1388
    1372    1440    1405    1392    1343    1447    1329    1353    1306    1314
    1224    1210    1162    1184    1087    1163    1029    1061    1016    1048
    1008    1064     970     962     930    1000     975     979     973     935
     958    1034    1002     996     889     980    1006     983     921     954
     922     922     952     917     917    1010     916     950     968     978
     968    1029    1021    1059    1081    1157    1111    1217    1179    1247
    1229    1263    1221    1257    1244    1302    1161    1222    1245    1119
    1077    1132    1094    1085    1009    1050     968    1017     942    1002
     961    1045     936     970     940     971     950     973     978     983
     908     922     918     976     921     909     985     966     963     967
     951     886     919     890     887     896     882     922     924     991
     888     961     922     915     876     879     902     913     884     939
     908     929     838     882     908     931     848     939     890     918
     881     843     835     948     848     875     947     933     901     846
     851     906     857     949     920     967     840     857     896     930
     948     938     948     995     952     871     859     932     865     919
     942     910     908     903     913     848     877     905     860     922
     823     869     876     840     892     892     896     846     819     921
     915     859     837     879     874     873     857     879     897     919
     875     841     863     852     862     880     899     848     851     880
     930     840     842     916     831     829     823     917     892     885
     878     883     851     957     839     908     954     872     826     834
     880     861     896     907     841     910     842     946     873     884
     794     872     859     904     866     918     913     854     866     907
     876     888     887     883     844     889     832     888     905     906
     827     880     870     903     892     930     862     909     853     919
     844     917     933     895     880     931     846     916     904     926
     858     981     887     936     832     887     873     922     897     878
     876     915     857     909     856     911     876     930     883     895
     817     876     865     917     877     828     955     917     856     916
     817     924     852     923     919     943     843     904     931     966
     905     898     911     913     885     896     858     883     841     871
     926     972     870     972     886     930     855     929     842     906
     849     935     899     858     901     874     884     957     886     917
     901     852     833     877     857     862     893     880     942     896
     892     933     862     932     858     859     851     895     786     876
     836     872     846     837     874     908     843     872     876     926
     860     931     883     954     874     935    1008    1043     992    1040
    1114    1177    1089    1161    1106    1168    1087    1196    1144    1267
    1142    1197    1262    1205    1205    1163    1123    1137    1086    1108
     977    1035     931     980     904     904     869     933     862     873
     862     851     839     924     773     819     808     851     789     860
     760     777     817     796     818     866     789     793     809     803
     811     795     814     808     754     831     795     836     823     823
     803     850     786     749     774     786     750     819     819     846
     784     747     749     774     763     799     815     761     715     806
     786     789     824     815     837     814     760     858     800     843
     723     782     792     804     735     767     750     789     792     801
     780     808     733     769     788     778     705     782     797     789
     713     792     756     728     709     754     766     770     770     744
     756     797     722     759     690     749     704     739     773     812
     774     762     790     794     754     783     807     826     812     805
     812     881     809     866     835     901     887     876     890     883
     840     898     899     884     835     912     882     894     854     887
     848     867     843     888     828     874     759     839     746     821
     794     756     776     761     770     779     742     738     755     770
     749     716     724     749     750     704     716     692     740     733
     717     749     694     710     692     727     748     770     690     682
     684     783     689     733     681     743     709     739     744     716
     704     727     712     702     684     690     720     714     704     703
     674     755     657     726     728     718     692     665     734     731
     745     686     656     742     648     675     704     667     689     670
     693     670     670     736     696     701     733     710     695     697
     661     690     652     671     700     650     641     670     657     716
     748     744     664     686     705     687     634     728     657     662
     634     688     665     723     698     645     704     675     611     648
     649     747     623     681     675     640     668     684     655     671
     614     658     712     658     604     623     651     666     667     709
     647     649     640     659     640     663     663     629     661     691
     644     635     677     688     641     639     641     680     625     623
     652     720     629     638     707     651     616     669     604     709
     547     661     676     653     603     618     618     647     598     654
     670     626     609     634     642     621     581     584     624     634
     649     639     577     666     587     615     672     646     562     594
     598     606     620     608     620     652     621     580     602     659
     577     628     599     621     661     623     625     610     558     616
     580     600     573     616     555     619     622     632     597     618
     583     638     548     599     588     616     643     601     598     563
     574     642     616     578     583     594     573     615     609     619
     583     612     582     596     563     564     604     595     610     549
     627     578     576     554     609     577     510     570     557     572
     571     573     611     589     582     576     597     577     603     586
     594     569     606     608     580     608     534     579     601     570
     562     555     531     548     587     618     571     614     548     605
     568     584     600     585     574     552     524     564     638     576
     584     564     593     584     558     602     548     602     587     541
     541     584     564     598     611     582     555     602     579     591
     566     596     579     584     552     535     578     588     556     592
     576     535     534     556     542     565     537     538     587     620
     519     548     566     545     595     587     565     584     556     574
     528     570     538     536     612     542     573     534     554     534
     551     549     550     550     568     539     542     559     561     520
     589     539     555     571     580     582     536     556     557     560
     510     609     546     557     539     565     557     595     560     575
     573     545     528     547     605     536     527     600     540     547
     553     615     578     612     558     574     539     593     563     547
     579     585     549     560     546     594     609     538     593     619
     570     582     565     582     570     583     614     610     542     565
     551     594     611     563     611     616     564     581     562     559
     589     547     649     596     558     606     593     654     584     600
     634     667     612     605     617     624     598     635     638     720
     609     622     629     702     664     647     642     633     620     672
     703     680     628     718     742     684     651     658     698     700
     688     676     716     710     699     800     705     773     691     739
     747     760     769     760     782     843     788     776     837     854
     789     885     862     918     884     886     927     946     877     966
     967    1039     940    1043    1102    1125    1052    1180    1103    1254
    1205    1319    1361    1369    1353    1512    1500    1521    1454    1594
    1798    1786    1784    1852    1974    2006    2033    2085    2298    2250
    2265    2375    2484    2661    2473    2703    2791    2869    2783    3019
    3025    3253    3079    3304    3383    3422    3299    3353    3504    3573
    3466    3550    3686    3709    3555    3651    3777    3806    3713    3618
    4037    3937    3539    3631    3721    3734    3438    3541    3545    3500
    3369    3284    3332    3255    3111    3138    3072    2979    2758    2704
    2744    2751    2549    2501    2435    2400    2289    2110    2165    2139
    1944    1934    1967    1781    1654    1632    1500    1526    1532    1367
    1365    1313    1270    1226    1133    1082    1094    1112    1150    1014
     924     948     931     993     888     924     917     866     878     958
     882     940     915     922    1071    1085    1039    1054    1166    1145
    1232    1280    1334    1375    1274    1449    1525    1524    1556    1657
    1648    1688    1754    1748    1875    1867    1783    1810    1905    1839
    1695    1707    1781    1705    1672    1574    1595    1538    1351    1384
    1299    1216    1140    1026    1058    1065     892     846     778     785
     746     738     715     599     577     591     597     603     495     487
     552     553     499     506     531     524     509  268399
