$Informacoes da Fluorescencia de Raios-X:
"Sample    : ACC-542-MS",                                                                 
"Operator  : luisf",                                                                      
"Comment  : ",                                                                            
"Group     : thiago_acra2010ma",                                                          
"Date       : 2010-06-01 12:59:34",                                                       
"",                                                                                       
"Mesurement Condition",                                                                   
"------------------------------------------------------------------------------------",   
"Instrument : 700HS2   Atmosphere : Vac.   Collimator : 10(mm)   Spin : No",              
"------------------------------------------------------------------------------------",   
"Analyte               TG kV   uA      FI Acq.(keV)  Anal.(keV)  Time(sec)     DT(%)",    
"------------------------------------------------------------------------------------",   
"Na                    Rh 50 1000-Auto Al  0 - 20    0.8 - 1.2   Live -  959   10",       
"Channel_info_start",                                                                     
"Channel : Na",                                                                           
"Points : 2048
"Range : 0.000000 - 20.480000",                                                           
"Step : 0.010000",                                                                        
"Channel_info_end",                                                                       
$DATA:
       0    2047
       0       0       0       0       0       0       0       0       0    2048
       0       0       0       0       0       0       0       0       0       0
       0       0       0       0       0       0       0       0       0       0
       0       0       0       0       0       0       0       6       6       6
      65     168     169     152     160     169     146     190     170     151
     147     156     168     175     159     184     139     139     134     167
     138     151     164     169     163     181     171     190     178     181
     199     221     211     242     222     213     248     263     221     236
     210     207     204     194     184     178     170     181     151     178
     157     177     179     198     199     245     222     244     238     250
     227     213     211     238     172     183     166     181     153     145
     153     177     159     173     176     215     178     180     155     159
     167     170     150     172     146     177     169     172     173     177
     185     218     172     196     181     211     197     205     193     163
     171     165     170     164     170     195     165     165     177     197
     191     177     224     260     218     302     299     333     329     345
     379     326     327     338     366     339     279     298     285     288
     263     264     218     256     256     254     288     353     422     486
     573     629     626     718     636     768     658     650     574     496
     453     413     342     269     246     249     199     190     179     214
     185     188     192     219     208     246     224     191     214     231
     257     228     213     253     215     212     208     216     171     228
     208     184     164     208     164     243     195     222     224     254
     297     355     386     475     490     615     697     816     922    1015
     981     978     978    1001     924     825     785     651     555     541
     435     402     360     350     306     325     366     353     427     490
     624     801    1042    1420    1745    2658    2716    3745    3977    4701
    5080    5696    5377    6025    5413    5196    4645    4153    3434    3020
    2242    1944    1345    1079     897     773     663     687     639     775
     672     741     723     720     677     661     591     598     498     467
     365     357     345     274     252     242     226     213     191     178
     199     216     190     215     200     212     207     218     221     237
     232     221     254     245     309     319     350     463     608     905
    1071    1612    1984    2808    3309    4347    4954    5949    6634    7555
    7927    8229    8059    8188    7347    7377    5974    5525    4302    3775
    2903    2372    1626    1273     921     723     484     433     461     478
     483     584     672     804     902    1027    1190    1344    1573    1689
    1875    2159    2388    2773    2947    3245    3231    3681    3518    3715
    3327    3367    3146    2919    2471    2217    1820    1570    1198     978
     734     612     420     391     283     299     225     261     279     261
     264     307     311     377     387     436     457     565     496     579
     547     592     580     595     555     609     488     521     466     405
     391     320     313     325     319     263     272     308     278     281
     293     299     248     295     319     311     291     271     288     323
     293     300     288     332     269     305     330     347     308     346
     331     381     387     417     447     388     454     523     459     541
     522     560     541     531     463     519     481     494     458     441
     466     489     440     459     386     435     412     397     452     451
     417     460     423     448     422     483     473     480     447     469
     482     508     503     472     480     491     493     514     509     528
     483     486     525     557     457     538     491     532     475     519
     542     528     472     517     575     535     529     551     539     518
     495     588     482     523     478     569     554     560     556     620
     508     527     558     623     560     568     528     589     539     591
     555     597     576     617     581     629     661     663     646     723
     672     704     652     722     711     696     665     733     675     722
     735     761     745     740     745     733     735     759     730     801
     734     747     747     735     749     765     733     817     775     813
     749     784     807     797     786     867     766     886     840     837
     860     900     893     968     891     991     957     988     952    1000
     964    1045     990     983     921    1013     974     992     993     974
     931     995     938     902     926    1025     905     997     964     989
     968    1031     930    1024    1023    1073    1026    1127    1044    1120
    1060    1181    1064    1268    1241    1358    1378    1610    1674    1865
    1968    2244    2483    2844    2833    3077    3324    3548    3458    3922
    3707    3809    3513    3520    3292    3177    2798    2697    2462    2268
    1963    1950    1777    1719    1464    1490    1318    1348    1268    1301
    1251    1296    1248    1222    1234    1301    1211    1246    1246    1306
    1229    1286    1241    1318    1235    1256    1242    1354    1225    1278
    1244    1276    1214    1289    1280    1445    1265    1369    1296    1404
    1312    1402    1372    1498    1476    1445    1552    1551    1547    1616
    1649    1626    1599    1616    1743    1784    1639    1629    1673    1631
    1534    1612    1543    1621    1477    1484    1379    1560    1381    1470
    1315    1488    1365    1367    1312    1387    1327    1334    1399    1381
    1415    1391    1294    1423    1333    1401    1399    1389    1330    1404
    1397    1437    1330    1422    1357    1454    1342    1373    1417    1336
    1401    1349    1418    1437    1240    1434    1311    1410    1340    1374
    1317    1388    1363    1441    1325    1406    1289    1404    1386    1372
    1427    1383    1367    1393    1430    1434    1355    1506    1416    1429
    1346    1539    1359    1461    1397    1495    1289    1442    1388    1533
    1464    1524    1486    1547    1517    1613    1579    1688    1709    1674
    1644    1793    1761    1730    1708    1726    1650    1694    1640    1659
    1542    1581    1499    1506    1415    1466    1352    1358    1335    1341
    1231    1394    1248    1288    1281    1314    1183    1279    1200    1278
    1163    1315    1245    1294    1313    1250    1240    1286    1180    1269
    1214    1307    1152    1266    1179    1218    1258    1307    1163    1327
    1272    1278    1306    1361    1354    1372    1446    1428    1318    1472
    1476    1527    1457    1453    1445    1487    1403    1449    1374    1472
    1262    1349    1319    1361    1251    1201    1204    1256    1217    1311
    1204    1226    1181    1245    1198    1277    1239    1201    1218    1212
    1200    1245    1299    1265    1122    1262    1283    1246    1136    1205
    1191    1227    1115    1165    1188    1214    1117    1216    1209    1209
    1098    1197    1108    1165    1095    1204    1150    1178    1155    1279
    1138    1236    1173    1188    1109    1186    1108    1161    1135    1165
    1163    1160    1124    1184    1206    1106    1157    1289    1134    1150
    1056    1249    1134    1206    1155    1166    1153    1199    1198    1182
    1111    1121    1201    1215    1134    1188    1146    1254    1076    1208
    1236    1124    1094    1191    1152    1250    1087    1171    1148    1190
    1154    1122    1133    1150    1091    1203    1152    1207    1181    1202
    1146    1173    1140    1130    1186    1134    1085    1146    1139    1165
    1092    1116    1182    1189    1096    1219    1110    1173    1157    1127
    1107    1114    1078    1172    1052    1153    1145    1171    1111    1183
    1139    1176    1112    1163    1095    1154    1121    1168    1071    1201
    1079    1183    1095    1162    1145    1081    1086    1109    1122    1180
    1139    1117    1177    1205    1111    1178    1180    1189    1154    1150
    1110    1190    1095    1165    1148    1199    1113    1135    1173    1214
    1148    1109    1183    1179    1133    1199    1160    1238    1136    1215
    1117    1231    1139    1151    1204    1125    1089    1166    1135    1193
    1141    1181    1103    1201    1153    1202    1200    1173    1149    1190
    1100    1190    1093    1142    1133    1127    1115    1242    1122    1218
    1130    1154    1136    1146    1159    1212    1239    1162    1103    1157
    1191    1141    1165    1210    1155    1163    1074    1127    1167    1135
    1121    1191    1111    1181    1168    1193    1132    1208    1145    1205
    1183    1218    1141    1208    1128    1195    1132    1199    1209    1182
    1134    1167    1204    1260    1113    1162    1172    1125    1141    1202
    1122    1131    1191    1161    1125    1112    1114    1237    1200    1062
    1093    1199    1047    1243    1074    1124    1187    1199    1119    1100
    1141    1250    1067    1128    1113    1146    1086    1160    1145    1163
    1131    1205    1153    1189    1161    1179    1307    1239    1196    1337
    1253    1337    1339    1411    1310    1456    1404    1496    1468    1515
    1429    1485    1399    1495    1413    1423    1348    1331    1311    1283
    1268    1364    1207    1260    1196    1248    1157    1150    1151    1132
    1116    1081    1075    1097    1073    1124    1149    1039    1024    1069
    1014    1081     994    1108    1073    1067    1047    1054    1071    1074
    1033    1115    1063    1074    1031    1051     994    1087     989    1091
    1049    1048    1071    1040    1088    1049    1013    1071    1045    1006
     956    1109    1072    1057    1007    1020    1064    1109     985     972
    1002     993     992    1038    1046    1032     996     998    1086    1020
    1026    1001     978     959    1071     996    1039    1062     990    1038
    1042    1093     970     989    1016    1102    1017    1004     966    1036
     994    1006     945    1016     974    1045     997    1033     974    1019
    1056    1004     913     947    1055    1070     950     982    1007    1031
    1017    1062    1035    1073    1010    1045    1027    1067    1029    1031
    1054    1066    1016    1073    1017    1101    1026    1083    1083    1147
    1085    1096    1051    1134    1140    1148    1040    1159    1096    1092
    1110    1125    1051    1092    1129    1052    1002    1025    1013    1071
     952    1034    1011    1044     973     991     963    1033     911     953
     957    1011     864    1024     922     995     945     994    1000     937
     991     969     941     918     897     897     992     976     878     964
     931    1027     913     937     936     917     930     939     956     975
     861     930     878     918     953     939     928    1006     892     893
     925     920     926     976     937     962     951     936    1013     970
     942    1011     941     955     871     996     960     954     983     983
     928     975     922     975     910     963     861     875     888     852
     852     871     907     882     882     837     847     855     919     959
     917     890     851     896     873     919     846     928     914     957
     817     952     877     865     898     871     853     896     845     864
     838     808     846     818     844     867     904     853     842     884
     826     818     901     871     829     872     912     904     875     853
     865     878     790     861     827     907     864     903     855     913
     805     863     845     863     814     838     880     865     808     838
     853     842     794     830     895     863     804     821     828     866
     846     873     838     873     791     830     813     873     862     879
     858     859     851     744     854     803     808     817     810     851
     772     842     830     818     780     782     892     816     777     899
     775     875     791     822     780     824     752     754     849     838
     777     843     753     813     711     792     760     838     739     785
     803     746     824     804     762     797     797     789     759     826
     742     776     775     783     775     825     781     787     761     769
     807     828     799     758     746     828     800     797     769     807
     788     813     789     822     729     823     759     795     757     814
     727     819     725     759     737     761     745     749     819     772
     764     738     786     787     775     749     819     805     711     726
     744     776     811     750     737     759     715     801     743     759
     729     737     772     748     750     791     767     759     759     715
     712     768     704     715     747     707     767     738     786     800
     761     721     721     764     745     745     782     814     726     778
     768     752     776     710     770     778     676     756     753     762
     712     762     785     761     696     756     783     770     737     745
     695     712     730     711     739     749     758     707     731     713
     721     745     741     748     690     739     748     741     690     703
     742     737     728     794     746     741     747     705     737     741
     735     732     758     734     662     754     731     726     721     710
     798     781     652     674     682     731     730     713     764     764
     730     732     778     685     713     734     706     745     718     692
     743     707     725     744     741     738     697     710     707     711
     730     772     730     728     731     735     743     708     796     706
     781     761     785     741     714     727     738     710     785     766
     710     787     714     735     752     724     787     808     756     768
     764     773     704     715     838     780     764     746     778     729
     749     744     902     768     741     819     797     833     788     739
     816     794     760     772     815     848     815     840     854     860
     825     819     825     855     824     864     839     814     843     849
     854     915     860     847     833     907     882     866     890     985
     924     933     896     909     872     929     912     967     917    1012
     991     983     994    1017     986    1044    1028    1011    1071    1159
    1076    1106    1190    1171    1123    1177    1219    1229    1203    1273
    1244    1345    1311    1325    1466    1393    1422    1520    1502    1566
    1524    1627    1811    1735    1688    1898    1910    2029    2089    2177
    2173    2352    2307    2448    2474    2613    2651    2689    3055    2955
    2886    3140    3249    3322    3255    3464    3723    3852    3771    3933
    4115    4172    3996    4333    4404    4454    4262    4515    4583    4693
    4620    4583    4826    4835    4694    4900    4875    5003    4746    4783
    5387    4906    4737    4850    4696    4859    4616    4557    4618    4626
    4361    4303    4289    4388    4046    4227    3990    4074    3730    3659
    3601    3573    3281    3264    3213    3114    2839    2816    2693    2616
    2573    2500    2596    2424    2256    2142    2076    2005    1820    1821
    1907    1811    1590    1595    1555    1546    1429    1390    1435    1396
    1245    1298    1214    1224    1182    1221    1232    1184    1193    1172
    1163    1244    1218    1206    1399    1330    1294    1449    1445    1445
    1485    1630    1725    1766    1771    1870    1935    2062    1910    2105
    2186    2194    2235    2433    2362    2263    2314    2321    2433    2402
    2348    2262    2402    2288    2062    2030    2183    2027    1804    1865
    1719    1655    1470    1458    1471    1332    1235    1154    1103    1075
     964     973     913     837     799     809     798     806     730     649
     702     735     594     688     666     673     694  351667
