$Informacoes da Fluorescencia de Raios-X:
"Sample    : ACC-549-MS",                                                                 
"Operator  : luisf",                                                                      
"Comment  : ",                                                                            
"Group     : thiago_acra2010ma",                                                          
"Date       : 2010-06-01 15:15:31",                                                       
"",                                                                                       
"Mesurement Condition",                                                                   
"------------------------------------------------------------------------------------",   
"Instrument : 700HS2   Atmosphere : Vac.   Collimator : 10(mm)   Spin : No",              
"------------------------------------------------------------------------------------",   
"Analyte               TG kV   uA      FI Acq.(keV)  Anal.(keV)  Time(sec)     DT(%)",    
"------------------------------------------------------------------------------------",   
"Na                    Rh 50 1000-Auto Al  0 - 20    0.8 - 1.2   Live -  959    8",       
"Channel_info_start",                                                                     
"Channel : Na",                                                                           
"Points : 2048
"Range : 0.000000 - 20.480000",                                                           
"Step : 0.010000",                                                                        
"Channel_info_end",                                                                       
$DATA:
       0    2047
       0       0       0       0       0       0       0       0       0    2048
       0       0       0       0       0       0       0       0       0       0
       0       0       0       0       0       0       0       0       0       0
       0       0       0       0       0       0       0       1       3       5
      59     137     131     150     142     147     135     139     112     167
     156     165     125     144     143     149     159     126     138     150
     134     149     135     169     142     146     177     159     179     193
     212     220     243     315     286     324     317     334     330     353
     261     285     253     214     208     187     162     146     137     147
     130     139     131     136     135     135     142     121     114     141
     146     133     139     150     135     127     109     129     136     148
     130     125     121     165     117     119     132     129     131     116
     142     122     142     120     133     136     137     154     142     140
     125     150     137     126     167     135     139     149     113     141
     138     124     114     137     138     134     143     150     130     144
     133     129     113     144     146     158     143     153     145     132
     147     136     143     114     117     129     123     139     132     115
     127     127     142     111     131     135     132     143     127     140
     121     130     111     147     142     127     116     137     123     122
     101     133     121     122     116     120     101     108     129     132
     117     142     121     109     116     124     107     106     110     121
     114     114     104     110     144     117     112     100     116     108
     110     117     100     116      97      88      99     108     107      91
      95      97      92      93     125     108      94     122     104     108
      86     113     112     109      94      97     107     106     102     112
     122     113     108      94      86      86      91     122      90     110
      86      96     118     110     114      98      97      87     111     120
      99     111     111     131     135     127     109     144     122     164
     154     143     127     126     159     149     146     134     122     178
     173     145     175     152     171     169     170     141     150     141
     123     134     139     152     122     117     106     120     131     140
     127      93     129     125     109     107     117     112     114     108
     120     126     108     125     113     114      79     124     109     109
     112     125     112     114     109     117     112     122     114     138
     127     138     110     115     120     124     139     161     113     121
     142     122     132     131     108     111     113     143     120     140
     115     123     124     133     109     120     127     153     137     146
     150     142     158     154     169     140     160     147     144     157
     159     163     155     159     147     172     175     167     162     159
     169     161     144     184     178     162     161     207     181     159
     171     161     207     190     191     213     201     206     195     214
     202     193     209     226     200     227     233     236     226     269
     230     231     239     251     235     254     240     269     236     266
     226     298     275     293     273     287     277     251     291     289
     274     278     308     304     301     323     268     288     289     305
     298     303     261     330     292     347     298     328     305     362
     327     338     342     340     365     362     343     409     412     370
     386     404     399     404     389     406     371     414     426     416
     402     420     439     457     470     464     427     439     416     458
     455     447     471     467     449     522     471     487     469     492
     502     494     477     525     470     475     501     498     502     486
     447     516     468     494     521     433     506     483     490     516
     479     541     483     498     475     549     533     518     510     511
     532     571     550     521     515     593     514     591     540     561
     552     586     572     678     612     635     637     646     676     680
     674     631     654     697     703     726     642     745     698     771
     696     726     717     712     669     672     695     737     700     750
     715     765     747     733     727     793     743     754     764     781
     728     793     754     782     773     881     767     886     799     806
     768     852     779     821     796     862     812     861     816     868
     842     951     840     940     818     914     895     851     922     893
     937     888     897     861     895     936     908     980     946     982
     879     975     975    1026     943     979     930     998     978    1012
    1032    1006    1049     978    1008    1067    1065    1115    1071    1132
    1067    1139    1101    1132    1177    1175    1180    1185    1178    1333
    1189    1261    1142    1224    1168    1239    1144    1203    1138    1285
    1160    1238    1216    1264    1222    1249    1170    1164    1119    1233
    1174    1248    1158    1221    1205    1240    1187    1308    1214    1255
    1149    1273    1187    1305    1226    1208    1235    1237    1168    1253
    1251    1275    1232    1294    1275    1302    1247    1367    1282    1360
    1202    1306    1282    1330    1287    1256    1358    1349    1287    1326
    1283    1355    1285    1404    1350    1413    1250    1311    1324    1362
    1301    1366    1284    1378    1246    1341    1326    1375    1258    1413
    1352    1367    1283    1383    1356    1376    1303    1373    1345    1342
    1230    1369    1338    1351    1296    1311    1356    1332    1271    1363
    1342    1319    1325    1384    1332    1345    1332    1356    1349    1404
    1296    1385    1322    1379    1278    1376    1278    1363    1261    1314
    1297    1375    1321    1295    1357    1351    1308    1368    1354    1411
    1302    1373    1412    1353    1384    1350    1353    1391    1320    1378
    1319    1442    1395    1406    1356    1503    1356    1445    1430    1525
    1369    1529    1540    1555    1445    1602    1606    1597    1599    1718
    1589    1739    1559    1757    1562    1708    1576    1601    1604    1562
    1436    1528    1440    1398    1327    1453    1392    1350    1341    1260
    1238    1281    1179    1246    1307    1259    1197    1217    1202    1190
    1202    1212    1177    1218    1132    1177    1215    1208    1223    1161
    1188    1125    1167    1200    1205    1211    1143    1226    1199    1232
    1162    1245    1206    1277    1231    1258    1276    1312    1216    1338
    1301    1304    1299    1325    1312    1321    1282    1334    1296    1292
    1276    1328    1262    1213    1203    1160    1174    1163    1156    1152
    1164    1168    1121    1136    1153    1229    1052    1137    1180    1187
    1152    1164    1190    1175    1147    1179    1145    1170    1111    1229
    1154    1176    1160    1175    1168    1122    1046    1063    1093    1125
    1042    1190    1061    1114    1120    1111    1117    1181    1108    1132
    1097    1117    1098    1178    1126    1121    1092    1203    1091    1104
    1104    1134    1087    1097    1081    1153    1095    1077    1030    1157
    1117    1074    1065    1076    1121    1167    1012    1108    1053    1109
    1071    1178    1123    1096     958    1165    1102    1204    1036    1088
    1089    1117    1074    1110    1043    1115    1004    1125    1068    1095
    1030    1078    1035    1133    1033    1139    1063    1119    1041    1112
    1046    1071    1008    1085    1059    1096    1022    1069    1064    1083
    1047    1093    1094    1119    1067    1084    1054    1079    1040    1086
    1081    1096    1004    1018    1042    1014    1038    1040    1004    1061
    1019    1051    1054    1081    1005    1039    1029    1021    1095    1124
    1075    1125    1048    1115    1046    1111    1083    1051    1022    1090
    1019    1084    1085    1042    1003    1062    1054    1067    1019    1091
    1067    1039    1029    1082    1045    1061    1054    1059    1062    1104
    1046    1058    1082    1128    1098    1093    1098    1109    1051    1051
    1090    1115     989    1089    1090    1115    1061    1078    1061    1129
    1020    1142    1055    1147    1051    1122    1066    1104    1095    1142
    1043    1136    1085    1108    1104    1159    1066    1095    1087    1095
    1104    1121    1142    1068    1059    1116    1049    1119     991    1083
    1076    1108    1063    1143    1088    1120    1046    1086    1053    1132
    1032    1087    1100    1064    1115    1087    1050    1137    1076    1047
    1092    1149    1064    1139    1042    1109    1082    1153    1158    1151
    1058    1063    1079    1110    1076    1145    1125    1178    1072    1056
    1063    1088    1060    1118    1106    1079    1040    1126    1025    1066
    1060    1174    1025    1164     990    1052    1048    1101    1031    1073
    1043    1093    1032    1104    1044    1097    1050    1073    1025    1072
    1079    1076    1068    1067    1069    1092    1069    1022     976    1056
    1022    1124     988    1070    1026    1110    1036    1044    1043    1151
     954    1027     970    1050    1018    1062     960    1051    1000     985
     957    1015    1020    1030     993     972    1006    1019    1008    1061
     916     980    1003    1041    1026    1049    1065    1058     928    1027
     990    1026     949    1007     998    1004     988     966     953     972
     988    1033     924     949     966     969     912     989     969    1049
     969    1037     958     967     914    1042     934     970     970    1050
     968     937     979    1040     931     954    1000     995     922     998
     971     983     920     976     958     986     935     942     944     967
     893     900     995     967     953     977     945     908     909     966
     972     980     909     923     966     919     885     883     939     967
     938     993     919     924     934     967     868     923     963     919
     900     952     878     882     985     970     922     953     883     928
     902     921     982     984     820     896     903     949     900     994
     920     962     857     952     937     971     904     959     980     913
     888     954     963     897     866     858     899     929     920     913
     978     932     904     922     948     924     852     940     954     888
     880     883     905     966     880     888     893     929     909     962
     896     937     885     887     896     893     859     949     913     883
     875     865     923     957     886     883     927     840     838     925
     920     902     839     833     880     881     887     853     842     968
     887     890     869     916     858     846     898     937     812     874
     886     913     869     877     849     877     845     842     924     868
     861     852     844     877     833     831     834     884     839     885
     806     854     838     826     834     876     811     846     826     861
     764     897     866     859     771     852     893     833     837     756
     867     846     847     818     811     851     803     821     797     853
     792     872     769     802     781     850     811     836     788     847
     787     821     839     798     813     877     721     820     835     870
     820     800     793     849     805     794     815     822     728     805
     795     860     806     835     787     794     781     781     790     843
     749     747     774     806     767     815     813     762     766     799
     798     771     735     734     810     814     758     775     769     792
     766     740     859     754     729     810     799     804     744     706
     741     759     740     736     797     756     729     792     774     777
     745     761     781     777     744     694     795     776     780     775
     767     789     749     764     691     753     752     744     728     718
     704     731     736     772     741     745     759     735     708     746
     780     708     761     712     754     743     744     736     768     739
     730     798     770     683     710     743     765     748     743     733
     760     713     670     736     726     736     645     735     724     711
     667     756     749     762     744     727     752     723     694     750
     736     710     721     746     756     791     638     769     720     731
     683     713     653     715     681     765     710     676     635     695
     688     738     724     686     705     731     674     708     684     734
     697     687     682     731     689     738     700     711     676     689
     694     740     641     750     760     719     682     738     684     696
     671     705     651     729     667     749     705     727     714     743
     650     710     645     713     703     761     644     710     679     739
     651     692     724     728     686     706     677     707     656     761
     704     708     689     676     666     666     649     666     712     657
     647     663     650     804     672     725     731     726     667     721
     636     704     653     679     696     691     644     661     644     668
     714     657     682     728     665     720     690     679     670     731
     730     693     714     691     636     735     697     714     713     718
     672     691     720     635     574     727     689     703     669     644
     671     689     681     735     671     716     626     655     703     741
     664     674     692     727     661     707     687     693     681     654
     750     696     734     691     697     691     728     694     773     712
     730     721     725     752     759     735     707     804     664     678
     708     706     703     750     722     766     683     686     727     774
     703     681     794     741     706     737     775     780     777     782
     783     796     722     746     782     810     765     796     740     888
     716     833     768     792     797     789     816     759     818     779
     829     737     823     831     838     881     793     874     921     856
     844     907     915     843     847     882     897     946     923     962
     958     963     880     920     985    1004     948     939    1002    1062
     994    1077    1029    1129    1119    1118    1116    1139    1044    1102
    1229    1226    1170    1273    1373    1394    1363    1399    1508    1619
    1583    1624    1658    1691    1741    1895    1861    1997    1894    2083
    2159    2240    2276    2264    2386    2424    2365    2532    2837    2812
    2770    2951    3000    3154    3141    3275    3568    3551    3444    3572
    3644    3784    3714    3897    4060    4135    4103    4134    4128    4323
    4199    4314    4538    4504    4334    4407    4520    4589    4401    4239
    4873    4530    4376    4363    4369    4493    4127    4289    4266    4298
    3971    4120    4059    3933    3730    3722    3638    3611    3408    3331
    3296    3319    3052    3051    3022    2856    2762    2783    2650    2553
    2439    2285    2306    2284    2092    2045    1872    1933    1778    1781
    1676    1643    1595    1552    1488    1479    1371    1342    1274    1317
    1160    1218    1140    1198    1086    1061    1175    1145    1137    1167
    1129    1145    1176    1156    1320    1316    1276    1311    1364    1427
    1496    1537    1647    1722    1705    1836    1850    1995    1930    2080
    2109    2228    2182    2244    2261    2313    2190    2298    2440    2291
    2178    2217    2214    2165    2153    1976    2053    1961    1764    1763
    1676    1600    1428    1385    1356    1309    1141    1104    1062    1018
     888     881     846     790     806     742     728     658     693     631
     672     656     665     705     637     652     618  332373
