$Informacoes da Fluorescencia de Raios-X:
"Sample    : ACC-667-MS",                                                                 
"Operator  : luisf",                                                                      
"Comment  : ",                                                                            
"Group     : thiago_acra2010ma",                                                          
"Date       : 2010-06-03 19:22:12",                                                       
"",                                                                                       
"Mesurement Condition",                                                                   
"------------------------------------------------------------------------------------",   
"Instrument : 700HS2   Atmosphere : Vac.   Collimator : 10(mm)   Spin : No",              
"------------------------------------------------------------------------------------",   
"Analyte               TG kV   uA      FI Acq.(keV)  Anal.(keV)  Time(sec)     DT(%)",    
"------------------------------------------------------------------------------------",   
"Na                    Rh 50 1000-Auto Al  0 - 20    0.8 - 1.2   Live -  959   12",       
"Channel_info_start",                                                                     
"Channel : Na",                                                                           
"Points : 2048
"Range : 0.000000 - 20.480000",                                                           
"Step : 0.010000",                                                                        
"Channel_info_end",                                                                       
$DATA:
       0    2047
       0       0       0       0       0       0       0       0       0    2048
       0       0       0       0       0       0       0       0       0       0
       0       0       0       0       0       0       0       0       0       0
       0       0       0       0       0       0       0       0       4      10
      79     152     159     135     167     159     137     169     160     148
     142     175     154     143     140     153     142     207     152     199
     205     183     222     248     250     260     228     249     258     251
     232     285     272     279     260     275     278     302     294     292
     243     279     241     203     186     191     207     206     198     244
     219     307     287     383     372     424     448     498     483     441
     474     441     387     380     325     300     254     298     237     284
     299     296     334     324     367     361     310     371     333     313
     271     264     200     209     202     177     170     204     181     215
     205     233     229     262     268     281     237     281     240     245
     228     218     223     222     213     196     186     232     244     277
     297     367     415     585     559     700     798     843     856     892
     912     953     877     867     747     721     597     591     482     490
     396     447     382     475     604     756     874    1264    1465    1980
    2104    2483    2579    2932    2863    3056    2769    2615    2241    1990
    1681    1339    1075     944     688     554     507     406     365     397
     390     457     395     383     397     429     468     441     457     510
     451     491     460     514     426     433     423     458     401     446
     393     501     414     497     461     490     551     616     684     823
     980    1283    1600    2051    2549    3184    3554    4176    4633    5205
    4994    5556    5309    5301    4649    4300    3893    3374    2575    2370
    1803    1591    1322    1240    1175    1179    1098    1264    1385    1706
    2011    2628    3454    4834    6007    8673    9511   12694   14014   16730
   17664   19830   19083   20284   18671   18636   15815   14677   11881   10328
    7804    6545    4584    3713    2657    2334    1986    2044    1818    2005
    2004    2129    1987    2070    1961    1832    1617    1492    1200    1051
     833     705     617     553     417     379     307     319     280     277
     248     287     289     330     268     293     289     292     303     334
     308     356     353     411     428     506     633     726     931    1387
    1814    2451    3165    4421    5379    6890    7916    9668   10575   12106
   12094   13251   13156   13171   11684   11936    9712    8924    7049    5963
    4629    3707    2564    2021    1487    1171     814     790     723     809
     843     999    1167    1453    1746    2207    2476    3012    3461    4436
    5088    6186    6947    8221    9124   10580   10546   12326   12026   12460
   11935   11750   10684   10176    8872    7713    6471    5255    4123    3264
    2430    1976    1402    1083     836     669     569     540     527     620
     590     661     775     854     964    1141    1203    1452    1464    1651
    1637    1746    1694    1732    1541    1569    1365    1252    1082     982
     792     726     530     519     432     396     326     284     297     298
     298     289     292     289     294     257     265     311     285     285
     324     313     310     340     305     361     373     399     416     540
     621     696     745     955    1082    1168    1267    1432    1589    1782
    1641    1810    1654    1655    1458    1472    1337    1238    1063     958
     843     875     666     634     561     585     488     512     464     462
     439     474     476     467     441     435     459     513     472     488
     489     546     515     544     574     562     577     632     637     678
     665     697     702     684     689     694     683     658     606     644
     578     591     569     543     468     513     455     455     417     503
     473     520     431     510     451     525     487     504     478     488
     483     493     544     511     529     520     508     526     475     503
     573     609     587     616     606     607     618     637     607     676
     660     691     652     683     621     702     669     710     653     673
     607     644     586     652     602     636     635     639     664     715
     653     676     616     719     694     699     666     649     686     706
     668     711     683     708     739     791     751     785     772     838
     907     902     908    1005     946    1040    1043    1153    1133    1168
    1105    1251    1074    1145    1026    1115    1038    1024     938    1047
     958     904     880     933     874     905     905     895     855     957
     803     883     885     956     897    1018     989    1062    1045    1207
    1370    1502    1699    2192    2518    3305    3753    5068    6012    7740
    8809   10928   12746   14858   16014   18320   19518   21666   21432   24530
   22047   23026   20969   21184   19123   18206   15402   14351   12161   10598
    8408    7283    6011    4792    3700    3316    2505    2206    1702    1549
    1372    1220    1249    1102    1083    1159    1050    1079    1065    1062
    1066    1172    1159    1160    1013    1123    1094    1171    1087    1076
    1173    1201    1159    1145    1191    1222    1192    1379    1333    1435
    1451    1650    1678    1944    1948    2199    2454    2641    2729    3137
    3198    3455    3534    3897    3833    4087    3826    4035    3732    3686
    3346    3242    2998    2909    2421    2269    2088    1946    1686    1690
    1445    1427    1252    1292    1201    1213    1187    1121    1139    1179
    1112    1156    1145    1230    1046    1124    1122    1169    1105    1127
    1155    1174    1137    1216    1172    1222    1070    1236    1255    1158
    1171    1188    1184    1185    1180    1191    1109    1159    1142    1071
    1137    1147    1093    1148    1062    1115    1053    1159    1168    1201
    1140    1088    1119    1185    1080    1146    1138    1184    1108    1184
    1163    1162    1140    1251    1157    1271    1232    1236    1373    1432
    1391    1530    1609    1688    1757    1822    1990    2076    2230    2299
    2336    2484    2416    2422    2421    2470    2321    2301    2319    2160
    2054    1930    1903    1834    1700    1641    1425    1379    1327    1268
    1162    1158    1099    1079    1036    1115     984    1029    1066    1029
     967     989    1076    1039    1002    1031    1035    1064    1043    1101
    1023    1096    1010    1086    1101    1182    1113    1295    1380    1394
    1481    1623    1673    1852    1961    2121    2236    2493    2480    2442
    2705    2827    2725    2785    2832    2821    2623    2563    2451    2287
    2106    2054    1919    1880    1638    1617    1543    1446    1317    1362
    1275    1224    1158    1242    1200    1165    1174    1157    1196    1189
    1107    1147    1156    1168    1127    1152    1156    1101    1054    1031
    1020    1036    1057    1052     975    1065     980     953     991    1033
     976    1018    1002     970    1016     979     964    1007     982    1003
    1018     990     970    1004     975    1026     935     997    1043    1029
    1009     982     941     985     959     946     923    1018     978     958
     966     992     984    1029    1066    1076    1024    1095    1125    1090
    1010    1144    1137    1154    1056    1225    1163    1198    1134    1093
    1152    1128    1111    1116    1062    1103    1038    1074    1018    1026
     936     946    1043     962     877    1005     939     959     913     916
     914     932     969     884     910     970     907     948     956     954
     910     948     988     949     898     902     954     926     880     939
     924     910     895     925     915     936     875     914     942     941
     900     973     924     937     893     983     943     945     883     939
     972     971     892     928     910     991     898     983     953     955
     960    1002     947    1008     916     980     979    1021     935    1086
    1049    1118    1066    1154    1070    1204    1213    1231    1249    1288
    1186    1271    1179    1275    1237    1342    1191    1341    1258    1195
    1216    1172    1132    1172    1133    1109     993    1095    1008    1029
    1023    1057     922    1006     918    1003     953    1000     910     923
     975     992     901     945     877     909     841     922     958     979
     979     921    1008     957     923     911     883     985     960     980
     913     939     944     970     972     968     897    1003     945     946
     905     953     959     989     976     954     968     964     954     881
     932     930     905     975    1004     991     946    1009     952     953
     951     986     963    1020     915    1011    1004     963     859     920
     984     930     976     945     904     945     902     932     927     982
     899     962     925     922     951     983     892     960     896     945
     957     948     909     911     953    1001     948    1045     988    1061
    1050    1175    1196    1300    1296    1415    1518    1621    1610    1877
    1921    2050    2079    2330    2419    2575    2411    2682    2499    2705
    2589    2724    2646    2600    2391    2468    2415    2361    2066    2143
    1919    1828    1636    1652    1424    1418    1265    1281    1271    1155
    1037    1014    1037    1013     900     924     938     914     837     847
     847     874     855     920     872     880     798     836     865     876
     853     899     872     848     823     883     902     875     840     864
     870     897     898     875     905     890     864     957     960    1001
     860     992     887     999     935    1030    1036    1065    1009    1045
    1028    1101    1040    1052    1024    1046    1004    1040    1040    1002
     938     954     989     943     896     909     844     913     804     854
     893     868     839     896     828     878     791     794     839     846
     762     818     784     824     763     852     790     809     833     792
     846     852     816     776     821     894     818     779     827     836
     832     882     878     929     861     927     959     984     931     968
    1053    1022     936    1100    1062    1070    1075    1035    1047    1116
    1051    1124    1056    1077     989    1072    1129    1025     954     978
    1021     987     931     998     908     865     858     883     819     864
     833     835     815     784     789     825     767     798     740     872
     746     796     763     761     753     744     721     793     757     776
     761     733     790     775     737     758     840     757     683     797
     716     717     723     768     720     714     731     702     748     756
     708     750     743     769     714     782     729     794     789     778
     823     756     762     775     817     803     815     827     854     828
     810     881     864     848     816     833     918     820     817     843
     892     800     777     831     800     751     765     751     724     723
     745     723     741     721     731     751     710     720     695     683
     740     768     679     730     730     733     650     702     781     720
     693     700     719     720     702     722     649     713     717     748
     675     710     688     728     747     765     682     683     661     712
     693     762     790     741     700     755     722     747     679     747
     711     773     699     758     679     732     670     684     752     670
     670     655     701     670     678     642     684     689     602     694
     654     693     684     644     668     711     638     683     668     697
     618     649     660     640     691     650     659     661     652     635
     698     700     626     667     622     658     649     644     690     675
     675     630     688     682     647     652     670     631     586     669
     653     668     632     657     665     707     611     671     646     644
     615     691     648     654     623     609     694     660     635     657
     664     693     626     648     700     659     622     624     706     714
     634     635     660     688     681     702     696     657     651     716
     657     688     662     693     634     629     613     664     678     639
     664     606     636     675     631     612     632     614     615     606
     608     634     622     637     601     658     569     643     543     642
     562     591     605     660     573     627     599     626     596     607
     585     587     547     560     598     629     609     596     620     581
     602     577     662     646     549     587     599     626     580     550
     585     600     547     598     624     588     602     607     617     608
     558     614     576     616     600     612     598     590     603     611
     584     594     588     570     601     631     573     658     611     620
     556     613     591     617     543     590     606     555     614     623
     574     574     605     627     565     572     542     621     551     599
     541     567     582     601     560     603     582     602     571     578
     569     532     590     574     631     590     563     603     575     600
     574     558     583     601     590     622     560     566     603     585
     577     553     544     623     568     550     534     538     565     559
     549     591     587     586     572     560     587     636     600     560
     522     616     559     615     608     642     572     594     581     577
     572     603     574     633     584     586     600     598     565     562
     585     654     586     576     592     605     563     609     598     628
     616     609     606     616     544     638     603     619     616     604
     607     602     614     584     635     623     560     594     573     618
     627     557     633     659     566     636     615     626     650     647
     671     665     634     627     649     696     631     661     620     688
     604     654     664     705     678     682     654     694     629     684
     663     711     679     732     688     698     722     661     722     716
     695     712     756     746     711     717     692     828     765     750
     806     767     783     812     783     815     787     856     862     834
     887     872     890     791     891     937     931     947     914     994
     990    1109    1099    1054    1114    1167    1180    1211    1264    1277
    1238    1355    1337    1418    1434    1461    1468    1579    1606    1710
    1832    1814    1809    1871    1992    1994    2035    2199    2383    2367
    2289    2426    2499    2666    2620    2707    2838    2939    2808    2954
    3153    3147    3058    3268    3363    3576    3275    3354    3473    3592
    3536    3455    3801    3743    3627    3707    3723    3760    3633    3588
    4025    3704    3612    3710    3584    3740    3511    3577    3610    3536
    3314    3276    3298    3262    3105    3120    3084    3067    2833    2792
    2854    2684    2523    2407    2486    2445    2228    2178    2163    2138
    1927    1972    1884    1856    1716    1766    1649    1586    1478    1409
    1458    1364    1306    1346    1234    1162    1105    1079    1084    1093
     977    1000     947     990     907     902     984     948     947     897
     959     987     967    1046    1079    1037    1066    1165    1141    1215
    1250    1360    1380    1432    1373    1570    1694    1686    1601    1795
    1756    1874    1822    1864    2037    1933    1943    1974    2011    1936
    1944    1834    1977    1894    1826    1641    1723    1708    1575    1480
    1422    1400    1257    1191    1195    1138     973     941     993     858
     823     775     777     710     653     574     615     629     494     552
     602     561     505     535     566     565     536  277824
