$Informacoes da Fluorescencia de Raios-X:
"Sample    : ACC-623-MS",                                                                 
"Operator  : ",                                                                           
"Comment  : ",                                                                            
"Group     : thiago_acra2010ma",                                                          
"Date       : 2010-06-04 21:16:16",                                                       
"",                                                                                       
"Mesurement Condition",                                                                   
"------------------------------------------------------------------------------------",   
"Instrument : 700HS2   Atmosphere : Vac.   Collimator : 10(mm)   Spin : No",              
"------------------------------------------------------------------------------------",   
"Analyte               TG kV   uA      FI Acq.(keV)  Anal.(keV)  Time(sec)     DT(%)",    
"------------------------------------------------------------------------------------",   
"Na                    Rh 50 1000-Auto Al  0 - 20    0.8 - 1.2   Live -  959   13",       
"Channel_info_start",                                                                     
"Channel : Na",                                                                           
"Points : 2048
"Range : 0.000000 - 20.480000",                                                           
"Step : 0.010000",                                                                        
"Channel_info_end",                                                                       
$DATA:
       0    2047
       0       0       0       0       0       0       0       0       0    2048
       0       0       0       0       0       0       0       0       0       0
       0       0       0       0       0       0       0       0       0       0
       0       0       0       0       0       0       2       1       2      13
      70     164     166     171     182     189     199     189     163     179
     160     190     182     183     175     189     164     208     149     179
     147     189     193     221     178     197     190     215     220     223
     240     267     265     315     304     312     313     329     334     312
     301     265     256     236     214     198     204     191     164     214
     181     197     180     200     198     219     224     211     186     223
     208     219     218     201     179     178     175     179     162     177
     177     195     156     193     201     192     184     168     219     170
     189     183     191     167     221     210     209     192     237     238
     246     268     295     328     308     304     304     356     292     298
     242     279     231     209     233     241     255     258     269     297
     394     477     580     703     789    1036    1057    1199    1212    1281
    1258    1175    1184    1059     907     765     688     598     470     429
     383     414     439     528     659     930    1214    1626    1968    2461
    2844    3422    3697    3949    3859    4035    3534    3428    2852    2558
    2071    1795    1271    1066     753     643     512     454     440     443
     388     469     413     417     422     483     472     510     511     506
     489     495     460     489     386     371     343     346     282     302
     228     224     235     238     209     253     218     216     234     253
     263     325     320     440     397     543     642     663     784     875
     847     813     887     846     720     756     630     551     478     436
     352     340     293     294     285     270     285     308     337     348
     398     524     604     778     953    1312    1421    1930    2076    2462
    2718    3040    2829    3091    2820    2736    2308    2193    1849    1611
    1318    1056     797     703     632     564     472     497     488     533
     509     573     499     507     494     529     416     473     370     385
     350     302     304     299     256     270     242     275     249     243
     235     272     258     268     244     272     254     301     311     280
     271     320     324     369     363     389     446     560     662     939
    1123    1715    2016    2775    3313    4306    4918    6212    6615    7536
    7640    8284    8070    8339    7479    7379    6018    5675    4403    3781
    2890    2407    1688    1386    1047     820     629     638     592     623
     692     820     995    1141    1384    1773    2111    2801    3387    4585
    5451    6983    8017    9966   11388   13237   14031   16246   15831   16979
   16227   16130   14687   14151   11746   10458    8756    7394    5241    4344
    3145    2451    1700    1385     888     714     559     578     505     536
     602     781     845    1028    1216    1384    1600    1857    1840    2277
    2154    2327    2194    2242    2128    2097    1784    1705    1464    1264
    1044     901     713     671     498     489     425     395     363     368
     320     326     327     337     335     363     334     334     339     417
     365     397     362     430     384     472     478     554     596     732
     828    1036    1123    1343    1523    1758    1901    2248    2298    2665
    2496    2570    2529    2553    2241    2103    1950    1909    1578    1467
    1194    1070     913     861     728     712     562     622     579     578
     597     572     584     583     549     550     543     610     608     648
     677     698     628     746     712     789     731     824     807     890
     801     865     877     940     871     839     908     839     821     822
     743     718     670     751     681     652     604     643     690     632
     651     676     555     610     586     617     634     638     624     644
     630     672     679     692     642     707     736     677     693     701
     681     799     692     799     679     801     807     853     761     822
     881     884     910     883     888     908     810     821     886     882
     860     872     848     863     808     905     879     882     852     899
     823     929     915     950     861     918     853     886     882     942
     856     938     943     961     974    1029    1062    1060     983    1163
    1154    1195    1191    1382    1379    1434    1403    1474    1544    1649
    1575    1656    1503    1550    1473    1533    1387    1419    1246    1351
    1225    1331    1175    1165    1163    1202    1145    1129    1178    1187
    1070    1220    1189    1250    1146    1239    1286    1277    1303    1440
    1501    1672    1718    2192    2451    2912    3338    4253    4997    6452
    7129    8657   10053   11863   12565   14647   15494   16963   16806   19093
   17422   18099   16585   16559   14989   14480   12370   11311    9895    8536
    6974    6149    5039    4318    3529    3088    2458    2333    1892    1798
    1686    1573    1503    1503    1420    1496    1406    1476    1452    1456
    1446    1449    1462    1552    1484    1500    1432    1511    1352    1519
    1473    1550    1531    1509    1485    1568    1504    1625    1628    1723
    1800    1787    1954    2166    2089    2298    2419    2662    2688    2983
    3142    3381    3309    3609    3559    3766    3556    3683    3349    3465
    3178    3091    2914    2864    2604    2483    2234    2191    1930    1994
    1708    1749    1687    1631    1584    1608    1468    1555    1556    1572
    1482    1515    1496    1564    1539    1466    1444    1605    1599    1626
    1516    1541    1504    1581    1527    1638    1584    1641    1546    1623
    1589    1621    1550    1708    1454    1583    1495    1606    1538    1509
    1598    1589    1431    1552    1488    1554    1470    1550    1581    1538
    1482    1651    1474    1524    1540    1625    1542    1615    1507    1528
    1597    1680    1501    1659    1489    1645    1554    1612    1651    1604
    1610    1634    1591    1762    1703    1871    1737    1866    1868    1942
    1911    1961    1855    1970    1848    1919    1913    1958    1909    1878
    1718    1727    1694    1700    1552    1620    1534    1553    1449    1525
    1447    1449    1377    1470    1460    1382    1342    1379    1319    1418
    1310    1480    1379    1417    1359    1396    1369    1440    1341    1387
    1434    1381    1303    1378    1372    1479    1377    1444    1416    1520
    1494    1563    1531    1687    1548    1683    1721    1715    1694    1757
    1849    1818    1840    1900    1887    1923    1782    1823    1676    1822
    1640    1651    1593    1612    1446    1449    1470    1468    1380    1467
    1336    1448    1303    1369    1358    1345    1333    1303    1330    1298
    1335    1402    1313    1360    1346    1341    1410    1372    1245    1294
    1307    1290    1283    1361    1351    1349    1200    1270    1315    1332
    1324    1334    1250    1287    1213    1365    1266    1266    1251    1328
    1210    1376    1237    1347    1327    1337    1210    1311    1342    1275
    1255    1340    1226    1325    1287    1264    1299    1289    1194    1267
    1284    1279    1221    1321    1331    1386    1315    1326    1304    1413
    1304    1307    1358    1274    1273    1357    1289    1365    1217    1348
    1432    1411    1217    1382    1231    1273    1283    1292    1337    1252
    1242    1281    1280    1314    1240    1367    1242    1302    1142    1264
    1232    1211    1236    1264    1267    1221    1170    1219    1242    1266
    1268    1249    1267    1194    1192    1220    1212    1304    1245    1217
    1226    1277    1175    1274    1257    1349    1217    1232    1189    1247
    1194    1247    1282    1284    1235    1250    1282    1373    1196    1243
    1224    1241    1240    1334    1280    1310    1210    1219    1277    1250
    1247    1242    1298    1209    1239    1282    1206    1274    1193    1336
    1230    1252    1251    1300    1247    1270    1256    1295    1269    1317
    1246    1281    1206    1309    1258    1339    1365    1318    1262    1312
    1304    1345    1257    1292    1206    1271    1298    1326    1250    1320
    1284    1266    1275    1265    1243    1290    1325    1211    1228    1290
    1232    1321    1225    1276    1324    1322    1300    1334    1298    1371
    1223    1309    1282    1312    1205    1247    1244    1236    1271    1337
    1205    1266    1273    1333    1232    1315    1247    1291    1266    1332
    1243    1244    1354    1294    1241    1290    1273    1253    1229    1302
    1330    1336    1247    1231    1234    1220    1214    1262    1311    1284
    1245    1276    1249    1328    1225    1289    1303    1289    1229    1258
    1225    1348    1147    1280    1241    1311    1225    1208    1249    1314
    1141    1325    1209    1311    1234    1217    1234    1295    1222    1304
    1219    1261    1146    1267    1224    1288    1242    1282    1159    1287
    1180    1202    1174    1256    1238    1204    1303    1253    1148    1281
    1265    1256    1258    1311    1267    1316    1209    1316    1335    1317
    1212    1249    1306    1303    1243    1266    1251    1254    1180    1252
    1191    1269    1192    1206    1194    1220    1138    1180    1187    1211
    1177    1222    1252    1181    1127    1217    1191    1195    1200    1186
    1110    1201    1070    1212    1207    1166    1102    1212    1131    1168
    1078    1200    1126    1199    1109    1122    1127    1174    1036    1148
    1214    1194    1102    1200    1222    1129    1122    1091    1136    1134
    1156    1117    1083    1202    1124    1162    1125    1146    1102    1137
    1131    1138    1179    1179    1139    1145    1100    1149    1106    1141
    1152    1120    1145    1136    1088    1101    1186    1119    1097    1156
    1177    1129    1153    1105    1055    1122    1109    1092    1153    1122
    1073    1105    1050    1148    1066    1175    1050    1116    1093    1140
    1047    1107    1061    1092    1081    1142    1067    1102    1031    1118
    1092    1126    1116    1095    1032    1035    1126    1112    1062    1139
    1098    1191    1100    1126    1126    1156    1091    1122    1130    1142
    1139    1133    1124    1151    1139    1133    1155    1160    1133    1090
    1107    1205    1126    1097    1118    1129    1037    1029    1124    1139
    1021    1052    1044    1063    1011    1056    1023    1079    1082    1090
    1079    1113    1045     997    1110    1077    1029    1020    1083    1050
     971    1047    1075    1056    1004    1083    1074    1040    1014    1003
    1081    1063    1088    1042    1015    1055    1027    1027    1056    1040
     945    1068    1043    1068     980    1088    1079    1046    1081    1067
    1124    1059     998    1074    1104    1163    1068    1149    1213    1152
    1126    1096    1127    1189    1119    1154    1122    1200    1074    1190
    1043    1147     987    1133    1075    1124    1087    1071    1026    1032
     960    1028     983    1057     987    1011    1011     951     943    1040
    1012     980     940     985     947     970     962     926     988     933
     986     987     932     992     897    1047     899     998     941     899
     951     988     974     915     997     913     850     955     965     970
     956     887     997     957     908     926     891     948     862     924
     988     980     921     963     956     916     883     983     956     965
     920     928     917    1010     984     938     954     944     921     946
     963     903     920     925     988     905     928     932     861     944
     861     907     879     908     833     911     840     941     896     882
     937     913     885     902     918     897     925     839     876     914
     872     891     857     888     870     858     938     809     810     907
     854     878     809     885     910     900     856     856     900     801
     861     851     885     912     857     880     871     912     842     840
     933     876     905     876     868     893     891     906     916     942
     863     906     883     943     929     932     929    1015     892     965
     955     946     909     973     912     892     854     863     909     866
     846     881     910     909     864     837     866     881     855     885
     849     879     821     872     853     840     849     812     855     894
     847     840     882     862     817     888     823     888     827     860
     829     866     832     849     826     865     842     791     834     845
     818     767     855     847     807     820     763     823     792     793
     869     857     784     826     771     810     826     765     832     832
     813     794     805     813     749     796     855     892     767     857
     807     772     822     861     809     875     817     836     793     793
     789     847     826     909     822     779     811     810     821     818
     781     776     749     775     784     840     768     776     794     862
     771     769     841     818     741     763     789     869     742     802
     784     789     751     761     832     841     766     781     788     811
     805     799     805     841     732     773     772     792     775     798
     786     827     790     791     845     841     724     817     823     822
     774     786     791     821     779     796     807     847     779     768
     798     805     781     771     724     796     737     753     789     817
     854     768     819     724     801     831     846     810     792     807
     871     806     839     850     811     807     810     792     829     898
     769     820     819     821     794     910     837     852     839     914
     840     868     771     852     843     845     805     885     855     914
     905     767     958     858     879     873     878     777     879     900
     888     921     866     851     868     879     776     909     862     938
     900     950     937    1025     849     888     923     956     910     908
     970     879     918     896     973     989     968     972     916    1019
     940     963    1044    1037    1004     992    1053    1068    1014    1044
    1100    1075    1074    1107    1155    1145    1087    1125    1166    1174
    1175    1169    1213    1333    1227    1243    1331    1318    1204    1408
    1392    1480    1474    1485    1529    1629    1510    1594    1649    1701
    1697    1829    1847    1949    1916    2008    2083    2188    2153    2302
    2431    2466    2557    2677    2781    2761    2829    2926    3130    3164
    3132    3387    3386    3577    3543    3817    3921    4062    3938    4121
    4348    4277    4336    4409    4638    4932    4449    4803    4810    4909
    4867    4997    5296    5231    4999    5073    4969    5109    5008    5039
    5474    5110    5040    5081    5029    4993    4741    4873    4941    4822
    4682    4699    4586    4525    4227    4437    4143    4213    3942    4056
    3815    3803    3613    3507    3513    3386    3063    3085    3060    2945
    2673    2592    2805    2457    2394    2348    2265    2276    2077    2114
    1939    1945    1788    1708    1724    1640    1583    1515    1506    1452
    1370    1397    1459    1291    1256    1286    1313    1288    1221    1226
    1300    1295    1282    1206    1469    1493    1428    1556    1514    1724
    1695    1744    1857    1883    1914    2012    2149    2269    2124    2392
    2487    2595    2465    2431    2583    2697    2676    2568    2838    2719
    2574    2612    2554    2688    2416    2328    2574    2285    2104    2112
    2015    1960    1784    1662    1653    1566    1419    1391    1315    1250
    1096    1072    1078    1029     897     866     896     832     767     726
     780     797     693     761     699     748     667  383792
