$Informacoes da Fluorescencia de Raios-X:
"Sample    : ACC-649-MS",                                                                 
"Operator  : luisf",                                                                      
"Comment  : ",                                                                            
"Group     : thiago_acra2010ma",                                                          
"Date       : 2010-06-03 13:19:49",                                                       
"",                                                                                       
"Mesurement Condition",                                                                   
"------------------------------------------------------------------------------------",   
"Instrument : 700HS2   Atmosphere : Vac.   Collimator : 10(mm)   Spin : No",              
"------------------------------------------------------------------------------------",   
"Analyte               TG kV   uA      FI Acq.(keV)  Anal.(keV)  Time(sec)     DT(%)",    
"------------------------------------------------------------------------------------",   
"Na                    Rh 50 1000-Auto Al  0 - 20    0.8 - 1.2   Live -  958    8",       
"Channel_info_start",                                                                     
"Channel : Na",                                                                           
"Points : 2048
"Range : 0.000000 - 20.480000",                                                           
"Step : 0.010000",                                                                        
"Channel_info_end",                                                                       
$DATA:
       0    2047
       0       0       0       0       0       0       0       0       0    2048
       0       0       0       0       0       0       0       0       0       0
       0       0       0       0       0       0       0       0       0       0
       0       0       0       0       0       0       0       2       1       6
      62     113     102     122     112     113     119     114     116     135
     112     133     137     123     102     168     123     138     144     151
     142     189     189     186     221     181     233     224     238     253
     207     239     225     267     248     262     231     239     232     251
     238     201     199     183     165     141     134     125     128     145
     136     114     128     148     141     126     154     167     157     222
     172     155     136     139     131     136     133     160     158     145
     163     200     184     206     185     211     179     195     193     178
     157     153     122     136     111     143     122     145     121     141
     131     152     129     144     166     178     163     152     174     175
     165     147     142     150     126     133     129     143     149     152
     165     204     213     279     302     340     333     410     445     472
     426     464     468     460     433     415     384     338     325     316
     312     302     244     299     305     327     399     552     627     816
     929    1099    1212    1315    1264    1347    1163    1176    1081     900
     768     612     485     430     361     344     227     274     266     242
     235     232     229     272     238     274     251     286     245     289
     270     275     250     262     275     288     271     311     274     295
     256     283     243     310     325     316     358     399     472     554
     726     938    1254    1671    2208    2925    3144    4098    4496    4847
    5001    5230    5054    5110    4321    4158    3535    2916    2259    1921
    1402    1059     879     760     646     623     541     589     603     601
     554     648     728     873    1043    1436    1510    1963    2155    2519
    2673    3102    2991    3191    2905    2863    2382    2293    1905    1614
    1246    1088     816     684     481     470     424     470     432     447
     468     470     487     451     458     427     414     391     331     341
     322     294     253     227     243     211     229     215     211     224
     202     215     224     211     200     213     231     219     194     267
     223     249     296     322     332     406     464     600     794    1155
    1502    2123    2708    3827    4662    6085    7122    8859    9918   11005
   11190   12181   12032   12140   10962   10656    8937    8151    6281    5582
    4275    3286    2335    1755    1233     932     701     588     538     597
     615     738     865    1040    1188    1403    1532    1872    1986    2261
    2505    2772    2908    3302    3524    3918    3945    4276    4098    4247
    3969    3931    3429    3352    2822    2552    2135    1754    1325    1091
     861     622     452     387     316     290     273     271     257     237
     263     348     356     372     418     502     508     563     589     674
     610     628     610     710     608     638     509     518     465     398
     354     325     317     290     255     306     222     219     223     244
     237     243     253     247     257     237     232     243     227     241
     228     261     216     254     233     265     250     284     298     299
     325     410     400     450     479     580     614     626     717     792
     740     855     800     807     680     727     633     629     588     573
     473     514     395     417     370     406     362     360     348     378
     311     343     364     380     352     374     338     389     344     384
     408     392     391     423     411     436     431     480     477     466
     440     458     457     508     469     513     463     433     436     459
     403     437     379     428     433     459     405     413     373     423
     369     413     355     436     391     401     388     401     404     397
     374     417     380     448     438     444     423     464     401     458
     464     487     445     440     460     507     528     513     533     549
     536     539     513     605     555     517     533     580     532     515
     571     541     540     587     548     559     508     573     545     555
     537     518     587     610     546     555     536     584     625     629
     603     586     642     573     615     652     595     636     643     693
     649     760     706     771     730     769     758     788     759     821
     762     866     785     825     747     835     807     763     700     745
     763     745     753     721     725     749     708     729     730     767
     692     736     758     780     744     798     842     877     836     863
     952    1037    1067    1320    1408    1775    1972    2475    2897    3440
    3920    4862    5434    6457    6974    7919    8467    9304    9219   10655
    9704    9796    9169    9457    8373    7838    6772    6193    5411    4777
    3845    3393    2719    2492    1929    1809    1470    1355    1107    1094
     994     977     958     972     941     937     882     954     866     914
     919    1030     890    1000     908     991     902     935     916    1007
     985    1013     953     986     968     983     950    1063     988    1132
    1038    1141    1207    1258    1329    1351    1487    1598    1572    1803
    1899    1960    1905    2092    2088    2188    1982    2143    2065    2044
    1819    1878    1710    1662    1482    1533    1433    1300    1206    1199
    1116    1147     958    1081    1025    1007     933     960     955    1051
     958     969    1018     999     887     962    1054    1014    1040     999
     990    1019     974     987     983     988     996    1044    1006    1109
     931    1042     969    1087     937     964    1021     978     939     953
    1088     986     911    1066     960     974     849    1029    1066     971
     986    1027     986     986     918     952    1003    1006     923    1025
     965    1036     925    1017     955    1118    1010    1099    1066    1117
    1064    1061    1160    1164    1205    1273    1250    1351    1285    1334
    1379    1380    1361    1403    1319    1454    1396    1399    1284    1301
    1201    1213    1151    1200    1075    1109    1023    1032     993    1032
     943     921     878     882     961     922     879     896     841     944
     891     971     892     925     868     856     901     917     853     873
     854     911     875     915     904     944     919     960     960    1027
    1028    1104    1098    1201    1202    1254    1345    1378    1332    1600
    1487    1642    1513    1540    1551    1554    1455    1456    1400    1351
    1270    1314    1218    1174    1143    1098     994    1036    1012     924
     952     862     888     918     949     927     820     862     914     973
     929     852     891     876     845     864     877     875     880     879
     902     883     854     886     860     896     877     819     767     906
     813     932     800     809     856     888     805     890     773     836
     878     831     800     829     800     815     834     865     774     860
     805     851     793     830     840     861     813     839     797     831
     783     828     823     868     806     859     818     900     842     924
     809     896     832     875     872     955     868     886     853     811
     898     894     869     890     817     904     804     854     918     848
     806     872     855     861     769     879     821     829     866     748
     775     824     701     819     812     803     784     827     814     828
     742     813     804     779     744     787     784     753     773     785
     775     800     720     782     803     792     816     775     808     835
     743     862     774     800     733     757     835     785     752     790
     808     838     780     830     768     829     748     809     771     818
     798     846     791     836     811     824     789     868     788     838
     759     833     804     824     821     873     830     914     926     905
     899     908     903     955     873     946     893     901     860     827
     856     878     881     890     877     848     836     881     855     775
     826     857     804     861     815     829     780     840     811     847
     820     840     718     787     802     850     781     921     786     853
     803     878     853     801     790     826     825     813     788     758
     816     861     828     857     793     892     787     805     807     826
     852     795     890     830     795     803     843     888     821     831
     839     904     776     856     820     845     808     785     820     849
     828     838     798     831     813     786     772     780     801     783
     808     823     786     783     771     800     755     791     791     781
     752     927     805     838     785     800     775     802     819     805
     791     863     757     831     784     790     762     888     786     837
     812     826     863     878     851     878     897     919     936     951
     982    1086     971    1141    1135    1164    1052    1158    1080    1141
    1093    1119    1142    1103    1085    1107    1031    1103    1023    1066
     986     972     833     947     856     928     879     810     803     817
     778     757     743     760     699     748     775     790     726     769
     746     790     761     744     731     768     742     722     767     735
     667     743     714     743     736     735     736     808     691     725
     765     765     743     751     724     740     696     710     778     763
     763     759     736     793     743     771     753     743     768     760
     778     784     729     805     714     772     722     730     729     776
     701     768     760     764     713     760     764     713     715     720
     722     741     678     703     677     719     683     725     685     666
     711     690     710     698     667     765     651     720     674     725
     734     671     678     677     724     691     667     694     708     698
     739     687     678     727     728     736     743     746     705     734
     711     747     739     734     744     739     721     768     759     783
     731     837     763     788     780     776     750     775     685     714
     734     780     740     759     779     740     740     762     724     716
     711     707     679     736     658     675     685     643     650     678
     610     701     616     651     693     626     600     675     656     653
     657     663     644     701     629     645     692     702     618     689
     710     653     617     668     626     653     647     644     646     657
     672     698     626     697     603     684     638     676     621     617
     665     681     582     658     656     674     653     693     660     688
     676     746     666     719     675     687     696     635     623     657
     676     633     604     633     637     671     614     719     631     644
     584     612     623     660     566     610     606     609     618     585
     637     637     617     587     602     617     605     595     621     644
     612     599     566     640     564     584     607     651     629     562
     647     626     607     612     646     594     623     593     604     623
     605     613     628     672     580     620     598     637     590     572
     593     637     576     677     621     651     618     563     597     539
     552     597     542     578     555     557     660     602     572     601
     552     598     588     556     594     592     571     559     601     601
     538     602     582     591     577     595     531     624     573     575
     554     621     519     578     552     604     542     553     511     569
     591     539     549     599     576     520     593     612     530     581
     545     571     536     554     589     587     470     603     560     571
     539     582     571     552     454     543     517     601     570     559
     584     552     539     543     545     558     568     565     572     586
     511     586     556     579     543     557     593     579     552     532
     557     576     546     544     557     530     562     559     521     568
     516     504     546     568     519     498     546     533     526     537
     527     542     491     540     571     539     534     485     587     605
     513     508     528     556     499     572     508     493     521     555
     503     495     511     494     552     511     516     519     539     505
     451     521     555     526     499     540     512     516     498     520
     531     567     476     545     526     504     485     504     523     559
     505     532     536     486     514     511     457     493     560     516
     538     537     508     563     535     546     488     557     503     513
     481     489     491     510     520     520     533     536     491     470
     546     539     500     533     496     491     467     522     497     510
     477     499     521     514     488     498     536     481     544     492
     503     541     495     524     500     498     479     501     480     519
     504     500     480     496     467     520     499     513     501     514
     531     507     459     494     518     491     486     500     527     546
     477     530     502     514     494     525     509     531     504     543
     487     493     457     491     482     500     485     528     520     530
     541     522     511     542     536     546     509     562     488     517
     518     510     534     499     548     556     517     550     538     524
     505     564     570     532     488     525     540     565     502     473
     535     503     498     504     571     528     537     526     558     546
     562     517     568     555     504     573     545     556     523     533
     572     540     502     603     577     599     548     579     575     609
     615     592     583     620     607     583     579     579     604     588
     611     607     622     591     559     643     604     617     612     639
     594     642     637     639     653     646     624     720     648     675
     710     711     687     697     716     706     743     693     785     769
     759     782     783     740     809     833     853     845     811     861
     898     922     953     972     993     998     991    1084    1130    1154
    1115    1146    1150    1212    1248    1255    1337    1383    1456    1507
    1546    1623    1603    1671    1666    1755    1793    1838    2040    2019
    2027    2156    2201    2317    2318    2381    2498    2547    2483    2682
    2748    2883    2739    2865    2977    3075    2839    2955    3130    3122
    3048    3195    3279    3189    3154    3310    3285    3382    3139    3225
    3541    3302    3251    3282    3165    3351    2973    3041    3209    3088
    2908    2922    2880    2895    2729    2737    2731    2632    2440    2536
    2437    2351    2211    2304    2248    2108    1977    1895    1980    1825
    1735    1596    1711    1664    1413    1463    1381    1404    1254    1287
    1286    1191    1120    1007    1070    1023     999     982     960     946
     922     883     828     814     856     809     907     837     800     801
     860     851     890     841     963     972     904    1048    1004    1101
    1143    1115    1221    1296    1268    1433    1446    1480    1430    1562
    1589    1680    1617    1604    1727    1735    1684    1627    1810    1692
    1628    1580    1644    1638    1528    1421    1473    1392    1278    1279
    1273    1177    1054     994    1032     919     835     819     760     727
     672     633     651     626     558     510     498     502     426     478
     519     496     444     438     468     518     474  240786
