$Informacoes da Fluorescencia de Raios-X:
"Sample    : ACC-678-MS",                                                                 
"Operator  : luisf",                                                                      
"Comment  : ",                                                                            
"Group     : thiago_acra2010ma",                                                          
"Date       : 2010-06-03 23:09:09",                                                       
"",                                                                                       
"Mesurement Condition",                                                                   
"------------------------------------------------------------------------------------",   
"Instrument : 700HS2   Atmosphere : Vac.   Collimator : 10(mm)   Spin : No",              
"------------------------------------------------------------------------------------",   
"Analyte               TG kV   uA      FI Acq.(keV)  Anal.(keV)  Time(sec)     DT(%)",    
"------------------------------------------------------------------------------------",   
"Na                    Rh 50 1000-Auto Al  0 - 20    0.8 - 1.2   Live -  959   11",       
"Channel_info_start",                                                                     
"Channel : Na",                                                                           
"Points : 2048
"Range : 0.000000 - 20.480000",                                                           
"Step : 0.010000",                                                                        
"Channel_info_end",                                                                       
$DATA:
       0    2047
       0       0       0       0       0       0       0       0       0    2048
       0       0       0       0       0       0       0       0       0       0
       0       0       0       0       0       0       0       0       0       0
       0       0       0       0       0       0       0       1       4       5
      67     157     156     154     127     135     133     131     126     154
     131     135     154     161     162     149     166     156     166     177
     177     171     220     220     230     238     203     231     231     226
     218     268     253     271     271     315     298     286     274     289
     248     245     210     221     205     223     185     200     155     196
     182     231     243     288     279     316     300     338     330     297
     300     294     264     248     228     244     227     236     259     282
     261     313     275     294     342     327     300     282     255     273
     235     223     213     175     173     185     166     168     170     188
     193     213     226     240     217     244     207     254     195     212
     188     200     178     190     178     203     171     196     203     242
     286     313     332     462     483     567     559     642     728     774
     696     727     659     692     587     530     462     450     402     388
     360     384     382     440     519     687     802    1081    1328    1711
    1855    2238    2416    2789    2498    2657    2369    2322    1959    1899
    1439    1305     861     775     583     520     391     399     356     330
     302     347     317     384     323     367     348     420     316     384
     413     397     363     376     349     327     320     363     325     330
     342     377     342     335     357     407     406     470     498     651
     742    1008    1208    1602    1926    2463    2654    3433    3599    4100
    4137    4353    4135    4086    3576    3384    2944    2646    2055    1855
    1381    1260     954     875     780     789     803     823     937    1079
    1280    1680    2171    2943    3498    5269    5877    7709    8325    9852
   10563   11893   11234   12073   11040   10988    9287    8722    7066    6117
    4618    3929    2766    2234    1616    1444    1240    1237    1173    1299
    1249    1356    1301    1336    1184    1160    1005     962     828     698
     599     528     420     368     291     341     283     242     248     274
     219     224     258     244     236     281     253     253     285     247
     294     328     282     303     319     434     488     641     746    1158
    1486    1985    2558    3553    4557    5762    6542    8080    8686   10117
   10282   11180   10718   10849    9857    9739    7889    7357    6031    4942
    3979    3074    2095    1784    1247     981     701     659     569     643
     678     794    1004    1185    1356    1716    1970    2461    2831    3517
    4128    5110    5669    6778    7337    8803    8743   10289   10033   10583
    9731    9911    9169    8443    7233    6500    5471    4581    3343    2727
    1992    1624    1100     810     613     497     417     410     372     417
     489     566     618     713     802     959    1033    1154    1199    1435
    1440    1467    1349    1457    1321    1256    1102    1066     899     798
     682     586     476     443     330     337     290     314     281     270
     265     244     236     253     261     310     283     292     240     280
     264     285     283     289     303     330     382     393     376     466
     530     601     643     743     862    1021    1108    1258    1331    1344
    1339    1401    1335    1392    1238    1288    1147    1020     903     907
     698     672     596     604     570     506     450     496     432     460
     417     445     452     446     437     461     446     488     462     469
     522     513     495     522     541     561     544     602     590     626
     612     661     699     626     592     634     601     618     535     587
     555     583     533     513     486     511     453     481     463     499
     434     496     461     467     403     468     433     513     467     476
     471     494     516     514     487     490     499     557     548     557
     495     523     600     641     565     604     616     640     600     702
     696     666     638     649     626     692     702     677     673     654
     655     671     654     669     582     678     597     672     619     684
     588     652     681     606     671     649     682     720     686     703
     667     733     693     706     690     729     725     820     740     851
     846     853     882     903     928    1060     935    1071    1055    1095
     979    1100    1009    1030     924    1035     943     978     922     894
     886     934     874     939     873     950     811     883     900     912
     856     888     897     981     948    1001    1019    1048    1114    1197
    1303    1431    1633    2037    2228    3045    3576    4568    5386    6731
    7736    9456   11232   12985   14162   16059   17139   19098   19102   21294
   19315   20313   18646   18668   16732   15777   13689   12514   10636    9505
    7421    6461    5187    4372    3433    2910    2254    1960    1606    1526
    1249    1264    1184    1180    1141    1131    1089    1079    1098    1083
    1038    1092    1063    1161     996    1147    1129    1082    1058    1136
    1130    1199    1041    1135    1177    1252    1185    1307    1303    1414
    1484    1467    1599    1733    1815    1999    2334    2454    2566    2724
    3003    3181    3229    3532    3587    3734    3436    3436    3443    3322
    2950    2983    2737    2555    2303    2189    2048    1874    1672    1586
    1487    1355    1229    1235    1309    1245    1107    1150    1138    1182
    1122    1191    1114    1173    1082    1135    1238    1190    1117    1159
    1137    1210    1164    1178    1171    1177    1160    1193    1151    1216
    1197    1212    1207    1234    1174    1201    1101    1152    1082    1101
    1124    1185    1088    1154    1137    1168    1102    1167    1150    1150
    1080    1153    1131    1165    1120    1184    1116    1189    1150    1212
    1164    1186    1088    1229    1211    1241    1156    1269    1209    1213
    1291    1342    1327    1428    1371    1479    1447    1567    1494    1678
    1656    1705    1613    1716    1638    1647    1560    1649    1565    1636
    1456    1477    1333    1373    1201    1280    1209    1266    1078    1149
    1127    1103    1079    1039    1075    1158    1022    1118    1026    1061
    1056    1125     982    1070    1010    1045     970    1131    1012    1041
    1038    1101     968    1077    1019    1091    1108    1256    1217    1235
    1252    1365    1458    1500    1509    1650    1709    1811    1751    1915
    1913    2077    2020    2081    2103    2039    1882    1976    1840    1733
    1664    1651    1504    1464    1333    1362    1281    1223    1168    1243
    1094    1160    1066    1124    1080    1122    1085    1083    1058    1121
     981    1114    1073    1091    1055    1111    1021    1035     964    1067
    1027    1008     936    1036     992     916     943    1020     977     976
    1015    1004     967    1036     968     939     934     977     948     966
     986    1036     934     981     991    1006     997    1003     996     980
     914    1005     931     975     957    1002     931    1018     978    1000
     933     966     952    1018     942    1041     965    1051     976    1073
    1032    1027    1036    1090    1029    1034    1060    1107     999    1053
    1090    1089    1005    1041    1030    1027    1015    1010     958    1005
     974     988     962    1019     964    1001     926    1004     937     889
     896     963     986     934     879     922     906     941     913     946
     947     899     959     996     866    1001     908     999     882     957
     897     903     837     958     922     972     870     964     888     908
     865     931     895     951     876     898     985     963     899    1036
     923     915     896     932     934     920     865     916     893     962
     896     942     934     970     922     954     979     974     905     996
     994     996     954     962    1049    1083     976     995    1097    1133
    1045    1050    1084    1111    1065    1140    1053    1126    1030    1111
    1053    1109    1001    1058    1115    1071     982     997     969     982
     979    1032     929     972     907    1015     931     943     900     941
     931     952     922    1006     911     925     899     998     909     956
     877     885     925    1004     940     909     923     982     948     972
     983     992     906     972     934     957     917    1008     941    1005
     962     996     959    1039     948     974     950    1039     901     968
     985    1003     939     937     917     906     909     972     933    1012
     995     983     879     996     896     961     878     961     858     893
     900     922     943     862     940     950     977     931     946     967
     933     944     918     948     918     924     923     929     918     899
     895     951     919     893     953     899     928     969     992     935
     957     987    1018    1054     936    1004    1082    1099    1053    1148
    1222    1264    1218    1236    1270    1310    1274    1302    1327    1363
    1276    1260    1355    1341    1268    1205    1249    1298    1223    1192
    1113    1151    1063    1020    1045    1029     889    1001    1005     979
     917     951     943     936     908     867     899     880     830     859
     879     872     829     881     834     861     855     855     910     870
     828     843     882     883     868     868     871     838     846     825
     885     861     843     870     848     931     822     833     945     929
     850     945     965     942     918     923     929     960     935     924
     924     915     912     970     900     988     883     918     886     896
     875     890     880     848     802     868     859     842     843     860
     838     844     776     888     828     833     791     797     799     839
     828     768     794     820     736     878     820     814     781     793
     808     825     728     797     844     816     767     827     882     815
     780     795     849     864     784     823     882     871     824     799
     828     922     811     871     877     861     854     884     911     897
     929     925     872     897     898     881     868     879     861     893
     884     823     840     806     858     844     824     788     831     790
     754     837     791     794     815     812     794     791     778     778
     797     791     713     710     796     800     748     758     843     803
     763     816     796     838     745     764     837     780     679     776
     717     744     751     744     737     795     748     764     762     774
     781     718     809     774     745     803     744     805     741     768
     803     828     734     814     886     866     833     804     845     923
     806     888     795     834     850     856     837     880     779     780
     754     822     797     834     784     789     747     751     813     820
     730     717     760     755     720     673     751     684     689     701
     701     717     693     706     730     767     658     696     750     729
     656     726     668     758     678     712     674     713     648     683
     675     719     675     655     709     712     673     733     726     666
     728     699     734     717     667     722     698     703     698     712
     688     715     675     682     727     718     687     709     669     670
     686     709     728     679     635     689     704     733     711     673
     687     689     644     685     675     712     670     645     666     691
     655     652     655     677     662     632     662     641     652     673
     636     705     613     664     705     657     635     645     669     707
     670     639     625     652     627     558     715     648     599     620
     688     650     591     651     593     619     574     665     659     643
     614     643     584     639     624     620     716     677     631     683
     692     640     631     676     659     687     678     654     659     674
     658     700     651     741     711     703     702     703     660     653
     719     641     652     642     661     710     674     629     676     650
     630     636     683     635     620     590     655     631     601     613
     648     629     578     655     609     650     642     579     605     637
     621     647     615     651     599     635     591     614     585     614
     584     634     567     631     661     602     570     642     657     633
     578     588     615     599     550     583     576     601     583     580
     590     626     586     623     625     566     605     610     638     621
     571     622     614     605     571     580     601     626     579     631
     614     570     583     638     553     642     523     591     567     640
     572     585     601     565     566     595     533     620     561     607
     565     580     544     559     565     551     578     604     591     576
     567     592     616     589     599     590     624     633     598     576
     605     605     543     566     604     636     586     596     545     599
     580     609     666     616     563     591     583     615     570     550
     585     656     590     579     597     614     593     544     608     576
     554     569     574     585     593     596     605     569     576     588
     604     583     549     582     599     580     551     570     563     597
     583     589     613     582     544     610     593     613     580     547
     638     673     575     614     597     608     540     629     571     631
     612     651     598     610     602     598     604     614     600     604
     631     613     613     590     582     654     619     632     641     616
     575     605     662     606     612     637     637     621     633     670
     635     620     636     649     654     691     659     690     658     724
     608     638     623     674     677     695     723     702     687     657
     651     690     675     699     635     717     736     718     719     755
     700     770     741     772     730     760     805     793     742     797
     817     828     731     819     838     847     834     814     875     927
     868     875     880     965     863     902     984    1002     931    1022
    1080     981    1075    1053    1088    1193    1102    1173    1206    1276
    1255    1342    1346    1388    1388    1513    1552    1593    1576    1653
    1841    1785    1780    1883    2036    2209    2070    2154    2405    2345
    2265    2445    2606    2679    2477    2703    3012    2858    2836    2990
    3113    3167    3102    3370    3384    3433    3369    3474    3531    3551
    3600    3626    3754    3702    3652    3732    3914    3983    3699    3669
    4094    3781    3573    3794    3651    3787    3471    3419    3622    3575
    3356    3495    3442    3336    3198    3183    3097    3173    2882    2956
    2778    2801    2585    2537    2656    2559    2302    2286    2266    2179
    2021    1933    1948    1923    1706    1707    1702    1634    1535    1510
    1483    1460    1290    1256    1276    1223    1149    1104    1112    1010
     993     995    1063    1013     943    1048     982     958     942     927
     935     977     931     969    1099    1121    1058    1212    1191    1289
    1241    1362    1427    1507    1414    1507    1635    1673    1773    1812
    1900    1911    1910    1933    1976    1981    1918    1943    2113    2016
    1842    1850    1869    1916    1731    1686    1860    1688    1529    1492
    1417    1371    1274    1175    1185    1174     940     954     957     878
     809     750     718     696     603     677     596     607     565     524
     582     593     569     538     532     512     534  281076
