$Informacoes da Fluorescencia de Raios-X:
"Sample    : ACC-675-MS",                                                                 
"Operator  : luisf",                                                                      
"Comment  : ",                                                                            
"Group     : thiago_acra2010ma",                                                          
"Date       : 2010-06-03 22:13:18",                                                       
"",                                                                                       
"Mesurement Condition",                                                                   
"------------------------------------------------------------------------------------",   
"Instrument : 700HS2   Atmosphere : Vac.   Collimator : 10(mm)   Spin : No",              
"------------------------------------------------------------------------------------",   
"Analyte               TG kV   uA      FI Acq.(keV)  Anal.(keV)  Time(sec)     DT(%)",    
"------------------------------------------------------------------------------------",   
"Na                    Rh 50 1000-Auto Al  0 - 20    0.8 - 1.2   Live -  959   10",       
"Channel_info_start",                                                                     
"Channel : Na",                                                                           
"Points : 2048
"Range : 0.000000 - 20.480000",                                                           
"Step : 0.010000",                                                                        
"Channel_info_end",                                                                       
$DATA:
       0    2047
       0       0       0       0       0       0       0       0       0    2048
       0       0       0       0       0       0       0       0       0       0
       0       0       0       0       0       0       0       0       0       0
       0       0       0       0       0       0       0       1       2       6
      66     140     131     135     131     158     136     144     138     137
     164     144     146     146     141     158     148     177     134     178
     180     184     171     215     221     239     225     227     215     228
     246     287     272     313     263     283     301     301     296     271
     248     290     217     229     176     178     146     170     155     174
     152     167     180     201     197     249     172     227     210     221
     220     249     190     161     159     169     157     161     161     165
     168     173     183     168     203     221     175     170     177     202
     134     153     153     156     155     150     154     161     159     158
     159     195     147     164     169     182     196     175     173     172
     147     158     137     177     165     185     161     153     172     184
     218     242     254     365     360     430     474     473     504     569
     520     564     480     490     441     431     373     363     346     290
     249     275     281     282     386     469     551     776     857    1158
    1288    1536    1558    1736    1640    1772    1659    1570    1282    1233
     939     831     698     587     404     350     297     277     286     278
     252     262     265     278     265     274     262     319     278     306
     293     300     286     299     282     280     297     308     287     307
     304     310     298     343     326     345     369     413     477     629
     815    1065    1283    1768    2245    2946    3357    3901    4148    4786
    4888    5044    4979    4849    4226    3999    3507    2970    2378    2005
    1506    1294     901     842     679     723     616     638     651     737
     790     865    1051    1354    1646    2281    2612    3267    3489    4197
    4552    5032    4843    5123    5021    4801    4000    3620    3092    2675
    2095    1654    1203    1083     786     686     634     610     610     662
     642     664     665     638     630     597     516     494     485     403
     356     323     249     266     218     239     208     234     228     204
     180     178     163     193     214     207     209     207     188     212
     223     241     251     251     292     273     357     480     575     803
     990    1589    1850    2651    3240    4136    4812    5782    6418    7429
    7329    7809    7748    8031    7088    7109    5809    5502    4316    3596
    2765    2213    1575    1305     911     703     523     488     417     460
     488     609     646     825     887    1040    1198    1451    1496    1774
    1986    2336    2501    2960    3016    3496    3542    3834    3812    3914
    3753    3599    3381    3176    2609    2463    2100    1702    1383    1104
     868     666     511     441     368     352     305     316     285     321
     322     363     373     379     432     511     516     573     568     593
     623     703     608     597     618     603     540     530     461     440
     362     352     291     319     266     309     258     252     258     282
     237     280     228     277     308     329     254     266     268     240
     280     312     256     344     267     342     317     359     332     407
     442     476     504     571     678     749     756     821     866     908
     908     939     892     881     833     863     758     740     706     662
     567     568     520     560     434     492     433     480     466     464
     401     423     423     477     369     451     420     460     442     472
     498     525     511     475     489     514     520     515     566     553
     531     588     560     570     537     592     500     564     550     523
     515     540     508     481     476     492     434     492     432     478
     427     477     466     511     497     482     492     501     488     471
     482     546     481     534     488     530     481     590     528     579
     547     551     565     622     569     640     647     661     627     659
     632     669     709     703     679     717     669     687     681     684
     647     707     652     648     681     691     604     676     584     676
     633     721     663     748     681     693     654     748     717     719
     686     745     691     775     681     811     765     811     788     798
     870     907     847     949     951    1050    1057    1032     997    1033
    1052    1140    1073    1081    1049    1045     959     991     987     929
     955     887     872     880     874     915     827     899     932     965
     855     937     954     986     921     897     927    1048    1022    1160
    1203    1341    1490    1767    1919    2517    2894    3782    4388    5510
    6049    7549    8713   10191   11077   12737   13402   14906   14534   16559
   15434   15727   14232   14331   13215   12544   10889   10143    8422    7505
    6069    5099    4219    3728    2928    2653    1936    1795    1457    1415
    1332    1289    1135    1162    1163    1098    1094    1113    1051    1137
    1069    1135    1161    1183    1167    1149    1171    1155    1167    1135
    1145    1140    1151    1217    1194    1232    1188    1266    1285    1371
    1314    1489    1527    1617    1733    1862    2076    2248    2254    2533
    2620    2828    2735    3043    2971    3075    2842    2997    2838    2828
    2522    2620    2465    2383    2065    1974    1735    1787    1560    1588
    1365    1381    1275    1270    1260    1209    1167    1152    1162    1247
    1197    1194    1232    1171    1174    1204    1202    1241    1198    1251
    1182    1235    1158    1206    1186    1202    1198    1260    1202    1207
    1203    1237    1209    1221    1112    1224    1242    1208    1114    1145
    1216    1199    1154    1161    1253    1160    1254    1181    1159    1208
    1184    1170    1138    1125    1160    1206    1216    1242    1208    1243
    1126    1213    1190    1275    1147    1278    1228    1293    1264    1300
    1300    1326    1342    1444    1399    1503    1545    1629    1581    1724
    1688    1691    1676    1815    1734    1837    1623    1677    1626    1638
    1486    1513    1480    1424    1295    1348    1278    1201    1207    1180
    1119    1117    1133    1083    1088    1084    1019    1095    1109    1093
    1114    1145    1124    1106     998    1052    1069    1145    1081    1060
    1043    1066    1038    1074    1036    1114    1136    1240    1150    1277
    1283    1407    1395    1538    1514    1617    1731    1834    1810    1970
    2093    2032    2029    2093    2034    2138    1929    1965    1863    1894
    1693    1672    1446    1540    1415    1321    1294    1323    1194    1236
    1215    1146    1092    1103    1099    1136    1013    1109    1053    1102
    1047    1101    1021    1140    1049    1086    1090    1104    1028    1045
    1019     997    1011     998    1021    1027     948    1038    1051    1027
     975    1059    1012    1042    1030    1084    1008     980    1004    1004
    1040    1006     996     959    1028    1035     967     959     981     998
     969     984     978    1050     937     971     996    1003     976    1063
     986    1040     972     949    1062    1063    1042    1040    1049    1079
    1037    1035    1123    1155    1063    1086    1093    1068    1062    1026
    1113    1158    1060    1063    1033    1090    1031    1051    1014    1117
     969    1007     968     955    1022    1062     890    1002     971     907
     936     959    1026     919     940     967     955    1003     957     978
     937     919     974     950     938    1019     855     986     955     978
    1006     917     903     940     956     938     880    1000     972     969
     934     988     973    1010     874     953     969     919     966     965
     973     985     914     990     953     960     951    1002     967    1048
     910     967     840     980     910     973     958     965     967    1055
     987     984     990    1049    1052    1046     983    1055    1082    1107
    1078    1078    1121    1125    1069    1105    1132    1071    1064    1136
    1069    1083    1035    1072    1044    1111     995    1021    1010     977
     916    1099    1009    1051    1022     949     917     989     949    1010
     977    1050     968     986     952    1032    1008    1022    1031    1018
     962     972    1005     972     903     980    1000     990     979     988
     986    1024    1000     971    1003     998     921    1036     953     986
     957    1064     926    1024     948    1013     994     988     941    1014
     987     989     976    1014     920    1041     934    1013    1025    1036
     966     997     929    1003     941    1002    1027    1022     954     985
    1044    1000     905     971     992     990     914     965     917     970
     873     986     937    1016     932     989     931     973     904     932
     933    1034     935     968     934     973     953    1047    1016     996
     917     991     986    1024     992    1014    1072    1102    1018    1076
    1142    1137    1102    1182    1220    1248    1234    1235    1244    1282
    1229    1242    1289    1255    1300    1222    1175    1160    1189    1173
    1112    1089    1062    1029    1017    1065    1002     995     971     983
     882     932     917     983     877     928     958     913     843     870
     854     916     933     941     865     923     849     926     864     950
     844     950     893     908     891     924     899     903     842     884
     889     872     878     876     901     910     852     847     928     931
     877     897     872     924     952     940     896     970     877     930
     938     923     895     986     908     901     920     959     979     943
     945     871     970     959     885     853     845     915     847     849
     898     879     850     855     811     904     804     822     822     825
     856     868     853     885     809     850     840     852     808     909
     849     892     862     852     834     892     854     832     798     875
     828     816     851     877     822     842     847     858     859     883
     854     917     865     845     874     930     830     894     871     872
     927     918     852     896     880     910     849     952     840     839
     822     862     889     816     823     874     843     807     865     853
     799     846     770     872     825     882     784     830     763     853
     816     846     749     778     799     771     802     797     819     793
     721     788     806     800     754     851     846     816     788     812
     786     799     814     738     778     768     742     826     805     790
     770     814     800     820     754     802     803     809     798     745
     833     827     779     763     815     757     789     778     823     816
     743     818     778     789     831     749     840     790     743     799
     750     778     747     868     782     786     749     761     790     804
     788     766     737     751     665     781     751     755     726     733
     752     706     749     788     742     764     742     726     738     746
     758     735     730     749     737     761     751     736     676     744
     728     755     698     689     703     777     654     740     711     723
     750     754     786     694     740     709     694     722     719     767
     749     770     706     732     713     752     749     749     737     728
     650     721     770     711     721     746     711     733     666     720
     704     716     640     684     733     693     709     681     705     737
     648     707     681     736     714     728     681     691     708     728
     690     703     643     674     688     657     643     679     710     705
     709     662     691     713     689     618     774     655     686     664
     634     676     646     654     675     700     641     679     688     636
     669     679     648     638     638     663     655     693     637     669
     728     681     650     628     668     701     628     665     661     680
     649     712     656     703     634     705     688     640     661     664
     665     672     668     644     686     688     678     675     645     655
     673     631     629     647     616     593     666     622     614     669
     665     660     638     655     650     674     638     607     619     668
     640     646     697     621     586     646     666     673     588     633
     617     648     611     634     645     616     641     647     633     661
     600     615     646     637     611     611     641     609     591     660
     638     683     642     628     646     694     616     655     645     653
     624     623     607     598     614     648     641     642     625     593
     606     610     591     629     638     648     621     642     612     640
     571     613     598     619     582     584     628     575     598     605
     607     692     580     609     642     626     624     600     585     632
     572     598     632     664     595     558     649     650     587     612
     614     634     607     597     652     643     636     584     609     577
     556     605     573     596     570     571     594     617     591     592
     649     629     638     612     590     592     605     558     706     606
     627     605     576     616     584     603     626     621     621     606
     613     644     568     651     611     667     610     624     602     655
     622     655     640     642     580     654     614     602     575     618
     624     674     622     627     683     623     590     637     632     637
     644     623     655     625     657     669     667     638     572     629
     652     671     611     654     712     625     621     646     664     652
     645     640     759     678     643     689     634     661     588     643
     690     646     698     684     656     748     616     666     701     707
     629     716     686     692     689     713     679     751     707     719
     708     769     731     747     745     744     745     746     739     745
     825     761     756     780     787     770     751     846     782     799
     841     855     839     891     903     924     826     873     901     935
     902     939     989     996     964     974    1055    1076    1012    1025
    1078    1094    1121    1110    1212    1225    1241    1274    1302    1318
    1321    1457    1440    1511    1490    1578    1586    1689    1700    1836
    1868    1943    1894    2058    2171    2182    2216    2201    2512    2561
    2420    2588    2688    2686    2746    2866    3077    3228    3123    3039
    3399    3406    3328    3410    3627    3758    3576    3674    3773    3884
    3666    3719    4023    3873    3848    4096    4102    4049    3944    3871
    4314    4113    3805    3942    3780    4006    3598    3800    3767    3778
    3576    3509    3501    3490    3363    3377    3223    3214    2962    3014
    2968    2972    2744    2596    2656    2551    2362    2430    2289    2237
    2055    2090    1972    1891    1875    1766    1674    1661    1534    1519
    1534    1400    1338    1326    1227    1321    1212    1267    1229    1156
    1060    1073    1049    1083     962     993    1045     988    1003     927
    1004    1032     993     978    1167    1186    1119    1170    1265    1309
    1310    1291    1427    1523    1540    1653    1671    1751    1717    1871
    1969    1955    1874    1983    2078    2019    2009    2048    2136    2096
    1862    1932    1984    1970    1790    1655    1885    1786    1612    1552
    1433    1338    1304    1198    1214    1022    1102     997     988     876
     764     759     735     747     689     680     660     648     630     587
     604     604     602     567     571     566     549  294443
