$Informacoes da Fluorescencia de Raios-X:
"Sample    : ACC-658-MS",                                                                 
"Operator  : luisf",                                                                      
"Comment  : ",                                                                            
"Group     : thiago_acra2010ma",                                                          
"Date       : 2010-06-03 16:24:07",                                                       
"",                                                                                       
"Mesurement Condition",                                                                   
"------------------------------------------------------------------------------------",   
"Instrument : 700HS2   Atmosphere : Vac.   Collimator : 10(mm)   Spin : No",              
"------------------------------------------------------------------------------------",   
"Analyte               TG kV   uA      FI Acq.(keV)  Anal.(keV)  Time(sec)     DT(%)",    
"------------------------------------------------------------------------------------",   
"Na                    Rh 50 1000-Auto Al  0 - 20    0.8 - 1.2   Live -  959   10",       
"Channel_info_start",                                                                     
"Channel : Na",                                                                           
"Points : 2048
"Range : 0.000000 - 20.480000",                                                           
"Step : 0.010000",                                                                        
"Channel_info_end",                                                                       
$DATA:
       0    2047
       0       0       0       0       0       0       0       0       0    2048
       0       0       0       0       0       0       0       0       0       0
       0       0       0       0       0       0       0       0       0       0
       0       0       0       0       0       0       1       3       1       1
      57     161     135     143     148     138     141     143     140     144
     151     164     131     152     162     142     141     174     170     172
     177     203     204     218     207     257     225     250     256     299
     264     312     296     330     276     291     336     318     308     304
     275     291     249     241     170     192     160     159     164     168
     131     191     179     148     174     182     197     183     186     186
     188     192     165     189     190     165     162     157     182     187
     177     203     196     200     245     214     177     188     201     184
     181     197     134     162     150     173     147     147     140     134
     159     174     169     156     186     211     148     204     160     167
     153     165     169     170     171     148     159     170     151     172
     168     200     217     262     248     323     285     329     300     349
     367     388     350     392     347     324     344     312     275     323
     267     272     259     233     264     331     344     421     446     541
     579     668     682     796     719     769     702     742     602     569
     502     427     387     331     331     243     231     256     240     240
     249     236     229     269     242     242     242     236     252     299
     272     285     276     298     319     275     265     318     287     306
     284     320     257     313     308     340     385     426     473     641
     808    1067    1356    1824    2324    2888    3321    4133    4244    4887
    4784    5209    5085    5033    4341    3916    3413    2990    2332    2007
    1435    1168     875     814     677     628     638     631     605     628
     638     768     839    1050    1220    1728    1874    2369    2572    2979
    3123    3576    3532    3683    3424    3366    2890    2789    2268    1951
    1471    1293     927     816     649     569     509     529     440     508
     532     562     533     510     483     471     445     435     370     372
     334     311     292     247     210     234     213     218     222     209
     214     225     223     203     198     208     190     192     233     270
     212     257     220     293     337     337     392     564     695     927
    1298    1800    2292    3184    3868    5030    5776    6980    7575    8793
    8994    9710    9550    9519    8690    8697    7061    6288    5156    4465
    3418    2668    1962    1453    1100     796     596     533     483     500
     549     667     684     834     941    1189    1196    1499    1490    1698
    1796    1914    2025    2230    2188    2428    2328    2576    2392    2384
    2297    2210    2068    1940    1595    1465    1258    1069     808     700
     587     487     386     342     295     267     266     276     252     243
     246     334     328     383     344     360     406     454     442     469
     453     498     470     502     440     437     393     401     385     364
     323     310     297     289     277     285     267     292     293     271
     284     306     292     312     304     289     285     288     296     305
     293     306     307     288     293     301     349     308     274     351
     357     417     390     434     449     547     519     545     583     587
     562     628     610     570     602     574     557     590     494     502
     468     499     432     454     430     463     438     428     397     421
     451     461     488     477     430     479     432     501     436     456
     476     479     474     452     483     530     482     523     476     558
     535     548     534     596     522     587     561     525     492     503
     525     553     505     503     512     509     516     503     541     525
     480     505     476     540     482     509     500     489     493     502
     492     533     510     561     544     510     573     621     587     583
     570     602     627     642     613     629     607     646     613     674
     730     681     632     694     649     695     659     751     712     736
     719     675     698     707     693     727     704     747     717     748
     678     737     714     746     721     735     688     738     740     765
     742     723     709     740     780     818     801     811     776     818
     814     891     810     864     885     924     939     969     880     972
     927     953     902     975     917     952     822     964     920     955
     914     960     869     950     940     920     931     968     924     913
     912     969     939     967     947    1009    1000    1032     998    1059
    1071    1178    1127    1334    1431    1595    1706    2020    2356    2683
    3013    3560    3870    4479    4618    5299    5633    6101    5892    6803
    6073    6372    6125    6023    5483    5215    4579    4348    3823    3614
    2870    2661    2311    2102    1789    1740    1478    1415    1299    1386
    1213    1227    1211    1205    1183    1227    1124    1283    1202    1305
    1214    1228    1230    1253    1137    1293    1222    1270    1158    1235
    1230    1307    1264    1305    1261    1300    1240    1401    1270    1418
    1305    1406    1408    1453    1449    1577    1587    1712    1658    1756
    1826    1899    1856    1950    1947    2011    1819    1924    1867    1840
    1759    1784    1620    1743    1612    1597    1540    1488    1412    1498
    1372    1427    1322    1345    1295    1395    1260    1317    1339    1279
    1219    1323    1268    1352    1250    1232    1371    1322    1302    1304
    1265    1342    1290    1365    1393    1388    1340    1364    1364    1339
    1264    1336    1299    1357    1290    1346    1340    1365    1262    1317
    1308    1345    1240    1326    1334    1348    1222    1284    1359    1318
    1311    1284    1244    1326    1241    1342    1272    1344    1235    1373
    1356    1368    1336    1501    1286    1416    1336    1416    1321    1471
    1423    1470    1535    1493    1443    1523    1585    1707    1606    1718
    1759    1837    1702    1812    1716    1776    1700    1713    1713    1663
    1559    1567    1528    1488    1361    1401    1319    1289    1300    1253
    1193    1240    1227    1231    1205    1184    1177    1240    1131    1219
    1126    1245    1108    1174    1119    1143    1164    1242    1165    1070
    1136    1247    1106    1138    1181    1287    1166    1323    1265    1447
    1303    1416    1516    1474    1654    1745    1825    1933    1942    2077
    2016    2018    1930    2084    2155    2138    1947    1958    1777    1904
    1697    1693    1571    1558    1403    1406    1373    1357    1202    1288
    1196    1201    1139    1221    1195    1192    1096    1197    1219    1219
    1071    1134    1189    1145    1153    1187    1102    1175    1089    1168
    1129    1138    1061    1128    1126    1108    1049    1134    1107    1136
    1025    1162    1063    1054    1055    1078    1089    1110    1094    1167
    1046    1075    1143    1102    1070    1090    1024    1136    1060    1130
    1045    1086    1099    1119    1042    1046    1096    1089    1052    1089
    1135    1088    1089    1108    1105    1205    1113    1111    1143    1228
    1161    1153    1217    1178    1211    1171    1159    1208    1198    1130
    1161    1222    1131    1094    1094    1114    1104    1068    1108    1162
    1086    1073    1066    1128    1017    1115    1071    1126    1063    1074
    1007    1046    1018    1060    1038    1028    1040    1108    1006    1066
    1088    1055    1058    1028    1080    1006    1017    1042    1001    1016
    1081    1155     997    1061    1065    1047    1057    1012    1067    1079
    1051    1049    1024    1092     994    1069    1077    1079    1064    1104
    1072    1011    1045    1074    1018    1103    1029    1130    1038    1134
    1055    1073     971    1113    1042    1089    1054    1081    1059    1161
    1092    1137    1050    1099    1144    1193    1106    1171    1130    1157
    1066    1204    1119    1271    1141    1195    1196    1276    1169    1217
    1150    1212    1108    1156    1141    1162    1130    1059    1057    1145
    1051    1131    1033    1143    1083    1053    1061    1114    1033    1059
    1081    1080    1032    1100    1080    1036    1008    1214    1060    1070
    1061    1077    1073    1089    1003    1074    1118    1097    1057    1005
    1119    1111    1093    1098    1087    1083    1051    1026    1071    1126
    1067    1079    1044    1142    1033    1107    1061    1078    1083    1093
    1111    1186    1087    1058    1046    1125    1119    1118    1125    1091
    1057    1110    1110    1174     994    1079    1031    1163    1072    1109
    1077    1115     992    1086    1041    1090    1061    1087    1054    1055
     956    1087    1070    1037     968    1044    1041    1122    1047    1086
    1049    1158     985    1048    1044    1091    1050    1042    1005    1135
    1038    1107    1055    1119    1055    1131    1103    1137    1107    1184
    1173    1242    1164    1217    1310    1236    1193    1266    1220    1297
    1196    1272    1211    1302    1256    1223    1184    1222    1145    1220
    1112    1175    1079    1123    1024    1091    1028    1056    1049    1003
     975    1020    1008     999     935     935    1022    1031     970     954
    1031    1016     978     989     975    1008     954     948     995    1013
    1017    1002     977     956     914     986     991     961     917     959
     958    1027     938     955     964     998     883    1026    1011     972
     994    1002     969     988     994    1017     990    1067     927    1090
    1018    1008     957    1056     982    1093     931    1031    1038    1002
     986     983     964     987     949     917     932     957     923     941
     954     996     874     977     958     964     880     915     933     962
     892     922     958     951     884     987     955     920     837     930
     923     953     885     977     944     898     950     948     896     922
     852     943     885     994     874     957     884     962     905     952
     944     991     927     927     942     971     908    1010     983    1022
     908     955     950    1008    1030     947     969    1011     989     924
    1003     970     927     927     974     964     901     883     901     960
     898     860     944     935     931     908     878     902     827     882
     830     894     781     941     924     935     873     813     889     895
     863     909     819     904     858     872     899     853     776     871
     862     865     847     876     877     910     813     841     858     895
     859     878     892     893     855     879     841     855     837     821
     883     870     879     886     864     833     830     890     899     798
     833     931     853     881     858     882     833     871     833     871
     847     833     813     842     825     892     825     861     832     832
     838     829     824     857     775     874     786     904     732     812
     882     879     838     787     787     878     806     806     807     798
     790     779     795     835     766     742     827     843     801     811
     875     798     765     788     778     787     780     811     818     840
     790     796     838     844     791     811     816     817     773     780
     806     825     769     796     781     806     769     796     754     834
     706     772     747     818     749     779     781     764     729     761
     748     814     805     779     819     772     796     762     791     812
     698     803     762     787     698     708     784     782     664     758
     772     737     744     698     730     816     717     717     730     705
     715     708     730     733     703     751     827     771     726     766
     720     772     738     776     746     701     702     757     733     730
     700     741     681     736     698     757     755     764     742     701
     752     705     720     749     722     765     667     746     748     690
     710     733     728     737     701     720     710     730     702     722
     730     754     659     703     726     716     713     749     689     742
     720     732     691     695     708     744     691     723     723     701
     723     752     627     668     705     740     670     709     709     728
     693     694     679     733     684     686     695     691     689     721
     650     673     719     682     689     732     651     719     707     753
     680     720     737     719     702     699     756     743     646     687
     695     670     640     671     649     684     648     677     691     696
     635     603     707     722     641     669     668     721     665     691
     675     707     629     722     675     707     670     744     684     714
     637     701     728     649     650     648     663     665     727     669
     667     687     621     676     667     648     626     677     728     721
     683     688     636     661     674     639     737     671     648     671
     679     735     660     702     702     669     661     688     719     676
     684     661     667     699     647     671     657     637     623     666
     642     659     632     632     703     675     644     624     728     713
     683     685     651     719     681     651     643     688     676     638
     682     701     628     666     661     661     696     665     694     695
     671     694     764     698     663     639     690     712     668     624
     669     716     667     666     697     721     663     720     727     761
     707     709     674     664     726     693     702     696     639     658
     710     705     705     689     699     679     691     685     715     741
     697     689     830     680     748     756     658     732     709     691
     759     782     758     765     767     786     698     746     728     783
     737     740     768     810     734     773     800     829     759     757
     787     836     841     864     788     843     801     852     844     832
     800     897     846     862     832     860     831     896     879     898
     849     956     935     997     960     920     977     956    1010    1039
     991    1015    1046    1089     971    1058    1137    1135    1183    1182
    1233    1242    1227    1268    1292    1417    1340    1334    1373    1501
    1451    1556    1572    1733    1626    1758    1824    1926    1922    1969
    2114    2157    2060    2182    2294    2442    2433    2492    2711    2772
    2679    2830    2899    3122    3024    3095    3379    3409    3374    3461
    3575    3769    3651    3784    3935    4060    4055    4056    4088    4258
    4160    4084    4401    4461    4196    4318    4379    4486    4275    4263
    4750    4425    4230    4246    4267    4258    4219    3956    4038    4062
    3930    3950    3934    3856    3626    3727    3507    3450    3377    3255
    3329    3196    3052    2867    2916    2861    2587    2613    2513    2507
    2287    2246    2295    2174    1977    1987    1801    1921    1709    1723
    1634    1540    1470    1441    1430    1365    1273    1357    1365    1223
    1114    1122    1102    1162    1019    1071    1100    1024    1052    1045
    1126    1111    1168    1083    1266    1191    1272    1397    1358    1431
    1454    1526    1499    1683    1703    1758    1864    1951    1903    2041
    2083    2130    2088    2305    2221    2397    2213    2199    2369    2220
    2223    2204    2108    2127    1957    1914    2053    1902    1665    1721
    1672    1563    1437    1308    1338    1214    1158    1138    1030     999
     902     902     858     764     728     703     676     682     634     619
     668     605     577     615     585     616     587  322518
