$Informacoes da Fluorescencia de Raios-X:
"Sample    : ACC-731-MS",                                                                 
"Operator  : thiago",                                                                     
"Comment  : ",                                                                            
"Group     : thiago_acra2010ma",                                                          
"Date       : 2010-06-04 17:09:12",                                                       
"",                                                                                       
"Mesurement Condition",                                                                   
"------------------------------------------------------------------------------------",   
"Instrument : 700HS2   Atmosphere : Vac.   Collimator : 10(mm)   Spin : No",              
"------------------------------------------------------------------------------------",   
"Analyte               TG kV   uA      FI Acq.(keV)  Anal.(keV)  Time(sec)     DT(%)",    
"------------------------------------------------------------------------------------",   
"Na                    Rh 50 1000-Auto Al  0 - 20    0.8 - 1.2   Live -  960    8",       
"Channel_info_start",                                                                     
"Channel : Na",                                                                           
"Points : 2048
"Range : 0.000000 - 20.480000",                                                           
"Step : 0.010000",                                                                        
"Channel_info_end",                                                                       
$DATA:
       0    2047
       0       0       0       0       0       0       0       0       0    2048
       0       0       0       0       0       0       0       0       0       0
       0       0       0       0       0       0       0       0       0       0
       0       0       0       0       0       0       0       0       3       5
      53     109     103     136     125     119     129     137     115     139
     141     119     136     110     116     139     120     141     119     156
     141     141     147     162     143     173     163     175     184     214
     196     199     236     253     252     261     297     308     251     278
     235     250     217     202     146     147     120     139     124     133
     129     126     124     131     128     132     145     136     134     132
     118     127     116     127     118     136     143     138     126     131
     121     161     158     125     152     161     125     151     159     171
     131     127     108     150     114     129     118     127     147     139
     137     142     128     138     132     122     143     140     124     147
     135     141     119     135     101     132     136     148     126     143
     156     147     128     189     186     222     180     186     266     243
     225     244     265     259     205     243     196     194     172     198
     165     170     160     173     194     199     208     291     303     416
     410     465     537     566     574     594     472     509     419     443
     337     343     262     252     197     164     171     150     145     159
     152     181     161     171     143     163     142     147     185     183
     176     183     142     181     154     181     196     195     160     148
     169     176     169     176     149     191     182     215     209     239
     311     438     521     709     938    1171    1287    1608    1753    1977
    1870    2063    1932    1929    1717    1589    1404    1289     965     804
     618     524     397     347     284     292     254     251     233     270
     243     255     280     294     289     340     376     421     397     473
     558     603     541     611     612     530     480     511     402     383
     311     317     220     206     181     230     163     197     176     217
     195     196     190     225     181     187     197     217     188     176
     157     160     147     147     140     144     158     128     144     131
     151     114     107     145     122     136     124     145     141     150
     144     159     155     168     162     178     196     244     315     439
     516     716     910    1099    1493    1869    2093    2629    2870    3279
    3183    3565    3512    3413    3073    3160    2631    2368    1885    1590
    1292     984     728     576     421     360     287     249     232     258
     251     305     358     394     442     538     558     587     726     791
     826     938    1013    1083    1242    1314    1292    1458    1402    1482
    1377    1321    1223    1201     974     868     778     621     559     411
     369     316     230     262     189     174     202     196     199     169
     202     235     211     238     252     257     312     319     368     339
     311     355     316     328     314     339     312     313     254     301
     257     250     255     281     259     219     234     261     207     253
     242     220     222     257     247     245     247     265     232     277
     257     290     259     278     292     253     285     315     296     338
     317     360     331     373     407     463     423     434     461     478
     484     542     520     497     492     454     450     443     395     403
     404     422     362     399     358     409     362     377     408     390
     390     385     395     414     381     406     402     400     380     400
     430     467     416     419     424     437     427     434     439     428
     453     484     467     477     482     450     458     494     438     492
     461     462     409     448     437     448     448     457     428     457
     416     471     451     462     440     498     455     477     469     486
     474     504     426     476     440     498     465     523     499     526
     482     512     550     569     562     561     582     594     525     622
     600     611     652     632     614     643     595     647     604     705
     611     661     624     631     622     703     633     665     584     646
     609     734     632     640     617     679     637     722     678     693
     695     707     720     762     668     739     675     750     683     747
     739     769     740     777     823     849     796     802     851     897
     812     915     839     875     835     896     864     834     808     881
     787     822     804     787     828     818     763     818     813     842
     806     856     832     862     851     892     930     965     917     982
     946    1053    1044    1193    1254    1361    1471    1749    1932    2333
    2463    2743    3107    3746    3820    4215    4551    4971    4736    5372
    5100    5118    4803    4792    4315    4181    3579    3370    3112    2799
    2379    2253    1834    1814    1527    1508    1287    1246    1148    1178
    1170    1177    1131    1125    1086    1159     975    1101    1076    1158
    1048    1104    1115    1157    1129    1192    1151    1039    1081    1122
    1121    1149    1065    1111    1134    1192    1102    1184    1090    1212
    1170    1303    1244    1318    1264    1381    1479    1469    1428    1550
    1556    1665    1668    1692    1724    1776    1633    1708    1595    1543
    1527    1582    1464    1515    1428    1384    1315    1350    1224    1349
    1150    1229    1218    1176    1137    1195    1192    1202    1108    1187
    1133    1197    1159    1200    1109    1197    1165    1158    1070    1199
    1230    1185    1137    1143    1243    1224    1208    1259    1198    1263
    1165    1265    1154    1212    1101    1182    1141    1214    1104    1112
    1131    1216    1160    1220    1190    1228    1121    1204    1220    1170
    1116    1165    1110    1197    1122    1179    1165    1137    1152    1195
    1181    1257    1127    1286    1177    1235    1204    1254    1256    1302
    1184    1329    1291    1312    1302    1466    1492    1541    1393    1524
    1549    1573    1436    1573    1564    1591    1493    1560    1512    1420
    1349    1365    1388    1343    1253    1281    1162    1220    1123    1152
    1074    1127    1106    1082    1025    1145    1060    1068    1044    1087
    1019    1103    1020    1108    1011    1063    1039    1001    1024    1032
    1022    1052    1051    1035    1129    1060    1109    1214    1108    1189
    1123    1208    1241    1352    1229    1392    1385    1494    1396    1553
    1558    1603    1542    1593    1554    1565    1448    1472    1462    1467
    1382    1415    1279    1286    1175    1187    1153    1196    1103    1104
    1099    1033    1021    1051    1087    1108    1070    1068    1006    1075
    1076    1036    1059    1054     964    1089    1101    1024    1012     971
     993    1038     926    1033     959    1027     940     995     989     988
     943     975     906     990     970     966     962     986     923    1048
     920    1017     948     974     960    1031     989    1067    1001    1007
     939     995     921    1024     928     943     989    1027     924     970
     978     959     892    1064     968    1060     950     994     982    1114
     969    1038    1053    1010     970    1000    1040    1079     999    1079
    1087     983     985     973     993     935     968    1000    1012     970
     947     965     952     995     925     987     929     954     828     949
     938     919     906     957     950     994     898     959     950     857
     905     938    1019     960     915     928     953     986     910    1000
     918     921     938     994     895     925     930     946     877     946
     863     917     958    1015     899     886     943     964     896     987
     953    1013     918    1040     916     969     930     989     862     959
     931     944     975    1015     981     935     959     992     935     988
     956     971     950    1004    1038     976     978    1089    1102    1062
    1008    1048    1048    1095     972    1079     993    1085     984    1001
    1052     952     920    1046     984    1008     911     944     953    1030
     961     951     960     977     975     965     969     976     970     947
    1006     964     925     969     921     969     938     998     943     940
     939     935     892     981     925     945     920     976     938     995
     953     943     956    1112     931    1013     974     946     924    1007
     903     971    1005     965     998    1006     961     967     905    1039
     959    1018     957     975     968     983     909     968     970     937
     881     992     991    1000     880    1008     938     988     938     911
     971     927     860     997     984     997     905     916     959     954
     878    1009     933    1019     910     975     990     914     881     967
     950     939     896     899     971    1039     904     991     924     950
     940     958     940     971     938     935    1040     997     960    1004
    1009    1011     952     969    1098    1022    1017    1061    1036    1057
    1009    1044    1045    1098     985    1062    1047    1038     956    1005
     956     953     934     903     950     996     953     889     952     954
     906     848     918     965     831     915     918     942     879     922
     867     930     835     940     900     895     868     876     869     934
     828     924     866     865     805     914     875     901     836     873
     878     883     847     877     847     866     830     862     846     965
     839     893     896     941     889     856     864     907     902     883
     890     942     854     937     878     852     811     856     883     839
     893     885     906     882     793     866     863     860     823     830
     842     823     811     844     876     911     792     788     833     815
     808     847     836     857     770     924     779     841     772     845
     828     880     769     864     812     840     784     819     825     793
     798     811     849     883     838     880     854     819     787     835
     795     833     820     804     795     853     788     900     876     870
     795     824     822     851     827     847     813     913     789     873
     860     816     799     816     846     894     775     787     823     795
     783     812     794     817     742     812     819     802     819     804
     763     871     786     779     774     850     786     768     751     780
     775     801     761     846     754     733     830     779     772     821
     827     810     776     759     779     808     781     771     787     809
     756     759     804     802     712     795     775     786     740     804
     809     807     739     766     729     817     813     762     774     786
     712     752     757     821     740     740     746     831     739     749
     805     811     677     776     754     762     742     736     788     747
     721     714     772     787     763     729     689     728     741     725
     825     722     708     765     794     733     713     700     711     782
     707     695     702     717     675     716     699     731     712     702
     713     766     704     712     686     750     653     711     738     729
     662     700     784     785     653     726     722     714     729     721
     690     704     704     699     682     686     744     691     705     688
     655     695     673     705     659     720     702     667     659     661
     702     724     658     717     751     688     679     643     688     666
     640     712     671     694     646     748     692     765     621     714
     694     732     700     623     598     700     667     669     681     638
     681     686     605     652     670     612     673     660     655     635
     621     619     638     692     652     682     597     695     654     666
     615     694     676     673     602     661     655     686     615     688
     675     654     670     661     620     675     642     701     614     662
     645     667     623     618     626     687     634     665     634     637
     651     633     666     660     605     677     669     619     693     694
     593     618     687     652     592     627     643     652     626     615
     662     604     611     656     623     680     590     604     628     633
     582     592     616     648     593     644     698     666     627     610
     589     666     567     618     660     654     605     620     589     645
     603     626     661     652     634     662     596     644     579     608
     618     695     634     619     641     662     657     604     609     651
     609     599     632     656     595     637     594     604     619     603
     639     626     608     610     630     621     557     567     610     593
     590     624     604     623     553     616     637     599     610     593
     560     626     604     605     643     596     627     619     640     646
     542     638     595     651     577     607     662     603     556     599
     621     615     575     597     583     584     575     596     583     597
     530     613     642     570     585     658     610     603     613     579
     585     592     602     576     582     586     570     611     653     586
     608     602     591     619     567     586     612     620     591     588
     591     622     595     610     624     577     596     593     582     617
     613     598     590     638     577     590     634     693     609     596
     632     634     607     639     613     633     628     621     688     615
     613     599     572     662     585     627     652     595     595     624
     648     637     626     635     622     628     631     678     645     640
     619     565     717     684     616     684     616     643     654     710
     663     655     594     681     661     695     679     645     694     704
     668     690     644     683     715     711     677     765     711     737
     688     716     666     704     735     757     733     754     773     761
     736     775     828     730     781     788     801     781     808     824
     818     841     782     874     890     865     807     850     988     943
     867     869     928    1003     972    1018    1051    1024    1041    1087
    1056    1043    1093    1142    1195    1218    1222    1258    1323    1358
    1390    1444    1423    1626    1499    1659    1612    1707    1727    1817
    1860    1951    1938    1994    2250    2295    2281    2354    2582    2564
    2439    2601    2738    2832    2793    2953    3081    3169    3041    3126
    3260    3398    3472    3431    3586    3711    3463    3698    3777    3875
    3596    3821    4005    4035    3854    3917    3980    4020    3911    3756
    4307    3952    3742    3961    3834    3795    3629    3772    3722    3791
    3462    3459    3491    3440    3272    3310    3187    3178    2907    2926
    2834    2806    2613    2568    2622    2530    2326    2313    2257    2209
    2074    1958    1933    1891    1699    1688    1658    1634    1530    1505
    1515    1432    1297    1246    1266    1252    1155    1141    1129    1062
     987    1049    1051    1027     968     973     922    1018     926     978
     996    1013    1014    1033    1159    1111    1197    1272    1296    1354
    1367    1375    1401    1525    1484    1600    1728    1770    1743    1841
    1868    2008    1927    1994    1936    2043    1970    1939    2059    2031
    2013    1831    1934    1908    1791    1697    1706    1602    1451    1448
    1481    1353    1231    1222    1209    1081     984     929     889     867
     761     773     699     693     665     639     654     616     583     550
     557     590     553     538     549     593     524  290792
