$Informacoes da Fluorescencia de Raios-X:
"Sample    : ACC-782",                                                                    
"Operator  : luisf",                                                                      
"Comment  : ",                                                                            
"Group     : thiago_acra2010ma",                                                          
"Date       : 2010-06-05 13:20:46",                                                       
"",                                                                                       
"Mesurement Condition",                                                                   
"------------------------------------------------------------------------------------",   
"Instrument : 700HS2   Atmosphere : Vac.   Collimator : 10(mm)   Spin : No",              
"------------------------------------------------------------------------------------",   
"Analyte               TG kV   uA      FI Acq.(keV)  Anal.(keV)  Time(sec)     DT(%)",    
"------------------------------------------------------------------------------------",   
"Na                    Rh 50 1000-Auto Al  0 - 20    0.8 - 1.2   Live -  959    6",       
"Channel_info_start",                                                                     
"Channel : Na",                                                                           
"Points : 2048
"Range : 0.000000 - 20.480000",                                                           
"Step : 0.010000",                                                                        
"Channel_info_end",                                                                       
$DATA:
       0    2047
       0       0       0       0       0       0       0       0       0    2048
       0       0       0       0       0       0       0       0       0       0
       0       0       0       0       0       0       0       0       0       0
       0       0       0       0       0       0       0       1       1       2
      42     112      90      97      93     102      79      91      92      96
      93      83      84      94      98      91      97     112      95      98
      94     134     104     119     103     127     123     142     109     170
     166     167     162     214     220     228     204     257     202     224
     185     182     151     147     132     140     132     115     112     117
     141     139     140     157     176     188     197     220     227     220
     201     212     162     172     146     180     140     132     122     138
     170     157     142     177     180     192     160     183     145     152
     154     139     113     126     110     100     106     110     116     103
     120     120     115     121     113     126     127     137     125     127
     137     105     111     112      99     109      97     112     118     121
     142     136     140     204     176     231     236     255     266     249
     250     249     290     261     219     227     215     197     196     205
     164     181     169     199     199     193     256     348     396     466
     527     590     646     629     679     703     631     602     517     443
     426     354     285     241     198     178     142     160     140     143
     167     152     144     154     163     160     168     184     167     181
     143     204     152     157     154     164     145     170     145     160
     165     143     150     162     184     191     182     202     198     219
     273     315     372     467     572     675     762     849     973    1087
    1026    1047    1060    1119     925     852     811     716     594     520
     464     461     364     345     362     362     349     388     443     573
     666     851    1187    1684    2154    3101    3564    4500    4938    6110
    6309    7214    7034    7526    6829    6746    5668    5253    4193    3658
    2729    2461    1637    1317     946     824     753     755     711     830
     812     813     771     779     748     743     609     583     488     438
     365     336     272     257     186     165     171     164     125     137
     137     156     120     167     119     140     143     144     139     133
     143     181     152     177     199     215     282     327     414     558
     773    1134    1382    1878    2432    3005    3437    4334    4699    5346
    5438    5812    5842    5715    5150    5340    4294    3926    3082    2575
    1965    1547    1119     875     599     478     374     330     272     315
     298     439     448     574     656     755     817    1022    1185    1404
    1577    1828    1931    2358    2494    2887    2898    3261    3197    3461
    3166    3078    2837    2651    2311    2042    1646    1374    1078     819
     661     553     380     315     224     205     174     166     181     201
     183     214     279     262     311     358     437     410     452     538
     464     486     466     483     478     467     434     425     329     283
     275     238     227     227     177     199     189     209     165     175
     179     193     165     146     177     172     190     202     179     182
     180     189     182     189     172     213     210     207     190     235
     236     290     313     305     337     367     372     402     436     448
     426     429     410     464     436     427     367     416     355     317
     312     307     286     285     266     310     268     290     267     267
     299     281     295     323     286     273     297     330     296     304
     301     294     329     323     287     333     324     307     316     334
     340     368     366     328     312     356     300     339     336     330
     322     328     313     322     351     329     286     322     313     351
     312     345     342     340     297     324     302     291     313     330
     314     338     313     358     333     349     351     383     349     380
     371     400     397     408     391     440     430     467     441     466
     468     465     454     492     477     469     435     466     398     499
     401     495     458     444     430     431     450     477     452     473
     435     457     456     476     489     444     421     495     449     480
     460     489     472     480     490     499     451     530     502     539
     530     547     597     557     576     584     592     638     593     620
     612     635     568     611     540     661     633     601     546     602
     587     631     565     581     594     650     622     603     602     638
     589     617     615     661     611     657     655     668     657     679
     760     820     846     993     979    1174    1275    1440    1660    2074
    2284    2772    3092    3577    3699    4220    4481    4872    4840    5427
    5031    5150    4738    4879    4294    4232    3555    3421    2864    2661
    2097    1901    1627    1459    1144    1204     958     971     843     874
     760     818     743     828     781     748     752     796     793     816
     721     776     760     763     729     795     757     820     746     817
     804     835     773     860     771     815     790     857     785     933
     797     903     893    1002     953    1102    1083    1107    1095    1216
    1186    1316    1337    1321    1338    1371    1344    1387    1326    1354
    1230    1194    1125    1093    1037    1030    1020     948     884     946
     811     875     876     871     734     833     753     839     820     780
     769     815     848     813     803     863     842     799     820     852
     830     806     788     818     824     844     812     855     798     895
     777     847     807     882     799     798     913     837     829     802
     840     773     778     813     796     805     808     819     863     843
     777     819     829     845     845     838     841     820     855     889
     799     834     812     874     842     946     843     873     864     876
     895     884     941    1039     925     993    1042    1097    1029    1143
    1085    1090    1107    1162    1072    1152    1070    1084    1068    1011
    1011     950     941     915     870     906     843     866     820     766
     765     812     797     742     679     722     759     719     734     776
     751     774     803     723     750     765     723     749     783     719
     781     787     761     748     772     810     732     855     862     893
     846     916     930    1011     942    1099    1097    1139    1084    1194
    1172    1265    1260    1287    1241    1275    1130    1173    1100    1121
    1042    1010     956     946     903     844     790     816     846     801
     785     775     766     793     731     748     740     718     773     783
     728     725     717     757     703     755     754     708     679     734
     697     722     664     754     685     713     630     724     699     723
     711     703     707     710     674     679     710     713     666     707
     676     707     635     721     700     672     680     687     694     700
     679     701     667     698     664     759     676     719     626     698
     711     729     714     707     708     711     736     710     657     698
     658     708     685     703     703     719     771     773     746     694
     768     758     695     701     737     718     683     693     701     723
     683     673     694     728     640     657     651     653     680     651
     689     712     653     694     724     700     666     641     665     666
     649     670     679     637     666     650     666     697     629     682
     664     675     650     669     687     667     604     671     671     655
     626     680     662     711     646     680     647     650     669     659
     688     668     624     644     647     681     636     675     647     645
     652     643     641     663     643     701     660     704     633     741
     664     680     692     670     724     761     687     690     720     770
     784     725     749     731     666     785     806     774     718     770
     740     768     716     744     668     751     688     687     736     670
     674     717     672     704     683     709     660     670     615     707
     660     680     653     640     639     671     680     717     684     637
     674     700     695     682     707     679     704     693     637     739
     710     692     669     711     659     710     657     636     673     693
     685     649     661     686     641     663     691     687     628     622
     659     674     649     680     661     675     664     696     718     692
     675     668     687     650     698     659     672     718     660     711
     676     674     620     651     699     701     628     647     658     633
     655     690     663     702     620     685     580     662     592     641
     657     659     651     647     661     636     609     670     620     716
     655     715     707     685     681     697     710     694     707     719
     712     773     673     758     746     729     737     742     753     794
     748     771     765     794     749     730     755     723     688     758
     713     709     711     690     670     651     571     621     611     625
     610     622     630     668     622     636     595     611     595     597
     664     625     565     610     675     572     592     603     617     633
     556     631     617     623     615     602     581     655     583     632
     627     613     603     608     678     605     610     622     637     645
     615     607     618     646     613     657     676     666     631     667
     632     607     615     660     675     653     624     626     646     628
     610     634     629     588     600     574     620     586     579     607
     618     643     564     554     584     584     565     559     546     557
     546     582     629     595     564     596     559     578     535     560
     548     595     577     567     565     611     545     581     576     558
     539     578     584     596     541     584     597     559     563     604
     580     642     578     631     608     609     548     643     599     633
     565     583     581     612     557     568     613     590     577     635
     565     603     575     556     565     614     513     615     594     541
     553     590     550     571     542     558     577     574     558     557
     515     516     589     564     550     566     539     553     569     565
     525     564     578     534     550     528     538     548     547     553
     581     599     525     531     567     547     522     546     542     509
     531     556     517     548     532     566     549     577     512     502
     550     594     491     534     513     555     555     553     577     554
     547     575     567     577     603     587     564     573     528     527
     563     536     506     584     526     521     498     535     541     556
     514     537     546     560     501     510     499     492     529     508
     560     527     506     527     497     503     477     488     498     509
     530     508     518     505     487     495     520     569     514     501
     472     522     544     519     514     517     489     529     494     513
     506     519     530     491     449     477     490     532     491     510
     517     499     476     490     505     516     483     517     496     480
     472     497     492     499     485     472     476     489     510     472
     445     503     461     497     513     526     450     467     492     503
     453     490     529     487     452     490     453     476     440     436
     515     494     449     468     471     485     456     468     438     465
     456     480     454     470     454     438     481     506     476     495
     478     464     432     467     456     441     423     485     476     483
     496     457     469     428     425     471     472     471     474     492
     439     445     445     460     483     470     460     446     378     471
     466     416     464     384     423     486     473     451     466     439
     432     472     444     454     455     497     451     445     453     420
     457     411     478     468     433     451     436     439     429     421
     466     448     414     477     399     458     417     445     456     489
     408     414     472     445     411     454     429     461     431     410
     390     424     409     409     449     430     402     450     428     463
     388     401     469     441     400     442     424     408     439     423
     427     436     410     431     480     446     440     404     431     462
     415     426     471     433     391     457     417     429     426     416
     410     453     445     437     421     421     415     427     434     372
     380     446     483     443     408     427     415     425     398     412
     426     399     380     430     429     424     457     403     440     409
     391     396     444     399     425     372     459     445     438     413
     426     426     413     395     455     415     432     401     448     443
     419     379     452     421     356     436     386     433     403     462
     453     472     397     412     428     439     417     400     474     456
     414     443     427     432     417     469     445     431     425     440
     407     485     386     453     374     446     407     440     444     445
     403     405     446     406     403     390     423     469     386     417
     446     401     399     463     411     411     420     426     435     430
     431     411     468     458     437     425     439     456     434     408
     454     437     435     439     449     466     424     460     441     486
     440     423     500     484     479     460     441     466     424     489
     427     443     484     479     471     467     404     488     519     508
     428     468     483     456     477     515     525     514     449     477
     535     536     469     492     547     525     518     496     531     510
     597     509     513     583     519     539     519     600     583     571
     600     588     483     566     585     576     578     596     634     636
     615     624     670     669     671     622     713     721     684     712
     787     787     756     798     835     888     866     873     906     942
     982     951    1013    1071    1032    1145    1082    1297    1249    1267
    1339    1376    1362    1443    1512    1555    1548    1515    1709    1745
    1725    1870    1903    1957    1904    1960    2084    2156    2206    2226
    2339    2320    2280    2476    2508    2498    2442    2621    2672    2671
    2698    2669    2839    2707    2693    2677    2825    2790    2617    2584
    2962    2796    2560    2695    2594    2739    2598    2571    2599    2525
    2385    2472    2422    2344    2282    2266    2274    2183    2029    2042
    2014    2009    1905    1777    1836    1764    1607    1607    1498    1505
    1354    1399    1412    1319    1195    1170    1133    1163    1081    1053
     975     961     923     881     903     795     762     743     789     787
     733     699     722     728     672     687     702     655     693     711
     762     737     721     772     819     832     822     837     914     961
     947    1015    1092    1108    1157    1141    1227    1174    1336    1357
    1339    1494    1351    1427    1514    1441    1386    1427    1458    1447
    1331    1330    1339    1331    1249    1147    1135    1076    1038    1015
     900     907     838     788     808     737     637     636     600     548
     523     497     465     456     451     477     412     434     383     405
     426     387     383     382     375     391     361  201044
