$Informacoes da Fluorescencia de Raios-X:
"Sample    : ACC-722-MS",                                                                 
"Operator  : thiago",                                                                     
"Comment  : ",                                                                            
"Group     : thiago_acra2010ma",                                                          
"Date       : 2010-06-04 14:04:32",                                                       
"",                                                                                       
"Mesurement Condition",                                                                   
"------------------------------------------------------------------------------------",   
"Instrument : 700HS2   Atmosphere : Vac.   Collimator : 10(mm)   Spin : No",              
"------------------------------------------------------------------------------------",   
"Analyte               TG kV   uA      FI Acq.(keV)  Anal.(keV)  Time(sec)     DT(%)",    
"------------------------------------------------------------------------------------",   
"Na                    Rh 50 1000-Auto Al  0 - 20    0.8 - 1.2   Live -  960    7",       
"Channel_info_start",                                                                     
"Channel : Na",                                                                           
"Points : 2048
"Range : 0.000000 - 20.480000",                                                           
"Step : 0.010000",                                                                        
"Channel_info_end",                                                                       
$DATA:
       0    2047
       0       0       0       0       0       0       0       0       0    2048
       0       0       0       0       0       0       0       0       0       0
       0       0       0       0       0       0       0       0       0       0
       0       0       0       0       0       0       0       0       1       4
      35      93      98     106     113     117     110     108     117     137
      99     107     119     118     127     128     129     120     110     147
     128     145     136     144     151     186     180     190     191     202
     213     199     251     284     237     263     231     274     274     255
     218     206     220     176     149     140     137     138     123     123
     104     103      99     100     111     119     103     100     124     115
      96     117     125      93     118     113     144     125     125     123
     139     135     128     130     134     150     154     136     138     137
     124     112     120     115     113     110     107     123     113     132
     115     128     126     154     131     133     117     118     109     140
     134     132     110     124     113     115     103     126     143     104
     137     138     150     163     216     215     243     260     251     272
     274     258     258     279     230     251     225     237     196     205
     190     185     178     163     196     220     214     267     327     398
     457     562     570     582     561     589     519     556     463     465
     339     357     230     237     199     183     168     164     139     159
     166     150     164     178     127     177     159     176     197     180
     189     199     208     177     186     218     173     198     184     189
     189     206     180     227     182     234     221     259     290     386
     488     652     835    1165    1373    1706    2044    2532    2605    3189
    3188    3304    3193    3159    2667    2519    2107    1856    1283    1187
     842     691     557     453     433     353     318     313     287     283
     301     250     306     304     274     332     313     406     401     518
     550     543     539     620     555     573     474     421     417     392
     287     285     199     231     178     178     168     228     171     196
     197     213     212     201     214     217     174     200     171     190
     183     192     147     159     179     159     147     183     145     143
     149     148     153     149     143     146     159     141     163     141
     162     180     169     202     214     210     266     353     455     644
     728    1132    1345    1908    2349    3120    3514    4253    4866    5423
    5494    6007    5946    5869    5346    5307    4339    3975    3077    2652
    2046    1603    1154     907     644     484     369     349     283     336
     329     401     445     562     594     764     785     934     944    1193
    1143    1397    1358    1494    1649    1778    1732    1883    1827    1927
    1732    1715    1656    1385    1310    1129     907     827     650     523
     396     372     291     244     189     200     187     177     199     213
     203     204     247     237     228     288     305     291     345     383
     367     404     374     357     330     342     311     316     266     272
     249     241     225     233     207     211     231     212     197     226
     211     228     212     216     240     228     218     233     258     243
     238     243     213     235     237     236     249     269     228     253
     263     334     313     371     362     407     401     409     466     480
     490     480     457     483     448     478     424     434     411     397
     335     382     317     324     323     336     318     327     331     364
     355     377     359     377     343     353     346     343     386     400
     366     401     349     385     405     407     406     418     440     419
     380     382     410     412     437     428     450     455     411     421
     416     433     417     396     402     414     389     380     386     413
     388     443     370     453     388     365     383     415     420     420
     401     412     384     440     436     471     411     475     419     432
     424     480     459     508     491     523     513     522     556     562
     509     540     509     548     524     541     580     596     510     565
     510     577     522     585     559     558     581     604     571     498
     535     569     537     585     586     638     516     589     590     578
     535     586     575     565     629     654     633     627     630     645
     693     670     690     640     676     735     759     735     694     778
     679     821     755     789     747     733     733     729     693     746
     718     729     728     667     693     723     633     739     691     809
     684     778     772     767     664     746     746     816     804     846
     842     908     893    1039    1113    1197    1392    1636    1832    2132
    2319    2745    3127    3602    3706    4164    4347    4835    4795    5319
    4875    5097    4786    4605    4299    4190    3483    3428    3020    2711
    2163    2063    1734    1536    1402    1357    1132    1131     978    1020
     946    1018     886    1000     930     990     869     976     933     986
     901     989     972     997     952     899     970    1006     894     987
     953    1041     961    1018     986     990     993     988     978    1082
     986    1080    1101    1233    1137    1161    1225    1373    1332    1406
    1384    1436    1446    1521    1465    1570    1543    1552    1488    1506
    1409    1461    1353    1328    1235    1218    1118    1164    1107    1180
    1126    1079    1067    1041    1034    1068     958    1006     969     998
     996    1049    1042    1046    1072    1054    1006    1088    1005    1050
    1046    1097    1005     990    1016    1079    1052    1021    1052    1029
    1025    1056    1014    1076     993    1015    1015    1057     962    1006
     979    1044     981    1031     979    1053     971    1048     978    1041
     989     994    1006     951    1003    1036    1041    1032     991    1098
    1031    1089    1036    1107    1001    1083    1008    1079    1127    1121
    1084    1137    1174    1179    1128    1251    1318    1313    1262    1394
    1376    1460    1364    1452    1332    1493    1323    1357    1297    1316
    1252    1212    1196    1195    1092    1105    1005    1061     928    1023
     948    1007     908     911     965     951     883     928     893     960
     873     880     907     934     899     925     922     868     826     900
     918     958     848     928     955     951     930     975     907    1036
    1008    1025    1051    1101    1066    1282    1207    1306    1258    1388
    1353    1435    1381    1479    1392    1420    1358    1433    1310    1263
    1218    1111    1156    1092    1001    1068     931     980     938     960
     906     987     911     858     941     942     898     913     985     977
     825     942     908     963     878     917     939     939     843     937
     901     865     785     873     795     869     804     884     819     879
     820     874     827     890     812     842     840     869     867     865
     804     899     768     833     848     876     853     896     808     887
     812     883     847     891     804     825     821     842     815     824
     858     874     814     928     849     891     830     875     869     833
     859     829     890     902     872     869     904     916     917     890
     885     939     832     907     843     901     871     802     891     890
     797     822     790     859     791     880     780     795     783     821
     809     804     784     849     832     823     733     848     844     874
     792     810     831     887     781     821     827     797     718     849
     836     827     789     802     796     793     825     819     802     820
     817     782     846     823     765     826     774     861     831     812
     831     814     806     874     827     802     800     789     778     809
     777     829     829     850     802     795     782     796     865     849
     846     858     817     901     835     868     838     844     847     871
     878     867     865     862     872     925     903     935     822     858
     840     923     828     848     846     851     836     812     871     874
     809     866     857     873     756     833     801     841     782     820
     857     881     796     807     880     834     824     881     781     864
     807     851     806     834     818     796     891     839     814     855
     809     878     787     866     841     835     783     853     798     895
     850     873     820     876     875     876     860     843     801     807
     848     838     796     853     785     876     761     819     829     852
     846     850     848     893     819     882     850     865     797     800
     788     876     816     773     849     855     862     813     873     842
     867     884     774     815     779     819     856     869     790     807
     776     878     768     796     832     821     831     848     780     830
     839     816     780     842     824     888     861     823     856     900
     911     923     851     885     911     946     887     925     955     929
     839     954     935     941     916     888     907     921     841     946
     891     896     815     893     813     850     776     767     847     809
     752     780     728     810     771     805     798     791     717     780
     776     738     774     779     808     771     749     701     743     776
     765     782     709     769     717     761     731     747     727     744
     757     770     709     744     735     773     715     746     801     761
     770     739     764     783     704     793     742     723     772     739
     792     797     740     808     768     814     751     774     724     763
     738     756     758     738     775     749     775     727     683     823
     810     747     691     753     714     748     724     691     670     725
     697     717     709     819     685     769     716     749     670     712
     712     689     706     716     688     735     721     703     673     717
     675     750     700     753     685     726     731     736     755     766
     750     721     709     759     724     716     727     750     717     774
     757     737     695     718     713     744     756     726     718     672
     741     684     685     728     741     692     674     726     670     746
     736     737     705     741     618     666     672     751     644     717
     646     711     632     656     637     683     649     664     699     687
     660     662     667     658     666     669     712     687     654     663
     656     617     636     681     633     706     671     688     689     700
     648     679     700     667     668     679     653     645     654     683
     711     710     639     664     601     659     614     658     689     665
     618     653     629     722     627     710     676     664     618     639
     652     678     674     680     611     664     632     706     658     653
     629     614     666     674     606     660     693     687     623     654
     645     620     595     640     654     651     582     636     645     727
     619     568     600     590     612     557     661     620     630     590
     612     642     600     586     614     637     601     599     622     651
     610     630     659     602     574     615     628     660     633     633
     623     620     607     619     622     645     617     632     621     651
     581     586     646     615     588     588     623     623     563     580
     608     661     595     594     623     606     562     621     627     615
     522     591     597     611     564     623     565     628     553     626
     591     559     564     601     576     596     576     556     574     519
     492     596     592     591     564     526     626     598     537     610
     553     635     559     609     578     582     582     552     524     570
     546     616     518     577     572     548     572     559     585     574
     542     582     533     565     584     517     556     552     552     575
     570     550     577     582     545     540     538     578     527     569
     566     535     616     580     533     532     591     562     552     543
     570     590     558     552     522     563     561     563     537     544
     576     552     570     558     527     576     543     526     497     532
     538     514     509     559     546     537     571     557     559     499
     566     540     560     518     531     572     519     531     519     545
     499     506     562     573     512     564     531     552     523     537
     547     556     500     508     569     548     531     558     549     540
     530     524     532     564     512     531     516     549     511     547
     564     562     552     520     582     521     549     537     533     558
     489     482     513     552     521     533     553     507     498     509
     518     520     496     518     506     527     474     519     531     558
     529     474     557     529     520     565     531     523     518     532
     524     588     495     513     542     571     466     537     541     512
     481     506     507     492     525     513     497     571     491     489
     551     551     488     480     507     540     501     518     548     532
     474     563     508     516     508     529     569     526     518     511
     565     566     523     555     530     542     489     490     512     597
     472     489     497     567     520     473     533     534     519     537
     568     534     521     587     526     558     560     539     526     544
     533     513     541     592     532     550     547     568     533     583
     542     588     562     525     580     557     564     541     598     583
     575     559     621     566     540     604     526     573     610     602
     567     571     558     582     574     603     612     615     614     582
     570     645     613     613     587     629     590     654     587     595
     662     596     600     604     671     582     611     689     641     688
     642     694     653     679     629     667     661     679     674     683
     712     731     660     716     755     763     667     752     732     795
     839     761     803     791     787     803     932     882     825     948
     893     986     953    1014    1011    1102    1055    1083    1121    1209
    1160    1285    1291    1254    1314    1379    1474    1565    1501    1446
    1618    1689    1770    1800    1860    1887    1961    1980    2187    2253
    2071    2340    2252    2462    2409    2523    2692    2775    2603    2861
    2798    2978    2914    3016    3048    3211    3063    3122    3242    3216
    3114    3390    3444    3374    3260    3396    3445    3445    3349    3377
    3774    3506    3282    3351    3385    3404    3170    3247    3219    3190
    3028    3049    3016    2981    2761    2839    2655    2832    2538    2541
    2528    2539    2186    2333    2222    2075    2114    2074    1934    1966
    1822    1720    1690    1648    1568    1550    1447    1394    1320    1265
    1262    1260    1125    1104    1056    1076    1055     978    1001     998
     943     878     867     897     853     839     862     892     838     835
     848     866     933     858    1042    1013     994    1020    1050    1104
    1203    1124    1334    1329    1395    1474    1425    1503    1495    1614
    1625    1740    1655    1715    1810    1775    1720    1765    1830    1786
    1747    1616    1671    1581    1544    1459    1517    1368    1262    1310
    1256    1141    1044     987     950     903     871     777     806     719
     676     626     659     627     532     580     560     511     480     500
     509     526     494     499     487     484     490  251589
