$Informacoes da Fluorescencia de Raios-X:
"Sample    : ACC-797",                                                                    
"Operator  : luisf",                                                                      
"Comment  : ",                                                                            
"Group     : thiago_acra2010ma",                                                          
"Date       : 2010-06-05 18:40:20",                                                       
"",                                                                                       
"Mesurement Condition",                                                                   
"------------------------------------------------------------------------------------",   
"Instrument : 700HS2   Atmosphere : Vac.   Collimator : 10(mm)   Spin : No",              
"------------------------------------------------------------------------------------",   
"Analyte               TG kV   uA      FI Acq.(keV)  Anal.(keV)  Time(sec)     DT(%)",    
"------------------------------------------------------------------------------------",   
"Na                    Rh 50 1000-Auto Al  0 - 20    0.8 - 1.2   Live -  959   16",       
"Channel_info_start",                                                                     
"Channel : Na",                                                                           
"Points : 2048
"Range : 0.000000 - 20.480000",                                                           
"Step : 0.010000",                                                                        
"Channel_info_end",                                                                       
$DATA:
       0    2047
       0       0       0       0       0       0       0       0       0    2048
       0       0       0       0       0       0       0       0       0       0
       0       0       0       0       0       0       0       0       0       0
       0       0       0       0       0       0       0       1       2       9
      73     250     213     229     213     218     194     229     224     240
     219     212     196     220     243     239     224     240     236     256
     265     263     274     313     317     341     315     290     310     344
     351     331     282     380     334     361     346     380     381     386
     322     400     317     315     306     335     281     319     289     377
     342     460     503     650     600     697     727     822     804     813
     773     635     610     575     473     458     425     437     408     437
     523     558     499     619     544     579     549     571     495     487
     455     424     319     323     310     321     274     294     301     327
     363     386     391     419     397     457     418     454     376     406
     369     323     351     355     289     341     299     306     310     400
     368     426     524     680     717     791     830     963     993    1032
     944    1095     961    1029     863     829     743     761     601     631
     546     567     533     672     755     861    1041    1440    1810    2188
    2332    2819    3020    3187    3114    3329    2869    2716    2421    2095
    1762    1593    1182     945     784     685     573     535     493     490
     460     511     471     523     533     545     535     646     615     623
     632     581     586     636     579     561     553     601     471     524
     495     515     510     620     548     646     660     780     762     874
    1031    1324    1559    2008    2244    2772    3075    3581    3950    4372
    4228    4568    4316    4288    3865    3654    3100    2994    2411    2178
    1886    1708    1477    1502    1481    1424    1534    1765    2009    2664
    3131    4551    6030    8353   10555   15359   17090   22272   24535   29391
   31151   34301   33297   35187   32053   31430   26811   24471   19493   16942
   12487   10348    7214    5702    4241    3796    3251    3258    3150    3558
    3568    3733    3524    3579    3277    3172    2684    2524    1967    1736
    1424    1214     913     798     600     568     476     445     380     424
     419     442     395     420     408     430     424     459     435     477
     459     500     514     601     670     797     890    1217    1485    2308
    2957    4256    5386    7182    9079   11658   13134   16223   17672   19853
   20027   21558   20949   21244   18946   18374   15086   13977   10956    9336
    6960    5569    3879    2937    2158    1625    1232    1069    1046    1188
    1290    1497    1791    2328    2469    3153    3623    4397    4905    6107
    6940    8409    9341   11025   12035   13772   13989   15623   15348   16328
   14996   15061   13510   12748   10709    9410    7901    6410    4757    3820
    2837    2152    1549    1242     902     741     627     615     621     750
     681     820     922    1037    1217    1497    1671    1883    1926    2164
    2093    2305    2044    2187    2010    1873    1605    1591    1355    1139
     961     923     740     680     549     517     416     464     375     407
     431     416     392     344     403     399     353     423     397     381
     400     389     398     408     421     481     483     506     528     649
     774     820     923    1087    1167    1277    1401    1576    1633    1743
    1736    1774    1710    1756    1493    1486    1321    1342    1146    1083
    1009     922     801     809     661     727     596     655     593     688
     630     604     621     653     603     686     664     680     641     701
     726     722     655     746     701     787     761     836     820     843
     833     854     810     844     832     970     820     835     754     783
     787     800     709     733     676     721     625     665     673     659
     626     706     719     646     658     731     654     673     612     761
     695     695     681     745     705     778     766     789     720     818
     761     819     780     869     811     836     881     910     859     892
     900    1012     955     947     874     975     948     972     981     959
     908     993     906     939     900     983     929     950     928    1074
     948     977     963     973     925     971     966     981     989     957
     958    1049     988    1052     991    1103     996    1133    1083    1137
    1117    1271    1202    1302    1269    1356    1310    1540    1472    1502
    1379    1594    1373    1500    1402    1502    1414    1408    1300    1329
    1285    1347    1236    1324    1289    1363    1274    1337    1248    1370
    1347    1352    1335    1428    1386    1428    1503    1580    1510    1625
    1824    1990    2236    2672    3131    3926    4402    5523    6654    8295
    9292   11139   12956   15030   16057   18182   19789   21143   21009   23572
   21484   22526   20257   20281   18241   17075   14575   13593   11238    9911
    8026    6959    5646    4958    3796    3394    2780    2501    2009    2032
    1887    1806    1632    1666    1507    1758    1573    1627    1566    1747
    1582    1602    1642    1721    1606    1686    1657    1826    1658    1650
    1737    1764    1716    1810    1722    1844    1779    1908    1811    2055
    1907    2225    2251    2489    2547    2776    2927    3245    3196    3501
    3686    3990    4029    4360    4299    4427    4245    4239    4025    4040
    3605    3582    3391    3299    2799    2715    2479    2392    2057    2182
    1950    1853    1810    1862    1735    1785    1698    1774    1713    1720
    1557    1675    1635    1762    1665    1723    1754    1776    1614    1745
    1619    1768    1656    1710    1739    1799    1625    1712    1702    1773
    1722    1813    1675    1708    1643    1703    1743    1747    1728    1623
    1670    1749    1674    1750    1676    1704    1650    1664    1813    1770
    1642    1730    1723    1726    1703    1627    1731    1824    1628    1748
    1653    1860    1705    1800    1795    1847    1770    1927    1781    1846
    1882    1927    2103    2097    1961    2160    2253    2307    2253    2309
    2326    2398    2265    2567    2385    2537    2293    2455    2294    2306
    2098    2139    2067    2020    1872    1986    1735    1740    1668    1685
    1640    1711    1510    1623    1601    1640    1511    1608    1597    1584
    1511    1632    1564    1596    1515    1645    1499    1576    1483    1659
    1605    1600    1568    1721    1636    1697    1705    1864    1766    2089
    2009    2232    2308    2568    2573    2812    2909    3165    3188    3358
    3272    3450    3371    3389    3433    3421    3102    3245    2927    2966
    2641    2629    2457    2423    2100    2033    1920    1918    1749    1782
    1671    1743    1566    1667    1586    1686    1495    1632    1657    1694
    1575    1562    1572    1647    1553    1583    1603    1493    1523    1486
    1540    1595    1556    1562    1482    1549    1448    1462    1471    1598
    1427    1570    1411    1531    1386    1488    1505    1578    1374    1485
    1496    1556    1483    1497    1448    1532    1452    1427    1461    1454
    1494    1422    1508    1456    1409    1495    1461    1526    1457    1488
    1495    1525    1465    1539    1492    1548    1542    1578    1531    1679
    1539    1655    1711    1700    1619    1777    1689    1676    1561    1664
    1620    1726    1550    1591    1515    1585    1522    1554    1498    1546
    1373    1411    1435    1490    1494    1525    1401    1384    1356    1468
    1357    1430    1337    1428    1371    1450    1371    1405    1459    1470
    1334    1380    1428    1452    1334    1346    1441    1442    1362    1368
    1426    1473    1321    1368    1392    1447    1290    1466    1441    1428
    1322    1413    1435    1392    1393    1372    1415    1428    1320    1401
    1388    1487    1396    1448    1438    1396    1356    1416    1399    1482
    1358    1430    1463    1437    1344    1520    1448    1486    1426    1573
    1445    1617    1546    1662    1588    1721    1761    1669    1589    1697
    1640    1688    1778    1779    1704    1694    1825    1833    1651    1725
    1663    1737    1653    1648    1627    1639    1590    1502    1458    1556
    1505    1482    1539    1484    1405    1460    1430    1482    1408    1384
    1382    1492    1346    1484    1473    1486    1405    1456    1356    1413
    1429    1436    1409    1465    1360    1457    1363    1389    1360    1451
    1486    1454    1345    1476    1288    1526    1349    1422    1382    1520
    1394    1414    1438    1540    1356    1409    1442    1488    1367    1440
    1486    1585    1412    1439    1446    1469    1305    1479    1486    1442
    1367    1430    1352    1518    1433    1459    1342    1495    1385    1408
    1334    1417    1335    1374    1481    1475    1333    1452    1446    1469
    1324    1476    1363    1452    1361    1433    1350    1476    1383    1383
    1456    1403    1352    1465    1380    1428    1464    1544    1429    1583
    1491    1586    1606    1655    1735    1735    1858    1968    1968    2133
    2076    2218    2269    2511    2432    2543    2514    2697    2602    2744
    2588    2702    2588    2658    2447    2558    2455    2369    2122    2267
    2035    2033    1918    1870    1714    1715    1556    1540    1548    1526
    1407    1442    1345    1367    1342    1343    1302    1388    1249    1266
    1255    1248    1304    1313    1338    1316    1287    1335    1290    1300
    1277    1329    1308    1207    1212    1323    1265    1269    1192    1316
    1357    1402    1240    1309    1280    1337    1306    1311    1422    1416
    1337    1438    1366    1515    1483    1392    1534    1530    1486    1479
    1497    1518    1465    1531    1523    1462    1464    1448    1452    1443
    1331    1381    1400    1372    1313    1323    1369    1319    1217    1340
    1379    1358    1214    1263    1263    1296    1219    1301    1255    1262
    1182    1225    1241    1244    1260    1290    1205    1228    1218    1256
    1242    1293    1220    1180    1236    1323    1211    1323    1325    1256
    1251    1260    1301    1333    1235    1299    1302    1329    1301    1368
    1365    1373    1308    1403    1457    1457    1417    1443    1399    1473
    1441    1479    1413    1449    1361    1443    1461    1425    1306    1332
    1311    1333    1302    1345    1365    1306    1248    1258    1173    1309
    1246    1233    1279    1235    1133    1198    1149    1156    1209    1200
    1116    1203    1160    1150    1139    1210    1106    1210    1189    1235
    1149    1131    1168    1198    1127    1107    1214    1172    1052    1100
    1117    1142    1076    1105    1190    1171    1201    1115    1151    1194
    1130    1127    1165    1187    1051    1177    1208    1198    1208    1176
    1266    1240    1231    1267    1218    1246    1228    1260    1345    1303
    1168    1292    1209    1327    1292    1280    1297    1319    1239    1245
    1231    1229    1139    1175    1171    1178    1156    1203    1149    1190
    1103    1078    1128    1121    1110    1107    1157    1120    1057    1053
    1064    1119    1066    1119    1020    1157    1035    1094    1118    1081
    1030    1108    1077    1070    1015    1041    1038    1106    1052    1134
    1091    1111    1070    1089    1139    1054     998    1085    1059    1092
     993    1013    1120    1096     991    1050    1043    1015    1057    1036
    1047    1088    1013    1117    1073    1103    1045    1118    1080    1040
     967    1058    1036    1055    1031    1025    1009    1046     988     994
    1012    1075    1074     973    1070    1025    1021    1025     961    1078
     981     998    1032    1006    1018    1029    1008     979     928     989
    1051    1040     936     978     945    1020     992     945     988    1004
     973    1064     932     966     980     966    1013    1062     929     981
    1032    1039     941    1023    1008     969     977    1001     979    1040
     988    1001     970     962     956     958     972     956     983     938
     992    1001     967     955    1026    1068     957     998    1032    1030
     996    1006     950    1081    1042    1051     979     966    1030    1021
     970     958     969    1030    1013    1002     949     906    1035     980
     939     954     954     970     924     966     979    1000     884     908
     922     939     900     939     972     876     897     924     925     981
     883     878     932     947     927     985     959     895     914     945
     943     933     868     886     943     936     861     903     859     927
     863     937     941     931     883     931     887     899     914     891
     884     888     911     922     893     920     879     901     884     910
     843     933     913     921     932     933     903     902     889     906
     901     931     841     881     899     879     939     912     892     863
     861     915     938     906     881     924     891     898     845     954
     895     891     886     846     843     903     892     824     928     871
     851     945     867     921     855     883     920     921     841     908
     860     932     890     880     947     938     833     865     908     949
     828     838     877     952     853     852     857     879     901     882
     957     868     900     890     897     872     892     882     912     884
     845     880     881     897     866     879     901     878     840     912
     867     905     847     881     876     918     831     917    1006     904
     867     894     961     899     849     879     903     902     810     866
     958     963     898     901     871     949     834     886     921     965
     875     909     982     867     906     927     903     945     854     934
     880     897    1000     967     985     968     857     920     941     892
     947     869    1096     945     901     938     993     983     911     971
    1025    1021     883     939     950     969     962    1028     913     984
     975     955    1074     993     990    1062    1089    1003     979     975
     974     978    1025    1075    1099    1096    1012    1068    1144    1127
    1053    1092    1099    1066    1145    1176    1131    1173    1132    1203
    1200    1326    1177    1260    1232    1276    1244    1241    1368    1342
    1271    1276    1298    1445    1426    1345    1488    1495    1476    1561
    1586    1605    1681    1669    1637    1807    1735    1849    1830    1915
    1981    2079    2139    2268    2206    2396    2514    2533    2479    2590
    2793    2909    2755    2970    3094    3205    3321    3207    3706    3666
    3664    3763    3859    4178    4011    4199    4300    4529    4449    4579
    4746    4910    4852    4992    5268    5181    5150    5397    5452    5613
    5306    5401    5783    5702    5401    5601    5740    5818    5486    5500
    6039    5766    5421    5536    5575    5468    5141    5286    5374    5216
    4850    5047    4853    4767    4718    4644    4626    4576    4123    4236
    4022    4054    3838    3687    3691    3623    3382    3367    3264    3195
    2854    2961    2891    2751    2467    2553    2330    2396    2286    2189
    2146    1993    1915    1834    1807    1848    1722    1643    1631    1617
    1549    1484    1510    1473    1420    1336    1485    1439    1305    1411
    1492    1486    1401    1384    1614    1647    1606    1696    1740    1675
    1739    1890    2143    2154    2159    2199    2294    2462    2386    2673
    2629    2818    2638    2815    2936    2846    2873    2937    3136    3139
    3041    2921    2880    2775    2611    2509    2724    2520    2318    2324
    2195    2126    1928    1919    1819    1804    1551    1496    1454    1345
    1247    1144    1150    1116    1039    1089     941     950     890     844
     863     860     798     819     813     817     819  423114
