$Informacoes da Fluorescencia de Raios-X:
"Sample    : ACC-854",                                                                    
"Operator  : luisf",                                                                      
"Comment  : ",                                                                            
"Group     : thiago_acra2010ma",                                                          
"Date       : 2010-06-06 22:51:02",                                                       
"",                                                                                       
"Mesurement Condition",                                                                   
"------------------------------------------------------------------------------------",   
"Instrument : 700HS2   Atmosphere : Vac.   Collimator : 10(mm)   Spin : No",              
"------------------------------------------------------------------------------------",   
"Analyte               TG kV   uA      FI Acq.(keV)  Anal.(keV)  Time(sec)     DT(%)",    
"------------------------------------------------------------------------------------",   
"Na                    Rh 50 1000-Auto Al  0 - 20    0.8 - 1.2   Live -  960   10",       
"Channel_info_start",                                                                     
"Channel : Na",                                                                           
"Points : 2048
"Range : 0.000000 - 20.480000",                                                           
"Step : 0.010000",                                                                        
"Channel_info_end",                                                                       
$DATA:
       0    2047
       0       0       0       0       0       0       0       0       0    2048
       0       0       0       0       0       0       0       0       0       0
       0       0       0       0       0       0       0       0       0       0
       0       0       0       0       0       0       0       1       0       5
      69     131     126     148     109     119     135     142     135     132
     125     117     137     135     111     146     138     161     146     138
     153     176     200     184     197     217     209     219     189     252
     196     225     227     254     237     239     225     273     218     233
     187     206     211     198     167     185     137     155     132     152
     134     145     135     151     177     162     179     140     184     186
     139     159     185     146     132     167     119     143     163     156
     157     155     193     209     183     207     200     167     193     169
     176     151     135     145     157     150     148     169     160     181
     187     227     244     275     235     272     232     306     252     273
     223     247     211     212     173     195     197     258     291     362
     427     675     778    1040    1225    1534    1478    1763    1822    1880
    1700    1686    1619    1576    1214    1154     903     823     624     648
     533     657     685     935    1339    1942    2692    3700    4669    6183
    6975    8332    9045    9707    9500    9994    8788    8632    7286    6533
    5083    4183    2957    2350    1678    1261     911     720     607     554
     408     468     411     385     374     390     370     356     312     398
     339     348     328     319     316     305     286     306     297     308
     244     291     255     300     301     340     326     390     422     531
     650     935    1138    1530    1899    2450    2752    3443    3734    4170
    4136    4411    4252    4164    3588    3323    2870    2459    1917    1632
    1252     999     743     677     544     542     475     509     480     546
     523     613     702     865    1030    1418    1516    1975    2153    2607
    2649    2953    2837    3074    2830    2845    2439    2245    1875    1606
    1192    1068     756     689     482     524     418     467     344     457
     492     473     515     466     417     470     400     388     342     316
     293     277     236     217     233     256     169     237     190     186
     231     229     195     274     213     237     250     255     238     272
     229     289     297     278     368     386     459     558     761    1128
    1385    1963    2504    3630    4309    5500    6325    7725    8465    9671
    9651   10567   10120   10301    9243    9111    7505    6878    5356    4586
    3678    2835    2063    1589    1148     872     650     589     570     600
     624     819     907    1124    1317    1691    1949    2466    2957    3601
    4231    5325    6137    7373    7983    9305    9663   10926   10978   11391
   10738   10768    9930    9214    7793    7061    5649    4688    3655    2883
    2081    1571    1139     850     569     531     393     401     349     438
     453     509     565     694     762    1007    1049    1252    1278    1469
    1366    1538    1463    1509    1490    1314    1142    1101     877     824
     733     620     503     450     334     315     248     269     240     233
     231     243     228     264     210     233     212     222     252     238
     230     246     273     259     283     329     352     456     505     592
     818     947    1152    1397    1544    1775    1959    2372    2445    2700
    2577    2772    2683    2601    2437    2266    2088    1839    1593    1423
    1191    1140     859     797     690     694     495     561     478     487
     416     417     414     430     409     390     411     459     430     440
     464     491     566     612     564     626     623     703     685     746
     706     792     749     788     791     794     693     709     667     648
     677     681     525     542     536     503     436     465     459     453
     400     448     415     474     420     436     427     466     421     482
     434     498     463     494     470     477     470     455     483     534
     480     557     502     532     508     554     556     629     571     618
     675     639     662     669     621     623     596     638     603     640
     571     573     529     637     584     581     584     549     565     567
     574     615     581     591     567     561     584     577     640     589
     560     611     612     651     622     698     668     792     766     808
     847     942     916    1111    1083    1211    1145    1336    1284    1342
    1349    1354    1298    1276    1178    1200    1045    1100     954    1028
     932     937     802     887     862     835     818     819     811     841
     786     828     834     927     859     906     955    1098    1124    1298
    1472    1896    2220    3033    3651    4913    5911    7715    9771   12303
   14676   17511   21085   24602   26418   30397   32736   36141   35875   40161
   36936   38341   34960   34904   31279   29573   24729   22698   18988   16719
   13008   11163    8664    7176    5264    4388    3120    2471    1936    1699
    1397    1194    1038    1041     966     934     925     931     932     971
     919     941     905     970     950     907     984     937     941     999
     947    1063     989    1046    1051    1153    1171    1208    1263    1493
    1513    1821    1897    2204    2392    2778    3220    3552    3755    4360
    4669    5050    5050    5592    5703    5756    5438    5586    5341    5152
    4584    4477    4045    3640    3040    2943    2474    2187    1950    1794
    1572    1387    1191    1090    1097    1021     917     994     942     965
     924     932     836    1001     900     963     931    1011     883     940
     932    1009     932     952     959    1041     946     999     873    1004
     968     938     923     963     921     941     973     910     884     896
     917     981     848     895     948     953     880     923     973     963
     861     956     897     972     931     951     910     958     919     961
     904     998     922     985     914    1001     922     974    1044    1095
     959    1085    1125    1111    1120    1130    1152    1173    1180    1359
    1287    1350    1278    1354    1276    1316    1234    1258    1257    1256
    1178    1206    1076    1127     989    1052     954     979     872     919
     901     869     801     873     888     821     772     773     854     867
     858     829     831     903     853     815     788     838     831     846
     829     863     825     888     833     857     865     946     889     983
     887    1027    1025    1175    1094    1211    1229    1273    1266    1316
    1321    1423    1424    1322    1361    1437    1288    1343    1263    1271
    1223    1222    1119    1042    1070     998     956     941     902     954
     884     873     841     794     873     830     826     868     868     870
     813     826     849     850     790     917     837     907     754     878
     775     765     788     827     791     781     819     843     762     792
     814     861     791     829     834     857     765     867     778     790
     806     808     783     748     759     744     793     823     834     816
     755     785     750     811     737     784     815     816     808     793
     817     843     742     815     819     844     836     777     792     837
     772     813     843     854     775     827     849     843     815     826
     921     749     821     815     823     800     796     813     788     774
     757     778     791     806     776     793     790     752     763     726
     784     813     720     767     790     808     689     778     761     782
     737     700     741     777     698     744     733     715     748     782
     730     783     732     760     788     821     750     742     731     762
     772     743     725     771     682     751     774     764     714     815
     741     758     729     707     794     778     740     712     769     771
     751     759     742     764     754     751     720     792     764     803
     773     809     734     797     803     873     803     825     846     848
     806     886     831     857     847     827     854     835     790     878
     827     832     777     768     813     841     807     776     799     825
     764     806     791     842     716     792     766     821     746     736
     817     723     730     750     803     759     734     760     743     740
     723     777     760     780     749     756     723     796     736     727
     772     769     795     825     736     764     730     766     803     754
     764     706     759     769     719     779     765     825     720     817
     831     773     765     776     791     776     749     755     738     765
     761     768     739     763     727     805     800     766     729     731
     746     762     692     705     778     722     621     723     740     685
     761     732     732     760     704     729     722     726     669     747
     678     740     672     712     737     739     773     785     756     800
     741     768     775     759     765     815     887     820     853     867
     877     918     918     914    1016    1020    1000    1016     988    1073
     988     956     987    1041     967     981    1003     950     896     906
     842     847     776     863     814     810     740     737     726     742
     717     705     729     686     668     646     708     752     658     710
     698     723     687     673     707     733     643     663     647     765
     652     673     652     751     648     655     686     717     644     733
     707     708     632     696     692     695     682     705     716     732
     723     740     688     709     713     710     716     733     705     732
     733     695     682     676     659     736     670     762     757     762
     656     691     706     733     645     646     662     693     689     714
     708     668     590     663     654     675     619     643     660     661
     668     635     652     605     650     661     654     657     640     633
     655     616     607     645     671     621     620     675     648     621
     646     625     641     692     626     636     682     684     608     661
     646     713     637     689     727     745     714     776     714     736
     712     722     733     754     680     663     759     734     651     744
     730     700     671     671     706     686     642     633     646     650
     599     684     619     626     633     648     606     687     633     635
     578     679     610     617     610     574     549     609     637     637
     626     603     594     629     586     525     655     585     612     605
     578     596     553     601     620     618     583     553     547     641
     544     609     655     607     591     587     643     675     608     618
     673     682     652     650     645     704     678     709     710     732
     677     728     741     745     720     734     689     697     602     727
     695     688     642     704     628     664     618     653     599     617
     564     607     595     629     616     598     572     589     550     563
     605     553     572     576     540     570     598     579     567     611
     518     608     602     557     519     583     567     573     564     600
     573     502     547     526     550     520     525     572     565     563
     590     539     604     563     532     509     541     571     516     609
     526     595     558     579     613     558     526     571     570     572
     559     557     548     541     565     572     536     603     519     590
     553     483     583     541     519     540     513     535     484     598
     509     530     519     551     505     549     544     517     511     572
     518     547     481     514     516     481     471     553     512     501
     520     525     508     553     495     485     569     582     492     497
     517     508     467     532     536     543     551     527     552     513
     508     533     552     533     506     535     521     556     536     498
     505     571     550     541     558     559     533     537     616     601
     551     566     609     599     563     583     595     566     550     563
     598     615     559     570     577     556     563     529     524     503
     513     544     533     549     492     473     532     530     496     479
     516     499     513     501     507     478     461     468     467     465
     507     461     512     469     470     492     498     513     486     504
     475     497     487     460     465     516     484     457     469     484
     436     437     488     500     451     462     472     466     463     442
     514     499     494     484     504     526     423     490     472     454
     484     511     518     474     478     474     494     494     501     446
     480     482     491     497     512     498     460     469     464     500
     449     469     513     477     491     468     489     469     473     485
     460     443     475     440     474     436     480     436     478     523
     414     436     470     462     440     467     460     472     495     461
     443     491     499     445     503     489     432     480     446     482
     435     475     454     482     459     469     443     485     471     444
     477     489     484     515     471     468     439     489     479     461
     473     475     474     482     494     484     454     479     479     462
     440     475     450     497     477     488     460     443     474     489
     457     437     444     488     482     489     475     484     472     466
     522     496     471     495     466     504     489     451     517     521
     473     499     509     509     437     501     512     455     484     470
     478     483     496     480     504     459     504     484     504     505
     506     465     559     513     535     494     473     536     514     542
     506     570     473     523     526     583     519     534     495     511
     482     574     536     525     548     578     517     552     491     556
     547     524     577     583     595     583     546     554     601     588
     559     567     629     612     595     584     601     607     608     659
     617     606     646     686     627     663     668     707     731     709
     750     706     706     761     710     708     823     785     732     817
     816     836     800     849     894     895     922     910     963    1035
    1101    1074    1101    1090    1096    1215    1144    1277    1296    1350
    1391    1470    1473    1556    1567    1713    1703    1707    1917    1851
    1862    1970    2023    2065    2020    2125    2297    2394    2341    2390
    2461    2493    2442    2609    2676    2786    2610    2831    2853    2869
    2851    2900    3008    2934    2807    3023    2934    3054    2933    2920
    3281    3090    2874    2977    2875    2891    2834    2783    2845    2763
    2683    2658    2571    2614    2400    2538    2425    2299    2160    2263
    2131    2221    1983    2080    2009    1909    1811    1748    1655    1645
    1564    1456    1471    1463    1356    1329    1265    1211    1149    1171
    1045    1070     971     938     907     982     864     838     817     855
     772     821     792     755     728     704     768     756     732     736
     762     765     773     792     911     915     859     936    1009    1051
    1070    1076    1199    1205    1180    1314    1409    1453    1321    1407
    1535    1499    1510    1555    1629    1538    1556    1575    1677    1563
    1487    1603    1483    1439    1344    1342    1411    1249    1170    1198
    1153    1102    1017     944     904     818     754     717     687     671
     564     577     564     585     499     483     491     490     442     451
     473     420     416     414     388     414     423  221456
