$Informacoes da Fluorescencia de Raios-X:
"Sample    : ACC-815",                                                                    
"Operator  : luisf",                                                                      
"Comment  : ",                                                                            
"Group     : thiago_acra2010ma",                                                          
"Date       : 2010-06-06 03:54:22",                                                       
"",                                                                                       
"Mesurement Condition",                                                                   
"------------------------------------------------------------------------------------",   
"Instrument : 700HS2   Atmosphere : Vac.   Collimator : 10(mm)   Spin : No",              
"------------------------------------------------------------------------------------",   
"Analyte               TG kV   uA      FI Acq.(keV)  Anal.(keV)  Time(sec)     DT(%)",    
"------------------------------------------------------------------------------------",   
"Na                    Rh 50 1000-Auto Al  0 - 20    0.8 - 1.2   Live -  960    8",       
"Channel_info_start",                                                                     
"Channel : Na",                                                                           
"Points : 2048
"Range : 0.000000 - 20.480000",                                                           
"Step : 0.010000",                                                                        
"Channel_info_end",                                                                       
$DATA:
       0    2047
       0       0       0       0       0       0       0       0       0    2048
       0       0       0       0       0       0       0       0       0       0
       0       0       0       0       0       0       0       0       0       0
       0       0       0       0       0       0       0       2       1       4
      57     105      87     118     100     113     107     117     107     122
     118     112     107     119     108     111     101     140     117     145
     125     152     161     169     158     158     170     186     166     173
     186     236     213     238     197     221     198     219     216     226
     182     194     139     167     126     137     114     121     111     108
     104     111     111     127     117     120     127     117     110     138
     115     126     123     117     118     117     106     139     135     150
     146     141     114     153     152     143     158     155     136     111
     132     149     117     115     119     104     102     130     101     116
     124     124     132     116     119     126     153     136     102     134
     126     141     127     119      89     136     123     128     151     146
     220     227     257     344     405     434     503     508     542     611
     529     532     479     515     451     434     369     327     304     257
     231     268     224     303     375     541     625     810    1080    1293
    1592    1801    1913    2084    1985    2085    1930    1899    1598    1525
    1217     974     700     562     471     345     294     261     258     221
     193     232     210     211     213     206     199     212     217     244
     206     248     194     208     233     214     226     227     204     227
     184     194     213     222     212     223     250     260     324     406
     520     677     882    1205    1419    1921    2242    2583    2908    3178
    3133    3391    3205    3339    2764    2716    2329    2055    1535    1231
     999     746     608     538     491     451     378     352     343     372
     365     390     361     441     403     550     572     708     691     852
     908    1005     984    1009     960     994     794     789     694     592
     464     440     341     293     239     261     195     212     203     237
     223     240     208     225     244     199     217     248     201     216
     187     180     169     173     153     160     161     177     149     142
     138     149     150     167     136     149     169     178     169     183
     183     174     186     208     199     251     275     415     469     642
     826    1130    1432    1977    2362    3164    3604    4315    4629    5435
    5354    5810    5650    5898    5144    5348    4397    3882    3160    2755
    2141    1696    1300    1013     682     505     405     364     339     382
     378     459     488     634     745     874     984    1202    1434    1627
    1919    2213    2400    2760    3177    3489    3515    4008    3924    4143
    3752    3806    3477    3326    2854    2540    2200    1840    1342    1113
     915     613     527     465     332     299     259     259     279     281
     311     308     352     404     375     420     505     572     557     686
     637     621     608     647     590     606     529     544     458     405
     377     312     297     287     233     264     242     233     212     203
     213     217     192     201     239     234     196     244     212     217
     211     227     206     221     228     238     262     273     308     320
     367     455     472     548     596     699     717     925     872     937
     875     936     948     927     915     849     780     731     673     609
     541     508     448     455     404     408     351     354     378     358
     348     392     303     376     344     324     351     323     344     377
     342     386     338     411     435     410     386     438     435     456
     472     483     457     512     481     481     491     452     419     459
     437     416     390     392     423     372     354     377     426     377
     303     385     363     353     359     378     369     375     379     375
     393     400     390     366     395     406     376     417     367     412
     444     471     431     468     447     508     502     504     469     557
     531     546     516     573     517     527     521     564     525     507
     516     558     537     475     491     496     508     519     528     532
     485     539     465     484     515     527     457     523     527     538
     499     551     548     529     515     601     540     595     612     599
     600     635     638     706     744     767     732     805     809     790
     778     759     772     751     704     751     734     769     626     702
     725     677     633     706     649     693     685     704     662     747
     650     736     622     770     657     787     740     772     786     883
     992    1160    1228    1552    1848    2298    2620    3288    4108    5160
    5951    7343    8388    9865   10365   12167   12921   14289   14016   15984
   14455   15280   13796   13787   12778   11873    9864    9469    8145    7106
    5797    4915    3839    3239    2662    2310    1624    1573    1272    1211
     986     988     887     850     853     876     781     830     835     846
     785     876     809     867     830     773     778     899     868     886
     887     931     829     957     874     921     910     987     985    1077
    1022    1160    1235    1339    1449    1601    1743    1855    1996    2159
    2271    2446    2492    2748    2670    2799    2569    2668    2517    2613
    2284    2220    2036    1936    1721    1626    1480    1396    1285    1228
    1100    1124    1042     948     934     955     860     931     887     951
     827     826     857     879     843     922     963     892     886     951
     913     931     852     885     944     967     853     936     921     971
     921     902     916     974     913     920     830     900     860     903
     929     890     887     898     891     867     834     886     868     887
     827     882     914     953     889     887     891     871     844     884
     906     953     862     950     937     997     914     996     947    1050
     984    1011    1148    1124    1014    1143    1159    1282    1227    1329
    1330    1327    1333    1397    1377    1409    1312    1305    1257    1243
    1137    1171    1129    1160    1053    1057     957     970     930     899
     847     894     816     892     809     923     828     824     759     834
     816     804     796     797     763     847     819     850     757     761
     814     866     757     868     924     925     908    1009     986    1183
    1277    1355    1460    1606    1653    1744    1895    2012    1978    2315
    2201    2411    2281    2365    2401    2465    2147    2232    2058    1980
    1769    1816    1569    1545    1352    1264    1185    1089    1006    1040
     953     908     874     920     829     823     793     857     851     857
     806     813     887     818     753     810     787     781     842     805
     743     792     807     764     763     782     766     716     730     806
     777     768     731     812     759     769     783     765     750     762
     777     772     757     729     750     776     686     727     751     709
     728     754     781     757     696     734     740     780     695     799
     797     762     756     780     838     819     800     909     891     901
     864     901     883     968     906     890     929     949     902     897
     955     933     875     875     886     879     844     867     809     809
     792     772     753     718     706     761     736     769     683     773
     716     749     724     759     673     748     716     738     697     743
     744     708     774     719     674     715     675     710     693     722
     736     727     724     691     658     740     728     714     725     709
     749     708     748     729     763     675     774     729     676     710
     741     731     731     717     743     705     658     736     699     767
     676     738     728     736     701     716     766     785     729     804
     800     839     787     858     835     931     801     892     870     890
     872     937     830     906     924     936     906     991     863     884
     865     930     819     887     821     794     765     836     842     794
     750     768     805     757     766     744     761     737     679     740
     807     738     725     744     710     717     722     706     731     769
     734     771     710     791     709     773     783     745     737     802
     716     740     682     748     741     766     714     684     737     779
     706     742     736     759     736     792     742     710     734     745
     724     706     741     744     730     706     746     745     802     771
     725     690     697     775     747     725     714     785     755     732
     712     770     675     740     729     691     729     689     739     750
     731     791     699     720     723     671     691     698     709     701
     710     771     676     728     719     731     692     739     725     742
     683     739     748     821     730     816     894     876     793     864
     875     935     950     974     948    1045     965    1098    1003    1053
    1015    1082    1027    1014     994     983     986     945     940     973
     873     820     790     809     789     807     741     752     795     737
     707     722     723     698     641     680     752     724     731     679
     684     727     666     701     718     706     668     668     657     721
     673     733     667     713     628     683     651     660     642     670
     671     756     654     688     704     648     692     709     771     693
     696     766     723     741     673     827     792     797     736     763
     838     816     722     757     765     814     706     811     743     785
     701     669     698     716     661     684     657     743     662     724
     708     699     654     665     682     643     634     635     628     648
     629     670     624     652     609     673     646     630     599     658
     573     645     614     647     661     672     597     611     621     642
     647     646     643     645     632     703     630     727     625     646
     710     673     629     743     632     696     677     709     694     745
     676     666     677     666     608     651     669     702     635     688
     634     671     664     682     667     614     588     635     648     675
     641     629     621     618     560     589     590     600     585     605
     570     656     570     637     582     617     592     571     638     554
     541     583     585     604     613     550     638     643     588     582
     593     602     575     593     637     636     538     503     616     577
     540     574     561     588     588     612     582     606     568     574
     586     614     569     589     590     636     599     625     631     659
     564     629     637     596     558     585     634     636     604     593
     631     549     593     611     562     617     568     579     576     609
     557     555     576     593     586     582     557     593     551     576
     582     544     570     578     577     560     526     550     598     602
     537     514     545     597     545     562     553     561     527     546
     607     595     550     531     545     546     546     521     559     584
     551     565     584     574     533     592     570     575     530     576
     542     555     551     522     553     574     521     559     559     534
     495     525     548     514     519     528     576     522     535     531
     532     537     536     553     551     522     519     519     487     516
     498     562     505     545     519     526     546     560     498     544
     533     515     466     528     475     537     491     476     534     526
     538     506     524     561     474     456     541     573     514     520
     521     500     499     509     491     505     455     522     503     517
     527     489     482     515     477     525     498     508     461     512
     511     507     495     528     537     515     459     538     503     580
     484     531     517     497     510     521     538     529     512     541
     503     493     513     540     483     519     460     510     511     502
     516     501     507     496     453     487     483     505     464     502
     506     468     437     500     458     480     465     489     465     483
     458     489     489     491     463     482     492     497     462     472
     484     453     464     436     450     445     453     468     492     492
     469     437     541     454     469     500     488     476     448     457
     520     469     486     487     420     458     451     521     465     458
     481     428     441     460     453     495     479     471     441     460
     448     414     466     476     485     466     415     471     502     484
     484     413     426     479     431     510     465     488     502     484
     449     444     458     499     465     455     443     444     472     472
     438     502     459     498     435     511     493     486     465     497
     506     461     441     441     438     460     472     428     432     442
     436     448     444     480     473     462     454     455     413     448
     477     476     421     464     475     496     484     433     437     483
     427     430     447     454     421     482     507     448     464     466
     498     453     452     444     503     464     444     474     481     464
     449     450     469     488     484     460     493     499     436     455
     528     437     443     496     475     459     481     428     482     508
     416     458     488     500     488     456     487     472     473     498
     481     490     456     443     478     455     460     491     480     479
     476     454     538     499     484     460     468     468     497     500
     488     531     522     486     514     508     511     528     558     517
     508     524     526     521     491     514     569     519     537     525
     576     527     552     534     597     597     531     545     534     579
     568     592     583     602     539     593     595     653     577     637
     638     648     629     619     654     618     632     669     675     707
     649     706     715     703     713     709     835     740     770     781
     721     872     853     869     875     895     924     969     988    1027
    1038    1045    1115    1175    1087    1147    1188    1250    1291    1263
    1377    1403    1493    1538    1577    1630    1623    1646    1916    1875
    1832    1950    1988    2119    2036    2122    2211    2300    2282    2388
    2468    2516    2482    2490    2784    2751    2671    2745    2849    2908
    2849    2814    3030    2982    2949    2862    3086    2908    2929    2953
    3252    3077    2993    3066    2941    2880    2769    2905    2889    2814
    2692    2730    2582    2676    2518    2543    2421    2487    2273    2319
    2277    2169    2096    2034    2022    1925    1891    1940    1656    1642
    1654    1554    1548    1513    1353    1399    1283    1252    1220    1195
    1126    1052    1019    1011     990     945     872     881     868     855
     787     778     768     725     744     763     790     743     716     721
     771     783     771     774     909     908     883     907     967     935
     984    1053    1148    1269    1178    1256    1279    1377    1326    1464
    1474    1506    1457    1494    1593    1569    1466    1549    1602    1570
    1477    1391    1465    1482    1307    1251    1329    1283    1216    1112
    1055    1036     936     893     949     799     719     772     714     651
     596     520     598     556     477     535     513     500     447     433
     411     419     415     450     425     439     413  221040
