$Informacoes da Fluorescencia de Raios-X:
"Sample    : ACC-817",                                                                    
"Operator  : luisf",                                                                      
"Comment  : ",                                                                            
"Group     : thiago_acra2010ma",                                                          
"Date       : 2010-06-06 04:31:13",                                                       
"",                                                                                       
"Mesurement Condition",                                                                   
"------------------------------------------------------------------------------------",   
"Instrument : 700HS2   Atmosphere : Vac.   Collimator : 10(mm)   Spin : No",              
"------------------------------------------------------------------------------------",   
"Analyte               TG kV   uA      FI Acq.(keV)  Anal.(keV)  Time(sec)     DT(%)",    
"------------------------------------------------------------------------------------",   
"Na                    Rh 50 1000-Auto Al  0 - 20    0.8 - 1.2   Live -  960   13",       
"Channel_info_start",                                                                     
"Channel : Na",                                                                           
"Points : 2048
"Range : 0.000000 - 20.480000",                                                           
"Step : 0.010000",                                                                        
"Channel_info_end",                                                                       
$DATA:
       0    2047
       0       0       0       0       0       0       0       0       0    2048
       0       0       0       0       0       0       0       0       0       0
       0       0       0       0       0       0       0       0       0       0
       0       0       0       0       0       0       1       1       0       8
      58     127     139     148     129     139     151     147     148     151
     129     154     139     148     131     154     148     169     168     163
     158     216     197     197     185     217     216     207     219     236
     256     286     214     282     230     255     228     236     260     256
     230     236     226     224     214     218     180     160     160     179
     186     194     205     264     246     296     277     283     276     282
     284     316     249     238     209     221     206     210     195     247
     244     265     260     270     285     303     274     231     275     251
     202     206     192     162     162     187     178     168     192     200
     208     231     226     257     251     251     229     288     236     268
     222     245     232     233     199     217     230     256     291     335
     418     561     717     960    1005    1242    1289    1502    1388    1579
    1503    1501    1335    1229    1081     959     851     737     535     527
     506     599     614     792    1044    1548    2061    2786    3558    4673
    5022    6030    6474    7048    7033    7277    6252    6167    5238    4728
    3720    2991    2292    1830    1366    1049     827     701     576     536
     448     486     424     481     461     482     537     478     494     466
     468     461     371     433     424     405     335     347     311     359
     315     346     327     355     329     355     359     430     451     605
     750     919    1187    1548    1858    2251    2623    3092    3416    3734
    3664    4017    3832    3671    3260    3136    2626    2358    1877    1706
    1293    1171     854     890     710     791     706     713     868     931
    1058    1428    1653    2367    2849    4053    4483    5732    6271    7557
    7870    8777    8612    9011    8287    8140    6797    6454    5141    4567
    3386    3076    2063    1858    1314    1148     969    1009     976     986
     987    1046    1008    1009     999     962     813     797     624     576
     489     447     347     343     290     265     256     247     228     237
     259     276     208     263     229     267     231     251     271     300
     321     302     322     332     310     434     437     576     713    1005
    1287    1735    2111    2998    3698    4607    5286    6390    6970    7909
    8053    8692    8431    8415    7660    7724    6288    5781    4591    4002
    3106    2571    1773    1405    1056     855     696     590     581     633
     693     860     938    1208    1427    1829    2261    3053    3637    4740
    5863    7367    8517   10346   11504   13705   14070   16478   16127   17111
   15695   16240   14929   13840   11615   10578    8797    7438    5518    4381
    3237    2424    1708    1336     870     728     547     569     520     646
     646     791     928    1081    1180    1505    1625    1844    1938    2194
    2053    2274    2158    2223    2023    1927    1648    1552    1361    1180
     980     874     739     535     485     440     366     328     304     289
     265     286     273     298     250     294     265     272     286     274
     291     317     311     362     350     436     466     591     635     777
     929    1099    1241    1635    1756    2180    2226    2683    2825    3018
    2937    3072    2837    2914    2730    2633    2292    2108    1750    1628
    1394    1192    1047     978     839     792     691     672     597     626
     570     570     568     554     497     560     541     506     526     617
     590     590     587     671     731     705     759     818     810     900
     863     917     875     916     896     973     876     917     828     800
     740     712     612     644     615     599     548     529     534     519
     506     504     452     542     520     509     504     531     501     538
     533     542     540     537     559     610     522     617     548     583
     619     629     604     672     646     653     705     696     714     745
     717     806     742     786     731     824     738     735     711     738
     663     723     654     663     667     656     693     732     674     668
     712     700     685     673     692     709     680     714     706     737
     683     753     753     800     712     873     781     902     826     949
     941    1010    1116    1137    1188    1337    1222    1358    1373    1442
    1279    1415    1280    1391    1236    1254    1233    1189    1079    1056
    1060    1044     953    1034     932    1045     977     930     976     949
     996     946     974    1079    1028    1189    1228    1333    1398    1767
    2029    2618    3261    4183    5401    7120    8816   11994   14621   18716
   21938   26917   32067   37744   40231   46212   50157   54466   54416   61376
   56401   57937   52774   52938   47444   44555   37952   34756   29364   25513
   19947   17045   13292   10698    8033    6693    4754    3740    2893    2433
    1960    1695    1361    1330    1192    1172    1110    1082    1090    1139
    1101    1117    1069    1170    1113    1170    1159    1184    1132    1190
    1279    1210    1240    1360    1361    1383    1453    1591    1718    1994
    2049    2341    2567    3112    3407    3917    4466    5182    5514    6342
    6740    7450    7569    8169    8461    8504    8185    8243    7811    7570
    6895    6557    5789    5503    4501    4186    3542    3185    2629    2414
    1995    1838    1463    1492    1331    1298    1240    1128    1211    1194
    1072    1183    1107    1042    1089    1063    1147    1172    1046    1105
    1066    1187    1053    1116    1080    1214    1106    1124    1128    1168
    1107    1142    1127    1063    1103    1097    1083    1148    1037    1045
    1071    1130    1007    1021    1041    1129    1051    1128    1136    1131
    1010    1102    1058    1065    1114    1075    1141    1122    1032    1134
    1140    1102    1104    1148    1144    1165    1163    1210    1150    1272
    1249    1309    1264    1386    1276    1464    1350    1483    1570    1625
    1650    1742    1577    1749    1731    1730    1647    1631    1587    1608
    1444    1459    1430    1374    1269    1271    1180    1189    1069    1102
    1018    1063    1044    1067    1067    1049     979    1034     986    1017
     981    1041    1059    1034     933    1001    1028    1010     980    1019
    1005    1014    1046    1075    1081    1197    1174    1324    1396    1514
    1536    1679    1835    2010    2089    2271    2374    2642    2598    2916
    2941    3065    2944    3045    3225    3028    2873    2838    2659    2465
    2280    2277    2041    1850    1716    1601    1465    1500    1223    1189
    1186    1227    1077    1134    1056    1062     973    1068    1067    1061
    1023     979     994    1054     986    1044    1007    1015     973     976
    1051     970     955    1021     918     954     945     994     940    1049
     937     994     971     874     944     998     991    1009     926     955
     944    1006     898     952     895    1014     891     980     923     997
     942     953     974     965     886     921     951    1007     926     982
     981    1037     959     966    1019    1017    1001    1033    1047    1087
    1071    1150    1189    1223    1130    1219    1163    1165    1080    1164
    1211    1171    1112    1149    1160     999     992    1006    1072     982
     865     956     903     976     923     942     864     928     895     936
     939     922     842     863     880     888     806     850     874     914
     876     853     921     864     871     931     912     951     826     863
     871     949     868     899     917     936     845     887     864     913
     892     891     916     910     863     946     938     954     853     937
     876     877     856     971     912     909     788     901     791     928
     898     940     898     959     928     944     955     964     881     977
     931     967     927    1058     976    1041    1050    1131    1116    1127
    1105    1212    1185    1180    1103    1145    1159    1150    1095    1160
    1118    1203    1035    1093    1039    1073     959     973     949    1012
     924     981     901     971     908     925     851     933     853     952
     864    1009     860     958     922     925     862     918     947     900
     840     899     854     977     871     925     904     905     874     917
     896     932     884     938     887     927     909     946     896     927
     847     900     887     890     877     884     902     942     855     914
     963     921     877     892     895     876     898     836     930     997
     874     900     881     978     861     901     890     964     867     890
     869     904     869     870     863     898     858     858     889     897
     860     911     850     856     897     836     804     877     853     851
     853     897     884     902     874     966     807     914     853     875
     869     941     899     949     965     956    1004    1067     978    1088
    1118    1109    1060    1139    1197    1228    1114    1243    1260    1217
    1206    1232    1289    1221    1091    1178    1123    1131    1071    1151
    1129    1123     938     992     951     937     881     971     883     897
     821     876     860     885     889     858     882     874     794     869
     808     841     753     851     795     869     788     834     859     848
     854     867     814     814     848     801     865     858     803     779
     827     839     772     809     863     919     878     830     894     870
     836     904     927     960     869     929     938    1012     925     993
     953     958     902     983     951     913     918     926     940     880
     887     906     910     828     837     894     882     859     831     855
     924     931     844     779     781     817     817     783     785     800
     773     804     792     767     795     806     795     814     786     779
     801     776     769     710     796     772     742     797     759     802
     722     769     740     786     815     807     782     785     764     801
     870     807     793     810     813     839     828     923     839     818
     813     816     812     846     794     828     876     889     763     804
     772     814     850     795     895     842     790     822     808     791
     750     761     778     755     746     745     768     738     791     720
     699     732     703     718     754     727     673     744     717     720
     694     723     782     752     719     744     707     748     699     709
     687     701     749     685     717     724     696     717     672     781
     738     750     719     728     697     710     733     782     745     783
     762     773     695     804     818     796     789     814     865     824
     804     828     847     812     787     828     793     839     786     790
     794     818     749     799     777     759     737     787     709     721
     684     723     703     747     658     694     681     709     682     711
     717     651     664     688     596     692     650     694     668     666
     631     647     692     668     619     649     658     696     637     691
     691     680     672     683     722     696     622     665     630     695
     692     636     717     725     699     682     695     701     677     682
     676     645     626     692     621     668     660     631     640     681
     642     657     657     670     640     710     686     673     616     654
     671     652     571     657     704     618     658     688     667     676
     610     616     660     677     638     619     605     676     626     627
     590     635     609     643     652     650     652     578     638     635
     612     630     617     613     558     597     639     605     660     594
     629     626     575     631     677     650     625     588     603     613
     575     597     617     642     631     642     635     667     659     676
     638     663     650     680     709     647     652     699     677     715
     655     694     728     730     724     653     724     695     671     732
     723     709     719     692     678     745     635     663     653     610
     627     645     622     637     575     658     591     699     548     637
     606     582     565     585     604     573     575     573     599     641
     541     604     537     545     586     597     551     603     581     623
     590     619     594     595     606     553     553     569     562     612
     542     540     592     595     588     585     591     559     580     526
     582     595     619     572     586     546     538     521     585     623
     491     571     546     568     581     577     635     565     532     613
     560     597     589     602     568     576     580     559     556     534
     568     578     590     574     594     531     520     572     530     585
     551     622     529     537     572     505     580     582     546     577
     535     550     576     577     544     549     574     535     559     602
     590     572     564     551     524     554     538     547     583     578
     559     504     581     559     540     545     567     550     581     514
     556     521     565     544     574     583     587     594     599     594
     523     564     575     615     509     509     580     571     546     608
     538     558     541     534     598     571     591     542     567     576
     569     577     520     523     574     580     594     615     529     520
     616     627     544     550     557     555     609     594     602     577
     534     581     578     586     541     584     590     549     562     611
     582     608     568     550     546     605     622     619     573     603
     529     561     667     646     582     614     631     638     578     635
     585     624     631     582     565     606     632     615     642     635
     612     603     614     656     571     613     684     683     576     590
     666     654     618     655     688     720     666     718     636     718
     664     691     712     698     688     693     686     774     693     750
     797     718     683     774     818     782     764     763     773     790
     823     836     892     849     905     861    1003     915     913     958
     945     977     962     997    1075    1040    1102    1093    1148    1232
    1189    1241    1246    1354    1356    1440    1431    1610    1463    1517
    1674    1640    1667    1708    1939    1914    1924    1979    2152    2201
    2217    2346    2328    2504    2489    2500    2795    2748    2740    2891
    2930    2984    2925    3132    3193    3266    3120    3194    3301    3340
    3283    3281    3461    3473    3450    3352    3540    3599    3430    3467
    3875    3594    3308    3454    3474    3486    3268    3385    3406    3371
    3166    3225    3194    3122    2845    3019    2814    2853    2687    2617
    2562    2607    2412    2330    2442    2339    2230    2065    2055    1968
    1946    1776    1857    1783    1594    1608    1539    1510    1378    1399
    1346    1327    1223    1274    1162    1106    1074     998    1067    1023
     944     956     917     957     859     890     901     909     890     904
     992     884     932     924    1092    1045     968    1096    1121    1117
    1208    1297    1322    1401    1326    1523    1544    1663    1605    1692
    1713    1781    1796    1822    1881    1864    1874    1985    1925    1887
    1848    1802    1823    1884    1718    1640    1700    1597    1510    1488
    1368    1323    1253    1149    1145    1075     903     885     865     768
     721     763     741     673     584     633     636     616     558     505
     495     529     519     486     492     513     451  265410
