$Informacoes da Fluorescencia de Raios-X:
"Sample    : ACC-884",                                                                    
"Operator  : luisf",                                                                      
"Comment  : ",                                                                            
"Group     : thiago_acra2010ma",                                                          
"Date       : 2010-06-07 09:08:32",                                                       
"",                                                                                       
"Mesurement Condition",                                                                   
"------------------------------------------------------------------------------------",   
"Instrument : 700HS2   Atmosphere : Vac.   Collimator : 10(mm)   Spin : No",              
"------------------------------------------------------------------------------------",   
"Analyte               TG kV   uA      FI Acq.(keV)  Anal.(keV)  Time(sec)     DT(%)",    
"------------------------------------------------------------------------------------",   
"Na                    Rh 50 1000-Auto Al  0 - 20    0.8 - 1.2   Live -  960   14",       
"Channel_info_start",                                                                     
"Channel : Na",                                                                           
"Points : 2048
"Range : 0.000000 - 20.480000",                                                           
"Step : 0.010000",                                                                        
"Channel_info_end",                                                                       
$DATA:
       0    2047
       0       0       0       0       0       0       0       0       0    2048
       0       0       0       0       0       0       0       0       0       0
       0       0       0       0       0       0       0       0       0       0
       0       0       0       0       0       0       0       0       1      10
      80     171     151     151     128     181     147     180     171     175
     164     158     185     205     163     170     169     181     179     197
     203     232     204     245     257     224     255     271     250     276
     272     285     289     333     274     291     276     278     291     333
     267     274     255     235     218     203     214     217     203     190
     234     260     263     278     297     366     311     370     386     384
     325     288     301     258     246     269     217     269     272     293
     295     331     333     358     381     358     347     352     324     319
     272     248     232     235     190     215     203     215     205     241
     243     276     269     304     306     350     289     322     283     259
     278     259     254     274     178     270     250     293     320     384
     437     647     757     968    1083    1341    1324    1605    1573    1614
    1559    1465    1400    1356    1159    1052     832     801     564     601
     493     552     602     847    1157    1660    2017    2922    3584    4644
    5147    6138    6577    7202    6758    7291    6426    6151    5301    4602
    3746    3034    2256    1740    1391    1017     796     653     524     541
     495     520     473     475     502     494     510     516     519     552
     463     513     489     485     442     438     424     448     375     362
     384     397     405     409     412     441     439     510     579     731
     864    1147    1418    1897    2318    2706    3094    3732    4114    4723
    4525    4753    4579    4663    4118    3755    3178    2791    2241    2030
    1549    1238    1022     960     820     861     812     867     961    1154
    1314    1743    2138    2997    3789    5355    5953    7662    8327   10027
   10488   11807   11380   11898   10918   10835    9100    8593    6953    5955
    4373    3873    2604    2176    1637    1455    1201    1345    1157    1255
    1301    1373    1301    1306    1215    1194    1047    1031     796     726
     535     550     466     408     365     323     311     284     267     286
     272     289     293     306     256     279     270     298     258     342
     318     353     350     382     400     465     580     665     813    1209
    1563    2069    2688    3854    4552    5953    6704    8172    8865   10383
   10093   10934   10604   10680    9546    9507    7997    7380    5559    4815
    3769    3085    2206    1798    1280    1013     819     737     678     727
     784     928    1086    1371    1630    1980    2414    3253    3790    5066
    5903    7497    8520   10228   11728   13734   13964   16343   15879   17055
   15523   15732   14499   13746   11663   10223    8577    7074    5213    4276
    3145    2404    1593    1317     883     699     579     566     550     643
     638     790     889    1067    1238    1394    1554    1886    1898    2193
    2121    2372    2241    2275    1909    1988    1716    1586    1414    1164
    1010     845     740     601     453     436     361     345     332     334
     285     339     285     324     329     320     322     356     297     314
     333     353     326     382     361     416     473     578     633     770
     931    1188    1314    1672    1891    2271    2388    2777    3051    3221
    3011    3285    3118    3251    2902    2727    2458    2342    1831    1649
    1503    1301    1128    1025     845     804     703     712     662     621
     571     591     556     591     603     593     564     607     574     632
     617     674     627     710     673     798     790     861     911     948
     956     961     944     978     949     962     883     910     815     870
     768     751     697     699     639     605     563     576     557     574
     568     603     497     550     541     604     552     572     556     574
     584     572     594     641     624     672     621     611     607     706
     632     682     670     709     750     740     754     803     769     850
     783     800     845     812     807     881     760     862     775     787
     758     735     778     835     684     817     719     762     681     801
     742     780     762     748     747     744     759     798     796     823
     773     843     774     832     839     913     915    1014     970    1054
    1051    1173    1164    1361    1381    1497    1347    1506    1385    1563
    1474    1580    1504    1421    1353    1394    1318    1293    1279    1219
    1179    1094    1077    1054    1071    1118    1039    1115    1103    1093
    1042    1115    1119    1197    1122    1291    1382    1444    1466    1864
    2186    2640    3169    4184    5164    7237    8568   11242   14298   17979
   20628   25434   30558   35633   38638   44176   47280   51658   51573   57557
   52850   54656   50525   50086   44949   42324   35975   32989   27717   23820
   18630   15980   12504   10313    7760    6385    4577    3685    2802    2434
    1929    1756    1464    1441    1408    1311    1219    1202    1232    1241
    1221    1331    1235    1245    1206    1282    1282    1285    1250    1326
    1336    1349    1376    1392    1352    1545    1510    1739    1788    2023
    2146    2460    2680    3163    3416    4004    4401    5140    5331    6231
    6449    7374    7322    8016    8213    8491    7926    7995    7440    7459
    6503    6220    5666    5198    4482    4046    3494    3210    2677    2519
    2076    1901    1615    1508    1470    1426    1254    1317    1223    1262
    1152    1247    1202    1248    1162    1249    1304    1258    1280    1306
    1254    1318    1268    1330    1287    1283    1234    1334    1273    1297
    1267    1286    1237    1343    1298    1312    1201    1278    1213    1260
    1246    1225    1188    1233    1174    1308    1188    1235    1285    1225
    1211    1210    1196    1326    1145    1224    1234    1317    1203    1246
    1200    1284    1262    1349    1303    1286    1192    1272    1275    1356
    1366    1382    1391    1469    1405    1594    1559    1614    1587    1810
    1712    1814    1712    1799    1764    1837    1593    1769    1717    1657
    1507    1544    1498    1446    1336    1361    1220    1287    1221    1188
    1195    1284    1128    1196    1123    1190    1177    1108    1080    1092
    1096    1132    1086    1193    1040    1145    1111    1126    1076    1130
    1162    1200    1168    1201    1148    1296    1286    1402    1342    1470
    1545    1634    1767    1969    1854    2086    2154    2300    2336    2490
    2546    2586    2527    2600    2732    2601    2481    2390    2245    2261
    2043    1963    1879    1811    1577    1492    1457    1463    1289    1348
    1218    1210    1205    1190    1142    1180    1097    1136    1084    1128
    1108    1098    1118    1129    1065    1076    1139    1108    1119    1069
    1072    1158    1043    1072    1029    1033    1035    1032    1072    1108
    1007    1107    1021    1097    1071    1079    1043    1152    1006    1089
    1053    1115     999    1045    1031    1173    1035    1090    1108    1110
    1026    1067    1017    1059    1081    1042    1104    1100    1034    1082
    1118    1065     999    1128    1069    1177    1082    1227    1091    1187
    1194    1131    1184    1180    1171    1229    1218    1239    1199    1208
    1245    1208    1137    1143    1126    1148    1080    1078    1126    1138
    1085    1118    1071    1021     974    1036    1006    1016     988    1058
    1035    1069    1026     996    1056    1038    1007    1014    1015    1053
     977     988    1005    1055    1005    1013    1078    1068    1045    1079
    1047    1010    1069    1031    1033    1049    1031    1033     958    1073
     990    1028    1004     988     987     990     956     974    1025    1008
    1017     981    1042     986    1031    1021     975    1032    1034     992
    1021    1029     979    1009    1061    1042    1047    1020     993    1100
    1059    1069    1004    1124    1123    1120    1130    1147    1160    1215
    1214    1304    1175    1280    1161    1292    1226    1283    1222    1216
    1187    1188    1123    1231    1039    1158    1098    1106    1080    1110
    1035    1060    1080    1035     945    1001    1023    1053     992    1046
    1042    1026     975    1041    1012     976     989    1052     987    1073
     979    1030     996     971     956    1059    1019    1007     994    1018
     995     994    1000    1047     987    1066     976    1023    1001    1054
     945     988    1053    1046     960    1052    1025     964    1025    1089
    1077    1055     999    1041    1020    1015    1036    1070    1060    1049
     982    1027    1021    1027     976    1068    1058    1010     979    1017
     996    1036     927     982    1061    1009     989    1016     995    1076
    1020    1033    1053    1069     924    1035     973    1040     969    1090
     982     994     968    1032    1018    1059     961    1029    1015    1046
    1016     971    1047    1084    1107    1183    1180    1273    1182    1237
    1272    1325    1316    1343    1411    1499    1367    1525    1401    1506
    1459    1484    1521    1492    1387    1477    1426    1417    1352    1347
    1224    1188    1144    1157    1113    1084    1038    1092    1022    1058
     990     982     977     963     915     938     929    1032     925     940
     894     968     912     912     872     900     933     926     902     906
     918     952     903     924     853     910     933     902     871     859
     938     946     935     903     945     887     860     928    1035     990
     946     992     930    1068    1017    1018    1080    1066     991     967
    1042    1056     997    1047    1010    1063     993    1008     933     946
     939     992     966    1106     898     967     971     958     948     967
     937    1007     937     937     876     910     855     912     913     865
     832     887     846     863     919     925     829     906     810     885
     886     897     802     857     907     830     876     901     864     872
     892     892     909     945     833     946     903     926     894     865
     924    1017     953     958     970     977     894    1007     974    1001
     925     980     969    1018     977    1023     976     967     951    1019
     909     915     904     933     973     918     891     938     912     925
     817     812     867     814     830     855     935     843     836     899
     801     788     838     820     786     858     839     837     835     877
     797     825     813     811     770     789     837     846     784     794
     767     868     835     803     852     830     828     835     736     863
     808     820     851     821     852     849     876     876     824     825
     861     894     871     910     899     849     860     898     939    1020
     926     937     910     950     889     876     915     943     910     891
     936     973     875     948     800     822     807     849     799     784
     791     796     795     761     785     760     744     798     833     812
     798     813     726     722     733     795     713     690     814     775
     751     727     764     755     738     764     723     742     737     801
     729     798     747     739     734     810     730     726     767     775
     695     704     814     764     761     747     740     803     726     777
     804     776     742     758     729     740     720     763     748     778
     720     710     745     768     716     777     738     746     709     794
     694     772     713     708     719     708     709     687     703     745
     738     710     756     722     681     672     680     748     670     710
     701     690     627     701     726     732     695     717     693     714
     701     699     682     704     705     619     768     701     669     675
     647     723     680     695     711     660     635     693     674     684
     706     695     644     688     711     724     651     726     722     725
     719     726     734     738     811     761     751     824     793     774
     773     784     750     787     751     714     755     791     785     760
     749     802     731     764     793     755     700     714     718     765
     696     691     784     692     678     697     669     677     623     641
     681     681     624     712     682     679     674     696     662     646
     659     665     693     706     668     725     635     699     649     685
     647     614     653     642     598     684     598     684     642     664
     627     630     685     696     623     674     672     671     651     657
     662     666     645     647     665     638     628     632     623     675
     646     623     655     688     665     596     667     659     643     619
     644     649     622     619     656     658     601     667     605     636
     608     602     679     677     580     638     621     640     628     638
     622     640     670     688     643     629     592     623     656     666
     569     645     639     622     602     631     626     649     624     694
     592     652     590     565     686     605     600     584     640     619
     632     624     617     708     564     607     626     615     583     613
     603     569     607     633     601     633     635     567     660     630
     626     597     666     661     596     602     626     665     618     608
     657     633     638     656     617     624     608     627     639     677
     620     617     668     653     589     600     693     648     617     598
     649     710     641     648     647     725     649     668     653     654
     619     636     628     680     610     684     681     645     613     662
     659     677     636     669     700     658     608     645     678     690
     646     591     755     706     634     652     656     698     605     662
     662     684     666     679     677     721     648     660     720     758
     659     719     756     704     742     747     785     721     699     746
     737     713     723     752     816     781     731     777     776     795
     710     785     785     774     745     810     777     835     784     802
     815     876     893     916     852     910     877     903     929     941
     914     920    1013    1016     950    1001    1016    1058    1026    1132
    1168    1139    1102    1212    1221    1272    1266    1288    1278    1362
    1328    1485    1483    1530    1522    1569    1699    1716    1689    1786
    1894    2048    2079    2048    2168    2215    2198    2252    2577    2506
    2576    2643    2830    2856    2744    3012    3004    3177    3039    3247
    3263    3390    3331    3472    3607    3709    3554    3669    3768    3977
    3764    3878    4043    3998    3809    3949    4014    4110    3874    3770
    4315    3891    3820    3937    3978    3905    3692    3829    3803    3781
    3462    3473    3603    3547    3343    3417    3262    3294    2971    3013
    2942    2868    2764    2739    2645    2603    2426    2447    2241    2191
    2042    1942    2148    1902    1775    1788    1729    1696    1563    1562
    1544    1503    1369    1323    1306    1306    1197    1219    1160    1145
    1042    1102    1032    1081    1018     994    1034    1057     937    1027
    1047    1033    1032    1060    1142    1130    1094    1195    1265    1364
    1289    1492    1482    1536    1627    1612    1790    1818    1734    1936
    1983    2073    2025    2066    2151    2163    2140    2118    2212    2107
    2024    2082    2049    2029    1896    1843    1885    1832    1701    1710
    1618    1502    1383    1325    1274    1290    1100    1156     992     992
     826     838     763     713     698     694     682     653     595     611
     624     565     542     574     578     579     544  300280
