$Informacoes da Fluorescencia de Raios-X:
"Sample    : ACC-944",                                                                    
"Operator  : thiago",                                                                     
"Comment  : ",                                                                            
"Group     : thiago_acra2010ma",                                                          
"Date       : 2010-06-08 07:22:54",                                                       
"",                                                                                       
"Mesurement Condition",                                                                   
"------------------------------------------------------------------------------------",   
"Instrument : 700HS2   Atmosphere : Vac.   Collimator : 10(mm)   Spin : No",              
"------------------------------------------------------------------------------------",   
"Analyte               TG kV   uA      FI Acq.(keV)  Anal.(keV)  Time(sec)     DT(%)",    
"------------------------------------------------------------------------------------",   
"Na                    Rh 50  430-Auto Al  0 - 20    0.8 - 1.2   Live -  959   20",       
"Channel_info_start",                                                                     
"Channel : Na",                                                                           
"Points : 2048
"Range : 0.000000 - 20.480000",                                                           
"Step : 0.010000",                                                                        
"Channel_info_end",                                                                       
$DATA:
       0    2047
       0       0       0       0       0       0       0       0       0    2048
       0       0       0       0       0       0       0       0       0       0
       0       0       0       0       0       0       0       0       0       0
       0       0       0       0       0       0       0       6       3      13
     143     355     365     366     344     365     348     344     384     392
     369     377     330     397     350     372     338     360     345     372
     359     384     344     394     335     415     356     370     377     400
     362     392     426     437     395     450     381     434     408     461
     393     375     428     387     327     341     346     335     284     309
     297     381     346     362     332     366     313     302     341     320
     323     329     301     403     311     322     348     324     314     356
     354     348     315     352     301     331     341     368     322     349
     286     369     320     330     339     317     323     335     313     350
     359     324     289     353     304     302     332     366     302     303
     305     319     296     350     311     315     303     324     278     295
     286     316     322     322     271     307     264     293     305     319
     302     268     323     313     303     306     283     281     274     277
     282     290     251     283     292     319     276     277     296     275
     286     311     306     312     272     313     263     294     299     309
     281     277     250     258     265     271     258     285     253     287
     263     272     261     261     273     251     215     284     263     271
     270     287     252     268     248     290     286     280     254     260
     231     255     214     229     198     253     213     272     216     297
     245     236     224     246     222     236     209     256     213     255
     255     229     229     257     268     241     223     231     228     218
     214     227     213     226     203     207     201     212     231     252
     243     233     199     219     221     253     226     235     223     250
     239     280     268     272     270     256     289     312     289     319
     315     364     315     307     297     349     317     356     300     349
     331     348     317     300     303     326     297     284     262     304
     274     273     263     264     226     256     226     228     208     225
     217     227     204     253     238     237     198     217     227     219
     236     229     237     273     256     268     232     278     238     262
     245     282     241     292     263     265     273     286     304     334
     335     355     322     358     305     344     272     300     290     307
     274     286     273     243     246     261     250     261     275     307
     359     419     442     517     584     717     727     821     820     956
     962     965     863     951     920     884     730     747     681     606
     566     538     498     489     485     454     483     500     526     579
     622     694     711     759     715     789     720     802     811     781
     733     737     664     662     555     610     568     586     518     525
     519     495     540     570     517     541     527     557     534     566
     534     565     585     609     549     559     603     551     529     549
     548     564     495     511     587     561     571     583     569     627
     615     671     671     775     769     883     997    1182    1351    1837
    2102    2786    3221    4070    4790    5718    6396    7519    8083    8575
    8501    8822    8334    8381    7272    7040    6306    5517    4304    3784
    3005    2578    1924    1746    1429    1210    1000     995     859     927
     837     760     827     837     802     849     870     828     802     886
     997     985    1010    1121    1167    1346    1328    1584    1544    1729
    1766    1903    1866    1982    1899    1933    1754    1759    1542    1617
    1334    1398    1211    1183    1075    1095     986     991     946     946
     913    1103     917    1010     946     978     927    1065     984    1040
     936    1037     926    1050     995    1052     970    1089     957    1121
    1030    1087    1086    1179    1046    1233    1145    1224    1106    1126
    1127    1206    1094    1299    1193    1310    1275    1263    1183    1262
    1246    1231    1203    1310    1238    1275    1329    1366    1201    1438
    1251    1314    1275    1394    1320    1404    1311    1388    1386    1399
    1459    1422    1378    1593    1602    1669    1713    1955    2064    2139
    2246    2727    2823    3237    3381    3737    3817    4013    4100    4234
    4049    4324    3723    3827    3531    3487    3002    2923    2569    2545
    2247    2237    1998    1965    1859    1826    1777    1818    1803    1816
    1759    1773    1744    1839    1760    1895    1845    1846    1809    1893
    1858    1982    1866    1988    1934    2081    1906    2183    2121    2138
    2080    2198    2262    2425    2249    2458    2339    2581    2370    2785
    2526    2695    2496    2796    2729    2900    2654    2773    2769    2768
    2566    2564    2717    2640    2584    2612    2382    2516    2423    2538
    2418    2585    2450    2494    2510    2573    2436    2485    2409    2613
    2511    2603    2523    2553    2353    2590    2360    2631    2481    2651
    2532    2631    2523    2566    2582    2788    2565    2771    2685    2884
    2654    2945    2804    2867    2658    2896    2836    2982    2654    2776
    2766    2823    2668    2838    2775    2824    2661    2771    2621    2686
    2618    2728    2747    2711    2549    2751    2683    2746    2593    2799
    2542    2715    2531    2649    2581    2761    2724    2631    2677    2883
    2623    2681    2622    2769    2639    2738    2661    2786    2481    2630
    2683    2793    2523    2643    2822    2820    2577    2738    2648    2703
    2613    2918    2769    2766    2575    2754    2670    2855    2578    2828
    2784    2893    2665    2690    2683    2756    2670    2791    2943    2829
    2649    2812    2758    2914    2720    2954    2803    2914    2734    2910
    2855    2957    2812    3045    3005    3061    2849    3064    2967    3263
    2908    3180    3203    3187    3060    3193    3175    3265    3188    3344
    3336    3376    3185    3298    3429    3255    3108    3243    3097    3195
    3064    3111    3014    3027    2800    3058    2830    2901    2781    2940
    2829    2829    2770    2703    2817    2757    2678    2707    2718    2861
    2688    2885    2774    2842    2643    2810    2622    2719    2630    2735
    2708    2761    2533    2714    2779    2742    2744    2788    2640    2834
    2563    2731    2744    2807    2737    2797    2761    3000    2714    2893
    2780    2974    2690    2871    2794    2848    2700    2872    2718    2838
    2702    2941    2735    2830    2607    2746    2744    2741    2649    2807
    2685    2753    2714    2750    2717    2849    2716    2666    2764    2910
    2605    2703    2653    2730    2676    2846    2668    2761    2598    2814
    2634    2739    2597    2779    2639    2757    2588    2648    2648    2706
    2546    2725    2590    2795    2578    2651    2558    2686    2601    2699
    2800    2730    2544    2669    2626    2808    2669    2703    2631    2799
    2651    2798    2541    2658    2564    2712    2591    2760    2483    2686
    2725    2767    2541    2601    2653    2690    2542    2614    2623    2778
    2590    2679    2584    2672    2666    2720    2640    2765    2602    2571
    2775    2710    2626    2710    2570    2678    2687    2766    2623    2766
    2475    2778    2621    2779    2429    2862    2660    2813    2485    2721
    2619    2636    2716    2739    2702    2738    2572    2737    2740    2775
    2595    2758    2690    2732    2612    2702    2623    2643    2681    2765
    2649    2766    2531    2657    2637    2710    2638    2685    2670    2668
    2555    2787    2608    2746    2698    2646    2748    2695    2639    2698
    2712    2675    2738    2793    2540    2744    2497    2697    2663    2628
    2503    2693    2662    2683    2494    2623    2653    2736    2612    2900
    2584    2822    2666    2813    2582    2742    2564    2709    2775    2786
    2603    2775    2728    2652    2558    2671    2653    2765    2561    2758
    2667    2789    2619    2732    2729    2737    2685    2662    2570    2808
    2641    2727    2583    2624    2588    2701    2695    2659    2621    2710
    2614    2718    2595    2638    2727    2692    2599    2754    2717    2808
    2658    2711    2598    2686    2631    2718    2742    2740    2497    2701
    2817    2689    2612    2795    2601    2668    2585    2781    2642    2711
    2553    2631    2591    2673    2555    2668    2649    2578    2559    2714
    2753    2765    2452    2689    2595    2857    2669    2732    2613    2747
    2534    2702    2656    2721    2580    2754    2619    2683    2575    2669
    2642    2658    2612    2648    2687    2680    2550    2558    2680    2699
    2686    2813    2563    2685    2538    2716    2544    2739    2417    2566
    2639    2685    2571    2602    2599    2582    2471    2712    2603    2666
    2439    2620    2552    2659    2458    2627    2650    2678    2561    2626
    2558    2659    2548    2665    2591    2630    2450    2581    2581    2545
    2491    2573    2511    2678    2480    2514    2468    2654    2490    2643
    2541    2585    2484    2503    2463    2600    2560    2551    2636    2554
    2442    2623    2536    2590    2501    2675    2562    2617    2462    2581
    2521    2538    2398    2513    2480    2628    2404    2573    2454    2453
    2328    2556    2495    2570    2362    2413    2516    2583    2399    2432
    2465    2552    2434    2544    2454    2535    2365    2422    2474    2594
    2373    2489    2382    2474    2411    2437    2416    2551    2513    2357
    2426    2434    2345    2482    2514    2387    2325    2471    2406    2515
    2374    2425    2555    2415    2286    2452    2441    2505    2387    2443
    2556    2503    2330    2429    2415    2481    2313    2375    2339    2462
    2346    2515    2432    2404    2330    2501    2279    2511    2313    2327
    2395    2446    2321    2341    2466    2438    2308    2442    2383    2275
    2272    2414    2414    2387    2259    2443    2378    2502    2255    2435
    2271    2443    2311    2334    2317    2424    2214    2415    2281    2316
    2182    2331    2334    2465    2177    2402    2467    2387    2314    2302
    2307    2294    2324    2356    2259    2337    2269    2366    2183    2413
    2246    2287    2202    2298    2232    2279    2241    2416    2276    2380
    2288    2251    2294    2299    2228    2272    2255    2365    2304    2278
    2220    2380    2251    2280    2190    2219    2338    2408    2232    2218
    2290    2356    2268    2265    2299    2345    2151    2219    2154    2232
    2193    2276    2260    2304    2063    2192    2194    2231    2200    2250
    2219    2228    2159    2135    2206    2247    2201    2256    2253    2300
    2115    2173    2143    2221    2170    2142    2222    2242    2083    2139
    2204    2186    2077    2265    2099    2346    2157    2135    2198    2229
    2040    2081    2253    2142    2071    2155    2115    2241    2162    2073
    2175    2172    2047    2131    2118    2090    2075    2135    2173    2255
    1964    2143    2120    2207    2189    2184    2148    2221    2090    2160
    2115    2160    2082    2082    2092    2111    2071    2094    2044    2159
    2049    2093    2182    2131    2071    2113    2165    2171    2025    2087
    2125    1986    1944    2046    2152    2075    2067    2047    1997    2161
    1996    2093    2077    2115    1988    2010    2074    2105    1992    1971
    1973    2063    1955    2006    2164    2055    1904    2105    2057    2100
    2006    2036    1947    2014    1917    1995    2114    2003    1948    2038
    1995    2032    2004    1996    1885    2011    1955    1969    2030    2021
    1996    1898    1942    2023    1996    1906    2153    1996    1885    2017
    1928    2040    1919    2044    1955    1978    1940    2013    1948    2033
    1890    2050    1991    1976    1855    1981    1878    2010    1945    1849
    1899    1929    1842    2001    2017    2094    1868    1848    1994    2061
    1962    2080    1876    1940    1788    1883    1884    1956    1864    1842
    1811    2012    1845    1850    1870    1972    1818    1788    1903    1888
    1866    1847    1948    1868    1730    1894    1908    1963    1763    1898
    1876    1984    1724    1954    1830    1924    1769    1840    1894    1846
    1762    1864    1836    2010    1856    1915    1796    1807    1829    1850
    1832    1821    1913    1841    1896    1895    1816    1893    1771    1858
    1783    1799    1916    1867    1723    1834    1832    1952    1776    1829
    1813    1815    1757    1854    1735    1845    1785    1812    1758    1837
    1747    1816    1796    1864    1841    1770    1890    1792    1780    1828
    1813    1873    1719    1809    1857    1849    1776    1805    1809    1852
    1787    1818    1817    1756    1788    1889    1761    1904    1689    1809
    1698    1817    1746    1825    1767    1859    1751    1793    1817    1822
    1703    1717    1790    1790    1825    1720    1798    1838    1693    1781
    1751    1852    1671    1754    1787    1871    1758    1764    1779    1808
    1719    1730    1772    1841    1689    1740    1770    1768    1782    1750
    1832    1764    1658    1810    1753    1792    1698    1675    1913    1759
    1661    1754    1703    1844    1776    1768    1799    1823    1759    1789
    1740    1819    1711    1806    1777    1817    1694    1885    1859    1811
    1689    1686    1835    1909    1751    1760    1694    1819    1746    1738
    1813    1805    1730    1780    1764    1741    1846    1819    1789    1864
    1809    1797    1837    1838    1785    1855    1813    1811    1756    1838
    1873    1933    1887    1753    1856    1871    1764    1826    1894    1868
    1835    1761    2022    1859    1856    1936    1834    1946    1944    1888
    1894    1904    1878    1966    1885    1942    1836    1971    1903    1976
    1945    2027    1916    2089    1967    2066    1983    2100    1878    2149
    2067    2089    2050    2103    2196    2142    1978    2147    2216    2207
    2070    2109    2253    2153    2180    2258    2179    2326    2209    2320
    2340    2395    2308    2347    2470    2432    2411    2423    2487    2605
    2481    2558    2568    2686    2595    2706    2766    2956    2795    2955
    3008    3094    2949    3151    3322    3434    3217    3353    3625    3755
    3766    3884    4129    4127    4116    4548    4491    4782    4723    5056
    5346    5502    5513    5788    6198    6386    6397    6477    7390    7335
    7236    7704    7987    8347    8536    8566    9295    9777    9541    9874
   10417   10625   10307   11021   11324   11369   11309   11615   11871   12287
   11935   12089   12808   12858   12722   12663   12686   12996   12674   12604
   13651   12884   12282   12613   12434   12525   12000   11971   12043   11618
   11224   11393   11231   10776   10455   10362   10089   10026    9266    9172
    9033    8898    8174    8032    7953    7713    6994    6962    6691    6658
    6189    5904    6170    5731    5308    5242    5016    4801    4457    4455
    4378    4238    3798    3748    3667    3700    3484    3357    3330    3194
    2972    2946    2991    2940    2773    2650    2740    2755    2565    2539
    2639    2711    2521    2482    2837    2706    2642    2749    2807    2981
    2914    2999    3260    3295    3389    3516    3697    3842    3908    4093
    4198    4276    4271    4476    4496    4725    4611    4819    5151    5097
    4794    5000    4903    4970    4744    4526    4981    4560    4275    4275
    4237    3989    3756    3729    3688    3492    3298    3063    2879    2872
    2565    2569    2511    2291    2210    2027    2033    1938    1728    1688
    1752    1768    1659    1558    1602    1577    1566  879846
