$Informacoes da Fluorescencia de Raios-X:
"Sample    : ACC-952",                                                                    
"Operator  : thiago",                                                                     
"Comment  : ",                                                                            
"Group     : thiago_acra2010ma",                                                          
"Date       : 2010-06-08 10:23:20",                                                       
"",                                                                                       
"Mesurement Condition",                                                                   
"------------------------------------------------------------------------------------",   
"Instrument : 700HS2   Atmosphere : Vac.   Collimator : 10(mm)   Spin : No",              
"------------------------------------------------------------------------------------",   
"Analyte               TG kV   uA      FI Acq.(keV)  Anal.(keV)  Time(sec)     DT(%)",    
"------------------------------------------------------------------------------------",   
"Na                    Rh 50  378-Auto Al  0 - 20    0.8 - 1.2   Live -  959   19",       
"Channel_info_start",                                                                     
"Channel : Na",                                                                           
"Points : 2048
"Range : 0.000000 - 20.480000",                                                           
"Step : 0.010000",                                                                        
"Channel_info_end",                                                                       
$DATA:
       0    2047
       0       0       0       0       0       0       0       0       0    2048
       0       0       0       0       0       0       0       0       0       0
       0       0       0       0       0       0       0       0       0       0
       0       0       0       0       0       0       0       3       0       7
      84     169     179     171     160     187     147     158     158     162
     176     184     171     182     187     181     195     198     188     208
     198     227     234     212     213     240     232     246     210     208
     193     241     199     206     206     195     181     193     194     199
     180     197     172     208     197     173     169     190     191     212
     237     210     193     260     266     327     331     321     344     347
     299     313     252     224     228     218     191     185     197     210
     255     251     252     273     255     274     241     253     253     236
     200     220     195     214     175     196     209     243     272     266
     319     384     366     421     453     492     442     495     388     424
     393     329     322     325     293     330     341     391     445     715
     966    1324    1753    2509    2832    3681    4084    4753    4783    5091
    4609    4560    3921    3410    2743    2372    1894    1642    1312    1211
    1040    1174    1339    1983    2771    4319    6097    9051   12173   16148
   19073   23503   25220   28378   27279   28862   24054   23026   18357   15666
   11626    9065    6255    4768    3305    2476    1778    1402    1257    1072
     974     909     884     871     750     814     830     787     755     762
     698     666     630     594     538     510     482     421     422     426
     394     358     351     372     395     425     417     445     494     571
     697     908     980    1363    1756    2201    2384    3064    3345    3796
    3795    3918    3793    3597    3237    2919    2429    1950    1520    1375
     979     848     834     743     716     697     670     794     796     995
    1080    1389    1725    2508    3051    4489    5072    6781    7908    9624
   10152   11258   11194   11645   10474   10038    8406    7480    5755    4881
    3634    2979    1966    1671    1281    1279    1189    1168    1137    1296
    1408    1487    1304    1408    1256    1305    1133    1020     787     767
     635     637     513     488     456     378     404     435     401     466
     426     441     391     477     447     457     470     475     508     529
     527     574     604     663     727     801     973    1288    1531    2195
    2971    4168    5690    7764    9685   13035   14960   18858   20420   23512
   24247   26087   24931   25238   22145   21801   17086   15464   11643    9585
    6946    5538    3717    2800    2039    1581    1211    1139    1112    1304
    1495    1822    2239    2798    3283    4234    5210    6585    7684   10168
   12408   15833   18517   23021   26145   30841   32287   37066   37367   39050
   35908   36040   32255   29823   24913   21036   16950   13672    9606    7341
    5315    3786    2495    1919    1201     941     764     753     795     923
    1125    1315    1575    2067    2348    2971    3290    3905    4096    4829
    4593    5136    4783    4727    4330    4154    3391    3079    2584    2161
    1715    1399    1011     877     664     530     425     401     363     335
     297     358     276     306     276     334     330     337     335     358
     308     382     355     448     442     579     682     943    1139    1556
    2069    2724    3358    4084    4940    6025    6580    7581    8329    8934
    8461    8965    8781    8452    7495    7075    6205    5473    4401    3738
    3070    2723    2043    1831    1415    1259    1068    1005     860     884
     752     714     679     713     628     657     667     748     698     792
     810     905     998    1166    1226    1323    1398    1552    1537    1727
    1762    1805    1847    1927    1813    1829    1702    1607    1377    1416
    1174    1142     963     891     811     724     678     674     601     625
     557     623     578     593     553     629     616     672     654     677
     646     672     669     715     693     716     674     717     621     725
     708     750     739     805     766     807     848     893     848     867
     933     933     899     926     912     853     836     851     778     786
     766     717     760     757     670     727     693     703     695     723
     748     714     714     713     733     774     696     749     763     762
     745     779     798     833     826     975     974    1180    1193    1406
    1500    1860    1927    2254    2304    2550    2561    2726    3020    2941
    2814    2977    2651    2671    2386    2422    2159    1938    1683    1534
    1487    1326    1271    1224    1092    1183    1098    1187    1166    1173
    1124    1223    1290    1255    1362    1372    1510    1759    1961    2458
    2940    4016    5098    7118    9264   13295   16562   22374   28262   37092
   44280   55404   66064   78706   84624   97671  106387  116322  115844  128814
  118805  121356  109621  107733   95183   88918   73810   66490   54410   46106
   35489   29128   22226   17158   12406    9879    6947    5191    3633    2855
    2141    1831    1456    1345    1151    1212    1170    1064    1063    1096
    1045    1127    1088    1098    1134    1062    1045    1177    1154    1210
    1179    1273    1295    1384    1426    1679    1625    2021    2126    2567
    2853    3567    4169    5072    5810    7053    8228    9766   10543   12123
   13015   14483   14645   15982   16515   16631   15784   15811   14939   14218
   12340   11800   10404    9234    7462    6533    5434    4657    3700    3154
    2423    2057    1642    1420    1332    1243     990     996     979    1011
     895     901     895     913     922     853     921     918     815     950
     911     976     978    1012     942    1057     978    1035    1006    1073
     929    1082     986     942     940    1022     883     937     930     847
     909     938     863     884     927     907     870     873     909     947
     863     890     915     954     892     969     927     931     952     941
     889    1020     912    1005     873     948     932     957     958    1029
    1034    1012    1052    1156    1063    1156    1153    1239    1196    1290
    1256    1360    1276    1382    1370    1430    1271    1348    1203    1269
    1231    1164    1104    1111    1079    1049     941    1010     939     947
     974     927     924     898     917     905     802     820     888     901
     819     876     858     883     789     857     830     872     836     865
     836     905     829     905     973    1058     994    1058    1096    1208
    1257    1447    1454    1568    1722    1858    1938    2040    2093    2344
    2322    2477    2307    2433    2490    2397    2078    2091    2077    2027
    1837    1654    1599    1482    1299    1269    1153    1086     973    1031
     965     952     873     860     895     900     856     907     900     883
     841     826     848     876     879     874     921     828     855     866
     823     885     843     870     860     892     751     817     798     881
     799     900     826     844     806     880     904     955     860     898
     895     867     851     905     895     913     824     892     813     895
     848     886     885     919     884     826     787     832     795     892
     855     927     888     879     823     853     851     910     950     946
     883    1001     946    1021     977    1036    1001    1016     935    1010
    1088     973     919     977     914     973     907     948     930     896
     879     886     867     838     783     880     790     816     789     770
     762     799     782     768     821     819     767     794     813     815
     779     761     807     811     764     817     828     909     785     816
     827     879     809     848     876     824     787     876     843     882
     804     861     848     845     792     824     899     843     778     804
     792     848     768     828     842     813     842     813     762     858
     743     826     783     841     763     823     865     881     847     894
     870     889     867     942     943    1029     946     963     980     956
     951    1020    1033    1021     975    1026    1059    1071    1022     988
     993     955     907     914     907     875     865     970     867     867
     849     799     837     820     795     797     819     802     758     773
     752     799     754     758     828     795     707     782     853     795
     721     794     762     763     725     787     796     800     732     797
     764     816     736     787     734     781     767     744     769     758
     766     751     774     741     787     754     746     806     687     750
     820     786     707     757     761     779     754     702     772     733
     734     824     755     754     715     735     727     732     708     748
     732     697     720     702     707     762     732     733     752     768
     729     699     739     769     715     708     754     768     689     735
     707     710     655     727     722     807     710     813     751     698
     725     735     763     817     760     827     837     899     834     919
     914    1070     943    1034    1011    1061    1054    1083    1091    1165
    1017    1121    1130    1054     998    1016    1035     964     949     895
     947     920     884     867     844     843     731     772     758     739
     686     723     664     724     676     696     739     688     696     678
     691     705     657     654     692     642     707     724     656     693
     647     692     672     678     623     682     652     644     669     714
     697     727     652     689     631     704     729     679     779     774
     647     755     772     787     748     780     760     780     841     817
     839     826     755     826     843     895     795     820     792     865
     808     786     874     851     780     820     782     845     789     813
     819     811     738     758     796     763     699     748     720     717
     674     746     763     745     649     713     687     664     583     640
     679     685     645     625     686     651     654     635     633     627
     639     670     683     677     647     640     593     736     707     706
     660     751     761     679     724     733     726     813     828     874
     800     805     845     835     852     808     877     828     782     883
     813     865     755     826     885     843     743     734     734     699
     613     702     703     712     644     641     672     655     585     691
     614     622     591     601     567     642     567     561     579     605
     528     584     602     593     571     585     601     564     597     621
     566     619     555     597     554     576     551     625     619     563
     605     658     657     617     666     674     694     726     752     720
     786     921     759     861     862     907     873     945     998    1043
     908    1015    1007    1013    1031     963    1035    1001     926     863
     901     898     858     805     811     751     651     708     740     680
     620     679     602     633     572     588     529     555     569     571
     584     562     557     571     555     561     537     584     563     554
     503     518     519     575     513     515     546     570     544     570
     539     593     536     517     538     591     478     581     570     564
     578     539     604     573     528     554     597     611     538     646
     574     595     532     582     631     597     602     593     608     593
     571     574     595     626     566     602     573     599     542     575
     563     582     554     547     584     564     516     533     553     552
     526     544     532     581     501     556     553     544     541     520
     538     505     504     545     524     527     485     516     535     536
     523     527     487     525     530     478     555     535     494     536
     495     524     467     504     515     518     528     546     518     567
     526     570     535     562     569     544     576     618     583     567
     650     631     654     693     678     686     646     731     713     780
     713     787     774     748     760     757     796     766     727     724
     704     699     725     701     689     670     644     714     693     626
     585     562     600     536     513     556     552     561     497     537
     583     503     486     523     471     507     464     515     488     505
     473     452     513     489     450     464     470     489     466     459
     516     476     494     475     511     468     432     431     533     483
     453     451     511     522     469     432     456     504     445     505
     490     481     449     482     481     462     453     481     506     492
     483     478     460     501     458     471     509     489     518     426
     501     532     447     523     514     456     466     458     398     503
     450     478     441     499     458     462     440     448     449     463
     434     445     452     438     414     476     429     462     459     489
     383     482     448     438     429     453     490     457     439     466
     444     451     461     516     456     485     445     426     429     445
     440     473     413     430     423     442     443     416     461     419
     452     456     431     426     434     487     451     413     457     432
     419     424     466     476     473     425     450     433     476     441
     472     445     421     454     444     456     421     503     428     511
     442     475     426     501     433     471     470     448     487     464
     528     490     435     473     513     487     503     489     503     487
     467     471     466     486     523     494     472     489     436     486
     468     462     488     469     496     471     462     487     490     477
     443     462     460     489     516     501     472     525     432     431
     508     526     468     476     509     488     454     513     496     517
     467     501     486     500     469     503     548     479     513     491
     514     522     511     535     519     541     490     583     572     570
     492     569     541     557     566     537     605     597     603     557
     617     628     584     578     597     572     584     646     632     661
     626     618     666     672     696     727     772     720     719     746
     721     801     779     783     856     795     860     853     882     874
     952     955    1033    1010    1030    1097    1137    1171    1146    1143
    1253    1387    1341    1391    1401    1422    1445    1571    1811    1707
    1680    1796    1803    1882    1921    1885    2129    2076    2022    2194
    2346    2179    2266    2364    2436    2455    2322    2519    2536    2557
    2507    2505    2637    2602    2591    2552    2627    2704    2724    2655
    2845    2656    2603    2603    2551    2532    2509    2612    2532    2460
    2270    2407    2387    2363    2214    2246    2094    2120    1988    2002
    1966    1985    1821    1793    1832    1756    1572    1603    1561    1487
    1398    1330    1461    1289    1206    1236    1213    1138    1057    1080
    1010     959     939     900     947     868     807     837     802     792
     771     726     725     716     702     687     691     691     680     748
     727     733     809     746     889     908     794     948     985    1004
     969    1037    1158    1238    1232    1289    1387    1426    1455    1434
    1548    1599    1624    1583    1645    1659    1664    1625    1689    1769
    1636    1575    1638    1594    1537    1371    1513    1356    1284    1240
    1247    1172    1064     977     993     904     864     732     750     695
     649     591     617     536     486     476     478     454     440     434
     463     438     394     381     409     414     404  207022
