$Informacoes da Fluorescencia de Raios-X:
"Sample    : ACC-919",                                                                    
"Operator  : thiago",                                                                     
"Comment  : ",                                                                            
"Group     : thiago_acra2010ma",                                                          
"Date       : 2010-06-07 22:20:41",                                                       
"",                                                                                       
"Mesurement Condition",                                                                   
"------------------------------------------------------------------------------------",   
"Instrument : 700HS2   Atmosphere : Vac.   Collimator : 10(mm)   Spin : No",              
"------------------------------------------------------------------------------------",   
"Analyte               TG kV   uA      FI Acq.(keV)  Anal.(keV)  Time(sec)     DT(%)",    
"------------------------------------------------------------------------------------",   
"Na                    Rh 50 1000-Auto Al  0 - 20    0.8 - 1.2   Live -  959   19",       
"Channel_info_start",                                                                     
"Channel : Na",                                                                           
"Points : 2048
"Range : 0.000000 - 20.480000",                                                           
"Step : 0.010000",                                                                        
"Channel_info_end",                                                                       
$DATA:
       0    2047
       0       0       0       0       0       0       0       0       0    2048
       0       0       0       0       0       0       0       0       0       0
       0       0       0       0       0       0       0       0       0       0
       0       0       0       0       0       0       0       2       3       8
      95     197     213     192     200     209     196     203     195     218
     186     186     186     207     186     173     192     220     218     227
     245     257     266     283     309     341     270     326     266     292
     319     321     292     317     313     278     308     330     314     325
     274     317     271     260     220     239     209     229     227     244
     244     270     266     285     318     302     307     346     336     357
     295     316     289     284     263     255     280     283     244     260
     282     307     289     311     280     350     318     275     305     265
     264     252     248     228     234     238     210     261     244     297
     316     331     352     402     377     399     394     461     404     385
     377     348     314     308     347     359     339     449     442     619
     865    1106    1380    2015    2162    2614    2838    3063    3166    3476
    3067    3133    2787    2597    2175    2004    1628    1336    1135    1131
     892    1120    1250    1667    2381    3474    4549    6435    8197   10318
   11571   13340   14467   15909   15236   16230   14255   13713   11346   10156
    7919    6375    4652    3659    2552    2058    1484    1259    1051     989
     854     872     782     821     793     813     815     807     720     726
     780     722     694     659     564     571     519     564     495     521
     457     441     438     451     441     479     535     609     624     852
     988    1302    1555    2135    2504    3223    3535    4317    4450    5180
    5037    5283    5071    4842    4307    4093    3404    3044    2303    2041
    1510    1306    1057     932     892     873     869     914     929    1065
    1275    1456    1948    2522    3063    4396    4665    6040    6521    7894
    8327    9029    8952    9194    8528    8311    6862    6462    5416    4593
    3422    2893    1983    1721    1364    1294    1080    1167    1047    1163
    1192    1294    1109    1119    1159    1089     974     991     828     751
     640     646     543     493     442     442     436     460     448     426
     433     415     425     488     480     471     445     455     518     532
     512     581     637     624     637     868     997    1266    1588    2461
    3176    4232    5477    7451    9031   11656   13305   16058   17242   19602
   19497   20687   20467   20465   18458   17880   14918   13328   10676    8837
    6697    5404    3800    2987    2125    1710    1299    1239    1173    1401
    1557    1869    2161    2717    3206    4238    5231    6761    8035   10387
   12736   15695   17881   22130   24511   28674   29597   33695   32662   34861
   32133   32246   29647   27706   22894   20472   16611   13616   10148    7976
    5757    4339    3027    2241    1571    1247    1016    1004     972    1140
    1275    1521    1699    2133    2480    2912    3300    3687    3914    4344
    4267    4637    4271    4235    4047    3940    3279    3025    2623    2186
    1768    1493    1148     923     745     665     527     474     438     403
     408     412     358     392     389     388     357     426     425     464
     435     472     457     497     519     642     727     962    1130    1325
    1811    2240    2625    3195    3820    4450    4802    5414    5804    6267
    5953    6208    5975    5990    5362    5244    4498    4037    3322    3025
    2522    2182    1832    1582    1281    1181    1079    1025     951     860
     772     753     742     741     716     730     789     790     768     838
     899     880     922    1071    1090    1241    1139    1342    1352    1474
    1467    1571    1514    1559    1545    1534    1427    1412    1251    1272
    1126    1074     938     933     910     810     733     744     681     674
     728     749     624     705     693     723     720     705     722     722
     746     755     684     769     771     783     762     839     790     836
     876     869     810     911     856     956     957     987     981     979
    1043    1042    1025    1018    1075    1068     928    1019     961     950
     891     971     928     915     878     934     892     923     903     941
     895     833     869     948     944     897     937     933     904     979
     899     990     953    1066     987    1155    1193    1339    1301    1360
    1464    1689    1724    1917    1939    2133    2103    2320    2195    2402
    2323    2399    2218    2228    2000    2007    1816    1896    1601    1661
    1464    1441    1318    1305    1334    1257    1272    1251    1286    1292
    1282    1391    1404    1431    1454    1597    1775    1822    2286    2692
    3247    4273    5297    7477    9434   12867   15943   20981   26570   33722
   38904   47829   56050   65730   69947   79892   86306   93176   91661  102922
   94712   95743   87467   85960   76761   71843   60540   55198   45492   39329
   30148   25575   19859   15876   11429    9235    6678    5471    3706    3209
    2491    2090    1760    1693    1583    1564    1435    1427    1390    1424
    1337    1379    1417    1408    1423    1497    1477    1445    1410    1532
    1489    1654    1636    1720    1727    1894    1947    2256    2408    2839
    3082    3745    4230    4996    5476    6583    7431    8661    9089   10466
   11226   12480   12394   13239   13682   13829   12747   13138   12348   11784
   10516    9892    8973    8144    6640    5989    5069    4496    3612    3238
    2611    2464    2075    1838    1724    1582    1441    1439    1394    1413
    1251    1326    1279    1314    1327    1328    1362    1377    1305    1316
    1405    1410    1327    1305    1419    1419    1317    1412    1376    1433
    1294    1379    1354    1408    1322    1420    1305    1358    1315    1245
    1348    1324    1271    1342    1373    1345    1316    1332    1339    1358
    1267    1360    1282    1373    1294    1398    1326    1351    1261    1342
    1376    1431    1362    1391    1380    1401    1389    1458    1474    1518
    1467    1589    1610    1642    1727    1748    1811    1959    1850    2063
    1996    2095    2019    2103    2123    2091    1827    2003    1825    1846
    1731    1821    1571    1638    1474    1555    1487    1410    1323    1382
    1229    1288    1297    1305    1236    1279    1178    1189    1259    1262
    1196    1270    1213    1160    1145    1194    1179    1231    1191    1275
    1188    1349    1162    1292    1328    1395    1348    1452    1499    1606
    1630    1728    1892    2163    2073    2241    2438    2551    2547    2659
    2667    2838    2790    2917    2783    2753    2511    2539    2397    2333
    2057    2097    1954    1908    1738    1605    1548    1579    1356    1396
    1383    1336    1205    1282    1210    1260    1210    1258    1276    1285
    1287    1296    1239    1229    1266    1306    1277    1155    1158    1260
    1164    1238    1118    1168    1168    1176    1179    1144    1091    1183
    1166    1150    1193    1232    1107    1210    1155    1194    1192    1217
    1241    1202    1157    1173    1158    1197    1136    1221    1185    1225
    1149    1200    1064    1184    1075    1157    1179    1181    1155    1142
    1230    1187    1192    1195    1202    1207    1194    1214    1346    1320
    1241    1325    1320    1332    1297    1328    1304    1311    1295    1278
    1373    1343    1258    1217    1212    1267    1195    1240    1210    1235
    1142    1150    1145    1233    1092    1213    1098    1165    1065    1104
    1107    1153    1081    1147    1107    1144    1066    1073    1110    1169
    1072    1131    1206    1159    1069    1162    1111    1174    1139    1074
    1176    1186    1131    1102    1119    1187    1035    1064    1107    1145
    1080    1083    1148    1163    1127    1148    1138    1176    1089    1109
    1100    1169    1131    1094    1177    1136    1028    1142    1126    1176
    1111    1186    1104    1178    1132    1119    1121    1110    1148    1187
    1174    1225    1181    1342    1219    1327    1211    1316    1316    1326
    1290    1352    1332    1408    1315    1386    1361    1351    1276    1322
    1332    1219    1189    1249    1176    1247    1110    1187    1166    1172
    1084    1066    1144    1120    1116    1125    1138    1094    1083    1153
    1157    1148    1128    1166    1047    1140    1129    1136    1099    1146
    1085    1144    1065    1186    1054    1156    1163    1150    1107    1078
    1062    1119    1047    1131    1095    1109    1093    1080    1126    1085
    1014    1078    1148    1120    1047    1051    1065    1181    1043    1106
    1083    1109    1088    1122    1130    1120    1057    1078    1147    1081
    1032    1117    1065    1147    1060    1029    1066    1031    1012    1136
    1029    1094     990    1025    1076    1084    1014    1013    1025    1089
    1012    1071    1056    1022    1008    1057    1055    1111    1012    1104
    1073    1118    1087    1102    1025    1076    1118    1187    1102    1289
    1223    1372    1320    1430    1414    1584    1617    1737    1737    1850
    2026    2070    2141    2232    2292    2510    2374    2531    2558    2511
    2413    2533    2452    2557    2250    2292    2319    1997    2039    1985
    1816    1766    1668    1606    1511    1460    1226    1234    1195    1165
    1120    1167    1051    1052    1008     990    1119    1023    1009     975
    1028    1024     993     971    1019    1031     971     930     981    1043
     935    1056     962     969     941     990     982     958    1008     942
     985    1006     927    1031    1028    1066     952     989    1057    1089
    1053    1083    1092    1091    1041    1078    1057    1113    1065    1111
    1074    1175    1057    1186    1022    1153    1035    1070    1070    1136
    1134    1108    1106    1122    1082    1108    1108    1051     981    1064
    1050    1055     943     991    1015    1083    1004    1025    1072     974
     970     963     937     990     956     957     944     933     961    1042
     996     940     959     954     972     948     940     943     900    1019
     974     993     995    1010    1001    1081    1055    1117    1074    1167
    1094    1158    1141    1224    1232    1216    1170    1145    1235    1224
    1115    1233    1282    1198    1210    1194    1183    1177    1176    1136
    1191    1167    1118    1117    1072    1081     990     993     971    1025
     905     949    1005     949     818     958     934     933     883     961
     875     966     857     934     918     872     912     875     803     937
     867     885     855     840     825     824     909     844     871     888
     875     864     781     881     881     903     824     827     922     930
     809     888     923     960     901     862     937     965     986     961
    1005     987     982    1035    1069    1069    1119    1069    1115    1102
    1112    1147    1091    1179    1131    1166    1110    1134    1051    1084
    1031    1079    1042     997     930    1029     987     971     942     906
     968     929     909     840     871     802     855     899     791     767
     830     811     764     865     799     892     791     841     844     796
     803     800     817     824     821     811     809     786     808     869
     783     831     837     828     829     896     797     865     831     825
     835     778     862     828     765     866     800     867     784     778
     782     853     839     771     840     860     827     765     802     837
     773     789     819     799     790     836     849     836     762     799
     799     788     794     725     874     781     794     798     781     790
     749     752     744     744     714     713     763     772     760     768
     821     751     707     773     797     764     724     767     754     736
     726     700     755     758     699     678     865     790     706     732
     775     778     698     754     754     747     723     735     705     788
     730     756     798     794     783     820     801     856     829     843
     828     911     860     839     938     876     932     942     867     924
     887     909     902     970     901     949     935     957     886    1008
     919     881     830     953     874     909     801     865     824     840
     769     777     780     803     708     772     700     739     722     794
     723     725     671     750     732     653     718     741     706     681
     689     723     706     713     689     725     666     716     693     678
     762     707     679     700     725     764     673     733     709     715
     685     725     693     628     689     716     661     720     695     687
     754     688     676     684     702     684     670     627     667     690
     647     717     722     714     675     695     713     731     717     698
     670     683     667     704     694     647     681     677     713     735
     648     624     717     724     674     712     704     652     686     694
     621     714     664     631     673     645     650     660     714     717
     702     641     671     661     689     636     684     678     624     659
     622     653     665     673     677     684     648     671     642     675
     630     657     684     686     599     646     704     662     659     626
     709     650     652     623     675     695     633     659     674     686
     667     690     631     670     688     695     685     712     631     697
     736     651     615     667     704     690     585     664     629     713
     679     758     671     706     660     667     740     678     671     656
     760     712     662     681     709     715     667     690     727     659
     687     667     709     720     677     696     728     749     639     696
     678     692     659     696     721     702     696     740     704     783
     725     639     789     708     700     709     740     730     711     696
     709     756     708     737     741     763     697     731     762     755
     749     717     784     773     749     812     758     751     774     726
     752     734     777     787     808     816     777     818     829     878
     771     828     899     843     802     877     847     890     843     893
     906     904     841     881     937     988     835     948    1003     985
     999    1005    1008    1125    1035    1053    1110    1141    1057    1164
    1234    1197    1222    1194    1352    1285    1264    1403    1411    1475
    1557    1552    1625    1588    1589    1786    1775    1826    1877    1963
    2095    2108    2034    2257    2360    2319    2387    2369    2773    2709
    2656    2693    2884    3018    2992    3144    3354    3256    3360    3442
    3602    3618    3510    3655    3887    3897    3679    3826    3912    4064
    3975    4010    4106    4235    3973    4164    4285    4333    4060    3988
    4546    4174    4004    4017    3963    3915    3883    3883    3850    3815
    3580    3630    3553    3524    3387    3423    3344    3220    3055    3100
    3064    2900    2669    2709    2833    2552    2427    2378    2320    2249
    2072    2125    2098    2037    1834    1793    1744    1756    1525    1607
    1502    1513    1477    1407    1386    1392    1258    1193    1206    1177
    1128    1126    1144    1099    1079    1033    1090    1072    1028    1059
    1091    1085    1120    1093    1290    1290    1264    1318    1364    1465
    1375    1496    1554    1703    1647    1779    1805    1931    1949    2097
    2141    2256    2178    2343    2359    2368    2311    2277    2436    2320
    2245    2250    2316    2159    2156    2013    2157    1954    1828    1808
    1762    1677    1464    1510    1323    1355    1223    1099    1174    1057
     860     868     866     845     731     712     731     690     693     627
     668     642     619     619     623     579     604  318697
