$Informacoes da Fluorescencia de Raios-X:
"Sample    : ACC-945",                                                                    
"Operator  : thiago",                                                                     
"Comment  : ",                                                                            
"Group     : thiago_acra2010ma",                                                          
"Date       : 2010-06-08 07:43:46",                                                       
"",                                                                                       
"Mesurement Condition",                                                                   
"------------------------------------------------------------------------------------",   
"Instrument : 700HS2   Atmosphere : Vac.   Collimator : 10(mm)   Spin : No",              
"------------------------------------------------------------------------------------",   
"Analyte               TG kV   uA      FI Acq.(keV)  Anal.(keV)  Time(sec)     DT(%)",    
"------------------------------------------------------------------------------------",   
"Na                    Rh 50  662-Auto Al  0 - 20    0.8 - 1.2   Live -  959   21",       
"Channel_info_start",                                                                     
"Channel : Na",                                                                           
"Points : 2048
"Range : 0.000000 - 20.480000",                                                           
"Step : 0.010000",                                                                        
"Channel_info_end",                                                                       
$DATA:
       0    2047
       0       0       0       0       0       0       0       0       0    2048
       0       0       0       0       0       0       0       0       0       0
       0       0       0       0       0       0       0       0       0       0
       0       0       0       0       0       0       0       1       2       8
     117     235     218     233     183     207     225     216     224     239
     218     224     213     210     234     206     235     274     255     268
     270     288     318     326     294     328     365     357     270     345
     313     318     310     299     248     275     253     290     212     267
     269     251     276     266     259     279     264     291     251     317
     298     355     357     402     402     471     486     562     543     598
     481     420     388     353     353     317     309     324     326     333
     369     399     391     430     414     441     394     376     385     388
     327     316     292     287     259     301     269     310     308     407
     407     464     500     538     552     626     585     638     492     489
     491     457     423     403     364     393     412     493     566     758
     967    1391    1725    2394    2633    3388    3626    4231    4172    4462
    4328    4207    3813    3422    2771    2641    2243    1882    1468    1560
    1438    1448    1623    2146    2821    4257    5809    8317   10878   14081
   15978   19717   21228   23495   22720   23595   20561   19446   15843   13666
   10313    8399    5917    4506    3179    2595    1838    1511    1281    1083
     959     990     877     968     883     846     902     929     859     864
     846     830     753     756     698     727     603     671     620     613
     526     609     575     689     588     674     614     712     821    1026
    1191    1613    1949    2732    3225    4041    4646    5770    6239    7085
    7093    7682    7268    6963    6003    5379    4528    4063    3167    2732
    2101    1891    1516    1438    1329    1350    1292    1425    1468    1738
    1988    2579    3199    4310    5663    7909    9038   11838   13231   16007
   17008   19043   18453   19429   17674   16982   14201   12940   10627    8714
    6423    5158    3687    3090    2369    2202    1853    2043    2093    2178
    2234    2346    2192    2314    2110    1997    1728    1626    1423    1270
    1066    1010     863     759     652     714     622     675     650     618
     630     662     620     735     655     752     762     743     782     804
     859     937     870    1054    1145    1411    1641    2186    2956    4331
    5696    8213   10592   15084   18907   24693   28220   35333   38839   44918
   44449   48776   47061   46810   42149   40799   32941   29666   23226   19192
   14257   11175    7727    5584    3999    2946    2251    1990    1851    2080
    2307    2994    3535    4438    5109    6270    7291    9014   10073   12871
   14611   17696   19458   23289   25909   29494   30435   34009   33924   35844
   33126   32901   29870   27442   23114   19976   16183   13381    9786    7534
    5398    3963    2745    2131    1388    1035     938     826     893    1025
    1087    1365    1580    2023    2232    2676    3143    3707    3693    4312
    4264    4528    4247    4434    3937    3826    3279    2915    2606    2121
    1545    1399    1067     906     655     612     497     465     388     391
     367     376     360     402     352     396     360     369     373     388
     388     408     443     540     517     666     786     978    1159    1572
    1928    2524    2924    3575    4121    4982    5420    6379    6630    7294
    6995    7292    7002    6885    6028    5838    5101    4546    3751    3231
    2649    2321    1865    1736    1321    1276    1048    1028     877     863
     798     747     767     773     715     749     762     846     923     950
    1078    1070    1086    1270    1338    1361    1293    1578    1624    1641
    1621    1757    1693    1682    1612    1784    1570    1491    1339    1253
    1133    1088     943     941     837     864     707     688     719     688
     669     718     631     672     692     742     698     733     721     782
     726     784     775     738     778     785     748     814     802     860
     767     870     791     865     924     940     950    1031     981    1017
    1015    1045    1046    1098    1024    1037    1041    1005     919     969
     908     897     919     898     838     933     852     889     812     890
     852     905     872     916     826     923     822     843     899     915
     877     945     924     936    1024    1103    1076    1248    1209    1474
    1472    1695    1818    1958    2129    2463    2407    2518    2554    2708
    2564    2811    2506    2536    2184    2265    2045    1948    1791    1653
    1646    1575    1393    1395    1284    1313    1320    1334    1310    1276
    1274    1373    1350    1426    1399    1575    1623    1829    1872    2369
    2862    3623    4568    6322    7948   11114   13831   18526   23253   30408
   35751   44425   53191   62431   67063   77599   83947   91766   91591  102655
   94916   97486   88119   86803   77512   72986   61101   55971   45970   39927
   30735   25574   19804   15618   11382    9262    6336    5156    3666    3028
    2373    1998    1719    1567    1481    1469    1355    1281    1420    1338
    1307    1396    1318    1310    1261    1394    1429    1336    1405    1443
    1394    1489    1478    1613    1647    1844    1861    2063    2193    2558
    2857    3260    3762    4442    5205    6016    6967    8225    8676   10002
   10645   11976   12190   13159   13451   14025   12780   13055   12304   12029
   10607   10054    8977    8130    6710    6072    5063    4438    3515    3141
    2653    2398    1965    1783    1471    1521    1411    1288    1313    1256
    1209    1230    1195    1255    1189    1225    1285    1240    1218    1226
    1310    1321    1276    1313    1380    1365    1285    1251    1240    1305
    1295    1330    1286    1356    1225    1354    1309    1318    1218    1221
    1182    1183    1153    1231    1146    1259    1184    1213    1285    1205
    1219    1267    1238    1281    1138    1273    1214    1329    1228    1239
    1290    1281    1258    1368    1351    1420    1317    1475    1403    1590
    1519    1714    1742    1828    1893    2199    2238    2395    2434    2614
    2696    2765    2688    2975    2716    2974    2638    2689    2482    2514
    2216    2201    2126    2051    1890    1786    1564    1566    1422    1331
    1416    1362    1243    1292    1259    1238    1150    1233    1152    1222
    1121    1198    1166    1196    1178    1210    1110    1248    1149    1119
    1157    1271    1180    1245    1325    1421    1331    1467    1581    1744
    1795    1993    2120    2413    2390    2767    2973    3152    3210    3434
    3501    3716    3559    3691    3637    3572    3279    3394    3119    3043
    2661    2534    2301    2252    1871    1865    1684    1633    1534    1542
    1501    1397    1318    1395    1339    1319    1262    1383    1336    1362
    1301    1351    1324    1370    1264    1224    1294    1261    1282    1265
    1242    1172    1104    1215    1133    1179    1169    1123    1190    1202
    1086    1164    1162    1221    1132    1218    1210    1206    1158    1269
    1207    1191    1123    1132    1161    1222    1071    1120    1228    1231
    1063    1111    1135    1131    1071    1126    1112    1156    1042    1104
    1098    1244    1149    1189    1218    1259    1221    1283    1290    1362
    1303    1309    1421    1353    1330    1448    1407    1396    1360    1414
    1404    1469    1303    1313    1316    1312    1262    1159    1222    1253
    1170    1172    1171    1201    1112    1196    1074    1182    1098    1127
    1062    1110    1015    1027    1078    1074    1041    1031    1128    1098
    1060    1016    1076    1067    1119    1049    1057    1016    1046    1110
    1121    1045    1008    1084    1055    1095    1115    1092    1064    1087
    1063    1119    1095    1090    1071    1109    1153    1064    1006    1103
    1106    1097    1032    1068    1080    1092    1017    1092    1090    1044
    1041    1102    1127    1159    1126    1248    1117    1169    1182    1292
    1218    1347    1312    1421    1336    1438    1419    1499    1524    1563
    1535    1617    1601    1674    1593    1698    1614    1620    1527    1506
    1515    1541    1346    1423    1395    1269    1267    1290    1197    1218
    1161    1175    1094    1156    1089    1074    1038    1131    1114    1057
    1107    1063    1031    1036    1048    1040    1092    1051    1048    1097
    1079    1029    1057    1097     993    1075    1096    1131    1018    1069
    1019    1017     983    1014    1032    1197    1040     986    1094    1101
    1009    1055     976    1070    1027    1012    1029    1070    1025    1150
    1035    1037     956    1109    1045    1098    1017    1016    1023    1075
    1029     997    1017     985     978     994    1018    1036    1007    1011
     947    1077     984     955    1048    1031     948    1037    1046    1011
     913    1076    1038    1069     983    1028     932    1031     942     993
    1057    1124     946    1045    1011    1092    1006    1074    1044    1123
    1102    1110    1121    1243    1172    1274    1355    1446    1409    1449
    1620    1598    1653    1759    1811    1992    1852    1946    1837    1973
    1928    1992    2040    2032    1906    1923    1842    1814    1555    1644
    1502    1532    1355    1404    1266    1275    1126    1106    1138    1150
    1001    1053     958    1044    1000     966     978     973     983     954
     934    1006     969     951     983     936     899    1003     969     984
     946     933     948    1008     934    1014     963     904     958     977
     981    1009     978     948     983     992     958    1051    1113    1126
    1050    1081    1162    1167    1155    1242    1300    1202    1214    1204
    1223    1286    1164    1212    1228    1293    1178    1183    1213    1190
    1152    1115    1209    1153    1028    1033    1072    1053    1026     958
    1161    1070    1058    1031    1011    1000     949     936     974    1020
     851     925     947     954     891     951     916     896     869     950
     924     940     897     881     948     972     876     900     881     850
     898     957     936     925     930     982     896     992     983    1028
     982    1062    1017    1057    1057    1070    1026    1129    1057    1179
    1139    1148    1180    1127    1144    1115    1179    1215    1064    1181
    1105    1044    1058    1076    1048     971     958     986     945     973
     925     993     922     938     873     895     808     856     898     869
     848     790     850     857     846     826     825     830     864     857
     790     873     828     838     835     848     817     840     851     794
     794     889     758     813     814     861     809     829     825     848
     795     893     850     930     882     881     940    1002     946     995
    1049    1137    1033    1115    1102    1198    1153    1299    1258    1322
    1158    1212    1300    1314    1248    1281    1269    1340    1240    1188
    1128    1200    1157    1063    1113    1051     977     976     921     960
     877     881     926     813     778     798     821     791     776     759
     800     796     774     794     813     771     790     705     745     804
     729     738     736     805     718     782     770     802     739     767
     769     805     747     776     808     831     757     805     829     778
     758     740     851     773     808     826     808     829     794     774
     803     816     801     830     817     784     733     764     794     853
     822     751     818     830     767     817     835     800     722     784
     765     766     733     744     804     713     762     788     758     726
     741     795     744     761     713     657     744     781     741     740
     764     773     673     749     718     713     693     723     717     731
     644     739     699     742     671     680     739     738     687     715
     723     738     662     715     727     696     719     675     718     689
     673     744     736     767     735     718     745     757     715     778
     824     842     869     845     814     811     916     882     903     936
     887     954     899     949     863     928     920     963     905     903
     914     916     867     890     850     889     839     790     814     824
     768     747     835     809     702     785     730     774     706     718
     709     688     674     695     716     669     663     686     684     687
     683     657     650     661     652     654     662     664     641     632
     697     676     609     656     630     672     615     655     656     631
     609     612     688     641     650     617     605     672     607     718
     665     652     614     620     671     693     661     650     669     659
     691     647     632     672     655     661     764     637     683     629
     663     667     613     673     716     713     661     675     638     653
     648     645     669     645     655     612     604     622     639     627
     640     688     570     632     663     632     594     614     615     645
     552     631     593     708     636     636     603     631     584     644
     593     671     581     605     649     617     606     630     605     661
     621     609     617     607     627     595     658     646     629     620
     596     655     605     614     617     682     612     584     633     646
     592     580     613     645     607     622     678     696     589     609
     597     680     679     638     631     676     624     639     679     592
     578     617     661     638     691     657     659     689     670     644
     710     686     664     687     639     645     624     615     638     702
     656     648     611     680     684     609     691     715     627     670
     627     679     615     682     691     713     665     649     691     646
     662     611     786     693     666     613     674     658     652     707
     679     686     596     637     656     738     706     701     723     688
     645     658     701     696     726     736     741     707     658     701
     760     768     705     735     765     779     724     700     715     717
     713     747     741     795     793     759     868     765     756     792
     785     820     810     902     851     871     794     916     880     912
     864     946     962     974     943     975    1066    1071     995    1010
    1068    1103    1087    1062    1119    1192    1196    1287    1337    1346
    1316    1422    1398    1475    1447    1520    1534    1623    1637    1676
    1897    1816    1864    1897    2052    2068    2043    2021    2431    2469
    2346    2569    2624    2665    2621    2820    2886    2971    2967    2925
    3191    3339    3192    3451    3503    3518    3546    3622    3751    3760
    3588    3667    3844    3799    3595    3791    3764    3863    3675    3678
    4267    3859    3676    3810    3797    3856    3615    3576    3707    3613
    3457    3395    3416    3468    3159    3282    3066    3029    3000    2900
    2847    2883    2622    2451    2547    2529    2286    2325    2266    2171
    2005    2009    2060    1831    1688    1748    1776    1636    1492    1564
    1488    1372    1309    1367    1319    1245    1214    1143    1199    1213
     982    1041     976    1008    1029     959    1062    1016     905     966
    1018    1003    1023    1003    1182    1139    1158    1244    1232    1328
    1294    1380    1516    1630    1485    1710    1788    1794    1848    1934
    1959    2043    1997    2063    2207    2260    2106    2208    2330    2228
    2115    2231    2208    2114    2006    1952    2130    1948    1802    1770
    1761    1618    1497    1489    1450    1316    1169    1127    1090    1007
     915     856     891     809     738     722     702     699     623     584
     636     509     553     534     551     557     554  295281
