$Informacoes da Fluorescencia de Raios-X:
"Sample    : ACC-999",                                                                    
"Operator  : thiago",                                                                     
"Comment  : ",                                                                            
"Group     : thiago_acra2010ma",                                                          
"Date       : 2010-06-09 05:53:31",                                                       
"",                                                                                       
"Mesurement Condition",                                                                   
"------------------------------------------------------------------------------------",   
"Instrument : 700HS2   Atmosphere : Vac.   Collimator : 10(mm)   Spin : No",              
"------------------------------------------------------------------------------------",   
"Analyte               TG kV   uA      FI Acq.(keV)  Anal.(keV)  Time(sec)     DT(%)",    
"------------------------------------------------------------------------------------",   
"Na                    Rh 50 1000-Auto Al  0 - 20    0.8 - 1.2   Live -  960   11",       
"Channel_info_start",                                                                     
"Channel : Na",                                                                           
"Points : 2048
"Range : 0.000000 - 20.480000",                                                           
"Step : 0.010000",                                                                        
"Channel_info_end",                                                                       
$DATA:
       0    2047
       0       0       0       0       0       0       0       0       0    2048
       0       0       0       0       0       0       0       0       0       0
       0       0       0       0       0       0       0       0       0       0
       0       0       0       0       0       0       0       0       1       4
      51     137     146     165     122     123     124     166     134     128
     119     145     136     143     138     139     142     160     157     145
     136     182     173     203     171     189     174     207     183     199
     190     217     224     237     201     231     254     275     253     220
     201     224     192     201     175     185     185     149     146     153
     135     120     132     142     140     147     134     154     152     136
     129     137     128     153     147     138     131     140     139     179
     151     124     155     181     170     164     164     153     141     160
     147     136     151     141     145     174     154     158     174     156
     184     169     173     209     190     209     225     238     182     220
     170     194     184     180     176     208     205     236     240     294
     384     487     508     815     849    1041    1135    1293    1271    1473
    1307    1387    1237    1262    1001     928     895     757     617     578
     465     554     601     621     759    1106    1371    1893    2440    2995
    3416    3980    4286    4694    4578    4804    4271    4215    3532    3143
    2486    2119    1431    1205     911     714     547     463     392     352
     320     310     283     308     319     306     321     323     319     319
     272     309     284     304     276     272     245     231     214     237
     227     219     218     211     223     204     214     228     237     281
     361     497     531     672     866    1079    1203    1475    1666    1816
    1794    1938    1832    1846    1534    1497    1342    1131     883     754
     634     522     357     384     337     303     279     278     282     293
     299     295     294     383     400     514     520     643     645     714
     801     869     895     918     841     856     788     737     677     605
     497     457     387     356     318     300     318     336     342     366
     332     349     369     418     343     335     320     360     354     321
     299     336     289     318     300     333     292     296     269     289
     283     321     304     319     259     329     279     337     363     352
     363     409     420     439     503     639     761    1020    1294    2057
    2525    3880    4800    6441    8197   10457   11803   14722   15976   18143
   18231   19833   19140   19711   17288   17482   14311   12644   10237    8831
    6684    5265    3614    2819    2039    1558    1074     998     853     943
    1004    1225    1470    1825    1945    2467    2688    3221    3534    4193
    4550    5423    5668    6774    7161    7912    7903    8971    8490    8958
    8326    8333    7440    7145    5827    5137    4324    3595    2704    2161
    1621    1208     848     727     476     427     368     345     334     409
     438     507     575     671     691     853     947    1042    1017    1155
    1152    1233    1201    1199    1092    1102     957     886     788     678
     588     532     463     400     328     298     285     285     251     281
     275     275     264     287     270     272     271     255     275     273
     318     333     270     328     322     335     411     438     473     591
     661     803     843    1048    1224    1364    1525    1717    1865    1948
    1918    2032    1941    1964    1735    1689    1548    1453    1164    1119
     933     924     736     695     539     616     502     511     494     483
     458     501     470     526     446     453     445     475     492     490
     542     544     528     546     591     614     599     629     637     674
     659     673     684     714     706     705     662     712     601     597
     557     622     529     516     533     495     456     499     496     468
     457     526     460     478     465     520     487     507     499     504
     485     537     494     496     480     550     521     533     505     556
     511     608     557     637     607     615     642     725     697     706
     675     683     665     696     668     671     663     701     663     691
     606     641     637     649     631     650     638     637     607     700
     664     645     614     674     642     716     646     694     744     682
     652     724     683     710     697     695     750     786     777     841
     865     961     919     975    1045    1072    1072    1150    1130    1157
    1135    1194    1093    1087    1011    1093    1035    1081     973     970
     966     963     838     929     863     878     849     872     841     968
     862     869     929     923     963     924     995    1117    1098    1286
    1449    1668    1901    2599    3084    4089    4748    6182    7481    9552
   11205   13460   15781   18343   19558   22512   24145   26450   26334   29614
   27106   27755   25418   25144   22739   21067   18273   16569   14079   12250
    9649    8318    6633    5301    4108    3636    2601    2288    1779    1656
    1431    1363    1155    1166    1059    1059    1036    1083    1081    1088
    1096    1025    1068    1078    1074    1114    1051    1210    1015    1197
    1108    1144    1138    1191    1191    1258    1178    1350    1389    1545
    1473    1779    1827    2124    2155    2585    2671    3115    3258    3549
    3812    4083    4235    4451    4475    4677    4356    4477    4185    4171
    3834    3558    3291    3125    2687    2572    2192    2036    1779    1765
    1547    1470    1254    1317    1112    1274    1143    1216    1088    1093
    1067    1113    1087    1101    1037    1089    1182    1135    1126    1068
    1139    1124    1154    1140    1180    1194    1172    1171    1180    1214
    1091    1132    1158    1110    1112    1120    1063    1131    1073    1122
    1138    1138    1099    1115    1132    1075    1068    1064    1186    1144
    1063    1117    1062    1152    1021    1133    1116    1190    1115    1165
    1121    1242    1117    1244    1107    1190    1104    1226    1212    1238
    1117    1215    1329    1386    1260    1352    1405    1394    1410    1579
    1486    1588    1508    1530    1475    1556    1423    1505    1432    1427
    1395    1320    1280    1262    1218    1187    1166    1218    1061    1092
    1127    1078    1055    1030    1050    1021     958    1004    1018    1040
     929     981    1044    1010     999    1018    1022    1058     980    1057
    1007    1032     956    1090    1020    1057    1035    1134    1066    1154
    1151    1228    1297    1370    1344    1340    1532    1612    1539    1655
    1717    1682    1709    1746    1732    1706    1634    1627    1606    1516
    1386    1408    1389    1255    1218    1202    1131    1137    1088    1112
     997    1083     984     985     968     993     968    1014    1022     987
     927    1047     998    1042     997     995    1046    1018     953    1052
     950    1040     947     994     970     990     914     941     929     948
     914     991     927     947     951     989     930     946     920     947
     999    1013     977     989     955    1023     843     995     930     971
     967     953     946    1015     877     904     986     952     941     930
     970     948     929     981     924     958     943     892     957     939
     975     997    1025    1053     968    1045    1019    1033     985    1073
    1098    1022     946    1007     960     990     945     997     967     958
     873     907     914     943     911     923     926     910     851     979
     945     941     865     905     902     913     906     897     893     899
     849     899     912     911     854     946     910     953     906     864
     912     981     871     909     928     865     866     928     880     960
     880     914     876     929     883     938     899     866     910     881
     897     927     884     884     929     927     875     926     870     924
     912     877     898     890     889     916     960     944     958     994
     965     929     933     968     895    1023     974     980     990    1055
     951    1025     953    1006     963    1005    1034     991     980    1013
     943    1001     949     994     946     993     897     972     990    1015
     881     900     877     990     904     963     917     990     927     898
     915     958     899     935     897     956     872     949     918     941
     981     887     847     934     911     929     883     919     867     948
     940     888     922     962     881     875     849     907     912     931
     859     970     893     940     873     894     991     944     887     854
     917     948     906     909     910     969     910     928     904     934
     918     919     907     899     893     949     964     952     864     912
     885     940     847     902     955     963     881     917     860     917
     873     934     921     889     851     952     920     928     900     866
     878     880     886     936     886     876     831     937     931     940
     866     952     948     964     929     957     995    1056    1025    1023
    1022    1101    1019    1142    1168    1131    1108    1114    1117    1177
    1122    1170    1201    1136    1116    1164    1106    1136    1021    1021
     990    1029     900    1003     920     997     906     883     853     906
     860     862     912     892     796     861     835     889     803     804
     846     858     846     858     876     877     788     892     818     858
     784     868     845     830     784     824     865     810     785     791
     871     865     820     812     838     841     835     783     898     888
     864     888     881     835     842     847     856     849     838     940
     877     876     821     856     884     910     822     898     802     956
     797     866     893     853     814     869     800     871     816     921
     798     838     787     819     827     812     753     871     819     867
     769     833     813     870     748     843     745     846     748     795
     815     802     747     766     819     818     797     807     791     815
     774     827     752     846     750     826     751     882     745     825
     884     802     750     811     865     895     861     858     831     893
     809     842     895     916     845     873     894     903     765     822
     825     918     844     796     876     822     798     856     796     794
     770     808     821     790     798     741     748     785     740     773
     720     754     765     771     725     795     737     709     751     737
     715     741     720     702     769     719     709     763     736     808
     764     740     715     750     727     773     715     770     791     782
     686     771     740     736     723     729     752     765     735     762
     781     795     769     790     786     831     745     811     876     821
     792     773     820     792     791     886     798     783     808     749
     764     824     712     812     748     786     748     753     751     742
     681     706     728     706     700     711     724     702     761     716
     694     741     701     732     689     728     669     705     697     730
     654     673     713     719     655     677     733     683     705     661
     661     683     735     657     710     722     633     725     695     695
     652     686     717     674     630     690     702     678     616     683
     680     689     665     718     677     646     668     722     635     717
     637     683     624     666     660     690     666     707     659     654
     665     662     651     624     710     654     645     659     612     658
     637     655     649     690     616     637     639     680     629     648
     628     688     650     654     599     698     622     642     629     677
     680     657     624     625     593     625     676     672     597     642
     639     622     674     648     661     661     606     660     599     622
     640     645     615     662     611     634     630     617     611     637
     628     664     626     586     645     659     658     688     647     657
     633     624     691     643     662     659     663     621     640     699
     703     627     624     658     642     656     632     622     645     610
     586     627     657     668     591     581     573     646     578     584
     628     600     594     609     574     603     629     606     587     605
     571     587     586     618     626     623     578     612     564     656
     655     573     643     589     605     628     600     623     577     609
     575     565     631     594     543     586     572     581     537     584
     576     588     574     554     567     639     592     559     584     627
     560     580     590     637     584     573     588     581     570     612
     588     592     561     574     591     608     572     614     575     574
     563     546     544     647     557     607     574     593     591     550
     617     646     546     587     539     580     554     583     586     592
     560     545     574     561     565     518     581     591     561     611
     574     598     521     579     570     577     520     639     537     583
     576     577     598     563     525     590     526     595     516     516
     564     583     599     572     610     562     553     578     615     613
     561     609     574     592     538     570     610     607     583     588
     576     647     634     624     609     590     555     579     588     647
     542     569     612     604     544     541     573     595     575     610
     645     598     584     594     588     554     541     574     588     591
     548     597     592     599     573     612     563     614     581     579
     613     592     563     630     622     612     591     620     650     591
     556     605     689     645     577     645     584     680     615     612
     625     686     596     642     589     641     614     671     649     655
     618     611     684     631     673     657     662     669     678     652
     672     659     700     683     760     698     671     715     667     722
     718     731     716     770     730     774     733     747     758     743
     802     766     743     878     800     831     827     784     898     854
     825     842     876     911     890     955     993     948     961     968
    1001     990    1051    1022    1127    1172    1143    1170    1222    1280
    1280    1358    1375    1478    1407    1492    1555    1677    1559    1731
    1820    1840    1826    1836    1916    2114    1977    2147    2407    2319
    2317    2433    2488    2699    2571    2707    2769    2966    2773    3022
    3146    3153    3091    3219    3413    3429    3272    3467    3450    3616
    3397    3574    3704    3612    3564    3636    3776    3797    3627    3488
    3834    3768    3556    3665    3679    3644    3513    3478    3468    3522
    3320    3293    3258    3377    3037    3095    2871    3003    2843    2833
    2727    2699    2398    2423    2541    2357    2224    2232    2185    2116
    1879    1823    1910    1811    1645    1614    1597    1560    1488    1414
    1365    1373    1234    1173    1153    1169    1097    1117    1012    1095
    1022    1032    1033     953     944     876     997     917     897     938
     952     933     931     930    1159    1013    1080    1122    1215    1305
    1267    1354    1409    1509    1412    1564    1558    1713    1719    1759
    1856    1803    1757    1823    1819    1951    1864    1963    2116    1951
    1952    1820    1857    1769    1741    1611    1696    1597    1500    1422
    1359    1304    1132    1149    1069    1072     966     926     922     809
     759     717     724     700     611     584     591     612     571     550
     560     577     530     542     558     558     425  274733
