$Informacoes da Fluorescencia de Raios-X:
"Sample    : AFR-11",                                                                     
"Operator  : THIAGO",                                                                     
"Comment  : ",                                                                            
"Group     : thiago_acra2010ma",                                                          
"Date       : 2010-06-24 12:36:18",                                                       
"",                                                                                       
"Mesurement Condition",                                                                   
"------------------------------------------------------------------------------------",   
"Instrument : 700HS2   Atmosphere : Vac.   Collimator : 10(mm)   Spin : No",              
"------------------------------------------------------------------------------------",   
"Analyte               TG kV   uA      FI Acq.(keV)  Anal.(keV)  Time(sec)     DT(%)",    
"------------------------------------------------------------------------------------",   
"Na                    Rh 50 1000-Auto Al  0 - 20    0.8 - 1.2   Live -  960   12",       
"Channel_info_start",                                                                     
"Channel : Na",                                                                           
"Points : 2048
"Range : 0.000000 - 20.480000",                                                           
"Step : 0.010000",                                                                        
"Channel_info_end",                                                                       
$DATA:
       0    2047
       0       0       0       0       0       0       0       0       0    2048
       0       0       0       0       0       0       0       0       0       0
       0       0       0       0       0       0       0       0       0       0
       0       0       0       0       0       0       0       3       3       7
      70     149     156     168     156     182     154     158     162     170
     149     160     169     193     159     173     171     162     187     184
     164     181     197     171     170     193     192     210     197     175
     213     246     220     259     264     262     245     285     253     269
     231     241     224     197     192     213     163     190     160     216
     186     246     231     253     303     303     335     334     309     365
     337     308     273     233     239     238     188     225     200     235
     224     233     232     235     241     259     229     215     194     203
     197     208     197     218     173     200     184     192     205     243
     235     260     312     294     301     309     328     331     300     286
     251     255     235     245     224     226     241     251     239     302
     358     454     493     714     745     902     994    1137    1133    1186
    1141    1148    1101     960     917     775     758     653     559     566
     470     483     499     538     712     932    1144    1639    1964    2554
    2897    3420    3671    3962    3900    4175    3689    3592    2980    2703
    2237    1663    1275    1089     796     685     571     503     448     411
     358     433     398     425     392     452     412     504     437     457
     432     417     389     364     371     347     311     342     278     295
     274     292     265     266     275     277     303     313     308     408
     372     495     585     736     902    1036    1173    1393    1484    1607
    1678    1643    1651    1649    1546    1418    1222    1121     884     869
     701     642     626     597     594     622     576     595     746     829
     996    1374    1791    2521    3121    4419    5094    6760    7430    8842
    9493   10365   10183   10918   10075    9541    8235    7559    6216    5142
    4038    3369    2393    1953    1483    1313    1136    1157    1096    1114
    1177    1237    1238    1244    1138    1149    1041     963     825     750
     657     562     516     466     396     386     367     333     320     296
     345     338     347     360     335     370     343     373     356     407
     371     395     434     475     516     624     729     940    1172    1711
    2197    3273    4048    5610    7187    9095   10673   13013   14410   16400
   16362   17760   17467   17640   15735   15434   12692   11591    9098    7715
    5881    4646    3253    2527    1799    1349    1057     900     872     920
     994    1234    1424    1760    1992    2494    2844    3649    4280    5426
    6300    7859    8623   10453   11609   13383   13690   15713   15447   16276
   15309   15363   13959   13233   11157    9962    8124    6647    5090    3995
    3050    2097    1566    1117     861     649     443     501     452     500
     567     698     814     984    1074    1349    1494    1708    1796    2008
    2009    2221    2083    2157    2004    1884    1634    1532    1317    1190
     891     826     659     550     442     403     367     364     289     302
     284     300     269     281     277     281     302     296     305     319
     301     334     321     366     321     371     388     434     511     527
     666     790     830    1044    1177    1288    1339    1545    1742    1790
    1682    1841    1725    1725    1558    1589    1409    1320    1164     972
     874     859     735     657     606     560     500     536     499     501
     511     573     472     499     454     517     506     539     546     532
     541     591     556     591     580     653     592     677     698     701
     697     690     783     698     694     773     713     720     688     631
     651     659     540     592     499     540     524     494     500     538
     484     550     468     582     464     548     478     553     556     592
     537     598     548     579     576     611     612     598     576     581
     582     638     603     672     644     692     704     693     713     781
     728     752     705     710     756     749     749     735     693     754
     664     773     725     739     761     745     730     732     738     734
     706     719     768     776     746     800     750     791     784     758
     837     781     796     804     773     927     861     859     921     996
     959    1045    1065    1104    1156    1179    1229    1311    1336    1289
    1246    1365    1224    1375    1192    1228    1171    1110    1085    1141
    1064    1035     949    1061     967    1021     949    1007     965    1066
     929    1013    1036    1055    1014    1024    1114    1156    1158    1299
    1331    1490    1613    2070    2353    2954    3353    4188    5047    6475
    7305    8947   10495   12114   13259   14946   16374   17806   17514   19944
   18525   18926   17321   17326   15478   14770   12546   11594    9731    8490
    7004    6070    4944    4132    3286    2789    2216    2005    1656    1554
    1472    1397    1219    1351    1253    1224    1215    1251    1235    1233
    1190    1322    1223    1266    1167    1290    1318    1339    1119    1251
    1275    1336    1242    1292    1267    1373    1363    1390    1466    1575
    1518    1712    1745    1924    2006    2126    2365    2497    2615    2895
    2957    3310    3242    3340    3523    3620    3432    3457    3310    3288
    2986    2963    2763    2585    2321    2174    2043    1945    1787    1691
    1502    1493    1377    1351    1346    1392    1324    1241    1310    1368
    1263    1310    1234    1353    1258    1274    1340    1320    1268    1287
    1332    1300    1268    1361    1306    1348    1273    1212    1362    1373
    1263    1328    1352    1363    1296    1299    1329    1387    1206    1321
    1253    1342    1274    1270    1313    1286    1291    1279    1324    1326
    1235    1358    1259    1310    1239    1236    1299    1387    1265    1360
    1362    1334    1306    1353    1344    1325    1294    1381    1300    1376
    1341    1395    1375    1480    1472    1541    1557    1582    1647    1611
    1649    1689    1588    1673    1653    1742    1630    1628    1603    1585
    1442    1531    1497    1475    1329    1326    1340    1329    1325    1294
    1309    1184    1136    1307    1250    1256    1164    1199    1197    1229
    1115    1222    1190    1127    1123    1182    1220    1255    1158    1111
    1225    1198    1143    1180    1206    1266    1137    1213    1236    1289
    1263    1344    1391    1447    1405    1399    1560    1555    1498    1656
    1647    1700    1599    1684    1714    1671    1664    1645    1552    1535
    1412    1467    1391    1382    1320    1310    1271    1252    1256    1222
    1215    1206    1112    1209    1183    1137    1187    1151    1165    1226
    1105    1177    1203    1154    1104    1158    1192    1192    1144    1151
    1147    1116    1149    1136    1047    1082    1073    1097    1073    1171
    1132    1107    1053    1134    1127    1114    1103    1227    1077    1130
    1093    1126    1092    1069    1149    1169    1200    1129    1164    1112
    1056    1080    1133    1093    1117    1090    1134    1086    1059    1165
    1100    1116    1022    1171    1106    1100    1091    1116    1189    1158
    1126    1169    1110    1227    1171    1162    1125    1143    1092    1098
    1134    1153    1144    1184    1207    1128    1067    1132    1089    1138
    1058    1110    1056    1123    1060    1112    1065    1130    1028    1156
    1060    1120    1077    1100    1077    1110    1077    1086    1027    1131
    1014    1058    1091    1127    1047    1044    1111    1072    1015    1051
    1115    1106    1019    1105    1035    1044    1021    1136    1097    1085
    1035    1168    1080    1112     966    1070    1134     973     989    1038
    1066    1060     975    1101    1134    1062    1061    1091    1070    1117
    1013    1082    1096    1183    1080    1088    1098    1151    1114    1173
    1107    1103    1174    1120    1243    1188    1151    1200    1222    1215
    1191    1274    1260    1267    1282    1266    1303    1243    1219    1209
    1182    1190    1215    1228    1163    1209    1148    1176    1160    1134
    1077    1158    1120    1098    1044    1096    1060    1151    1077    1110
    1069    1088    1066    1154    1053    1156    1061    1149    1074    1116
    1043    1090    1108    1046    1054    1090    1107    1138    1065    1036
    1062    1115    1032    1132    1069    1120    1045    1085    1066    1096
    1066    1147    1111    1092    1064    1070    1151    1067    1112    1067
    1119    1103    1110    1173    1137    1154    1014    1093    1074    1055
    1051    1082    1131    1088     935    1130    1136    1103    1121    1100
    1074    1108    1073    1065    1115    1088    1040    1065    1085    1107
    1056    1098    1021    1071     989    1057    1065    1110    1034    1053
    1067    1107     994    1054    1066    1083    1037    1081    1113    1084
    1034     989    1074    1087    1037    1099    1084    1049    1060    1100
    1136    1135    1066    1136    1169    1105    1080    1235    1082    1103
    1166    1126    1176    1144    1114    1113    1117    1093    1014    1103
    1056    1105    1067    1010     992    1089    1010    1131    1038    1008
    1016    1058    1062    1054    1039     981    1036     992    1005    1007
    1072    1012    1006    1016     980     958     985     973    1011    1004
     966    1045    1007     942     915    1022     976    1032     928    1012
     968     976     988    1036    1061    1021    1009     974    1049     996
    1067    1039     989    1046    1059    1064    1092    1186    1079    1062
    1091    1159    1115    1037    1056    1108    1024    1060    1062    1008
     991    1007     997    1022     984     974     993    1016    1001    1024
     981    1004     947     918     967    1000     887     962     920     967
     876     862     948     993     859    1004     903     931     870     985
     950     982     931     980     986     919     918     902     913     929
     853     892     917     967     881     952     942    1029     955     979
    1010    1026     944    1005    1022    1028    1037    1080    1041    1066
    1064    1067    1075    1125    1027    1117    1069    1233    1076    1069
    1116    1076    1050    1074    1072    1065    1010    1080     943     985
     976     952    1018     932     957     937     967     914     885     921
     903     921     944     872     862     947     913     873     837     942
     841     854     888     892     889     845     893     882     800     939
     973     816     826     890     865     903     890     914     847     851
     882     886     901    1015     867     917     926     928     940     943
     952    1009     888     973    1029     973    1006     921    1068    1060
    1000    1083    1039    1112    1025    1034    1092    1126     946    1049
    1005    1056    1000     991     968     973     917     954     999     914
     851     847     877     884     846     842     890     883     855     828
     863     846     809     851     851     841     769     813     806     828
     761     839     843     786     800     813     857     793     792     843
     749     875     790     829     869     817     790     755     873     869
     771     842     855     842     779     827     823     847     792     790
     839     889     836     820     828     872     862     832     851     861
     764     836     828     833     847     869     798     812     793     811
     830     815     787     784     820     817     786     764     821     852
     708     830     785     822     735     775     836     827     728     780
     797     765     756     705     823     762     759     781     789     769
     775     746     792     730     701     707     792     801     752     734
     795     773     777     779     729     701     750     798     758     709
     733     801     740     784     766     744     805     716     690     787
     740     815     708     809     761     722     741     745     815     807
     748     797     797     797     728     768     815     777     761     767
     844     764     761     794     795     786     746     723     737     752
     697     745     768     720     733     763     722     781     707     771
     715     720     684     740     769     767     684     773     714     692
     690     717     715     703     695     679     753     713     693     679
     672     679     705     730     702     774     691     739     736     699
     729     746     691     751     676     724     702     680     630     677
     628     736     663     734     674     659     702     698     699     659
     657     667     670     688     659     629     687     683     671     679
     704     723     637     735     695     682     666     692     677     684
     706     726     691     689     680     678     753     719     728     670
     657     747     693     662     672     697     636     652     686     744
     624     649     677     678     634     660     643     730     651     645
     646     715     691     656     658     720     703     683     709     716
     666     686     706     670     652     692     700     706     651     652
     651     661     671     685     693     683     678     667     706     670
     630     670     714     713     710     649     697     658     677     687
     712     664     707     687     638     699     678     675     658     715
     651     683     708     693     663     675     713     716     653     631
     702     686     677     657     694     707     699     760     687     706
     728     630     745     699     691     686     702     738     697     721
     668     683     712     731     737     747     718     764     747     730
     734     636     814     710     737     721     750     735     695     713
     777     704     731     782     737     752     794     762     736     775
     703     758     766     774     746     784     831     865     723     746
     865     762     799     825     846     868     793     813     824     817
     748     825     831     896     808     892     952     889     875     848
     944     928     878     960     992     953     962     931     966     988
     996     989    1068    1082    1079    1150    1195    1122    1082    1122
    1163    1278    1181    1313    1328    1374    1330    1387    1464    1511
    1470    1611    1662    1701    1674    1769    1832    1941    1836    2046
    2110    2172    2156    2227    2383    2499    2446    2443    2755    2766
    2754    2862    2909    3199    3158    3157    3381    3482    3382    3688
    3720    3865    3660    3772    3905    4089    3887    3989    4219    4316
    4277    4192    4462    4464    4333    4355    4464    4491    4434    4251
    4869    4499    4269    4391    4406    4369    4193    4247    4089    4242
    3949    3890    4008    3915    3647    3871    3642    3669    3386    3487
    3294    3188    3072    2871    2951    2864    2610    2579    2630    2563
    2321    2258    2309    2206    2008    1957    1942    1836    1746    1704
    1686    1592    1557    1456    1486    1410    1345    1291    1272    1283
    1149    1159    1175    1147    1074    1118    1153    1064    1036    1066
    1064    1102    1104    1108    1359    1242    1203    1381    1437    1396
    1437    1469    1588    1624    1687    1761    1884    1930    2023    2080
    2186    2125    2165    2157    2306    2293    2179    2284    2316    2252
    2204    2146    2260    2123    2065    1899    2189    1837    1750    1748
    1656    1612    1422    1377    1274    1307    1152    1093    1011    1043
     962     902     839     811     784     683     778     703     649     629
     719     636     629     595     630     658     612  325862
