$Informacoes da Fluorescencia de Raios-X:
"Sample    : AFR-10",                                                                     
"Operator  : THIAGO",                                                                     
"Comment  : ",                                                                            
"Group     : thiago_acra2010ma",                                                          
"Date       : 2010-06-24 12:18:01",                                                       
"",                                                                                       
"Mesurement Condition",                                                                   
"------------------------------------------------------------------------------------",   
"Instrument : 700HS2   Atmosphere : Vac.   Collimator : 10(mm)   Spin : No",              
"------------------------------------------------------------------------------------",   
"Analyte               TG kV   uA      FI Acq.(keV)  Anal.(keV)  Time(sec)     DT(%)",    
"------------------------------------------------------------------------------------",   
"Na                    Rh 50 1000-Auto Al  0 - 20    0.8 - 1.2   Live -  959    8",       
"Channel_info_start",                                                                     
"Channel : Na",                                                                           
"Points : 2048
"Range : 0.000000 - 20.480000",                                                           
"Step : 0.010000",                                                                        
"Channel_info_end",                                                                       
$DATA:
       0    2047
       0       0       0       0       0       0       0       0       0    2048
       0       0       0       0       0       0       0       0       0       0
       0       0       0       0       0       0       0       0       0       0
       0       0       0       0       0       0       0       0       3       3
      48     112     105     122     114     121     101     105      93     111
     106     109     101     116     124     123     103     110     118     126
     107     127     120     120     112     131     134     129     151     143
     161     178     176     230     195     254     228     214     202     219
     208     200     167     157     124     111     131     134     116     145
     120     136     151     168     150     190     168     185     148     213
     173     175     176     169     130     143     144     139     143     148
     157     192     164     186     172     208     178     178     161     166
     140     127     154     136     110     127     129     137     124     170
     158     168     200     215     230     211     210     272     183     197
     199     201     159     145     143     167     135     189     199     258
     298     393     483     606     702     830     937    1012     979    1044
     991    1055     897     868     734     666     564     488     375     381
     299     325     360     489     599     883    1160    1580    1925    2523
    2838    3405    3597    3995    3863    4130    3643    3524    2983    2711
    2190    1831    1378    1115     752     616     467     362     365     344
     312     333     309     297     312     276     289     315     244     283
     273     266     236     246     203     178     181     191     210     205
     175     187     148     181     197     192     183     229     241     266
     317     393     457     508     718     818     941    1085    1170    1327
    1320    1377    1356    1355    1174    1089    1003     915     735     665
     520     426     366     367     286     320     327     384     390     400
     542     805     978    1345    1558    2389    2629    3434    3811    4566
    4899    5439    5319    5661    5344    5070    4354    4134    3340    2872
    2267    1878    1370    1125     836     749     653     633     587     666
     635     688     627     670     636     634     510     519     460     409
     374     331     293     236     221     209     176     194     174     151
     175     168     177     190     146     164     191     181     204     200
     155     190     228     236     225     280     298     384     480     727
     896    1196    1396    1995    2395    3141    3511    4180    4579    5414
    5521    5921    5788    5952    5403    5298    4350    4157    3211    2724
    2126    1692    1198    1008     750     554     423     442     434     439
     506     569     646     803    1012    1216    1587    2077    2520    3302
    4006    5115    5849    7191    8467    9775   10292   11850   11626   12615
   11809   12018   11187   10317    8685    8055    6743    5411    4120    3261
    2426    1876    1210    1030     692     529     411     368     370     394
     423     569     678     746     764    1046    1135    1266    1369    1619
    1538    1694    1541    1665    1513    1490    1261    1204     994     936
     729     668     493     402     386     251     244     258     253     203
     233     204     174     222     223     209     205     231     223     205
     236     220     232     242     257     282     300     309     375     412
     557     611     691     798     912    1103    1206    1417    1437    1587
    1501    1546    1585    1643    1424    1340    1187    1127     985     923
     777     716     593     563     445     489     402     398     359     407
     331     342     346     382     329     370     338     377     373     446
     424     439     410     447     447     514     469     492     556     584
     544     602     606     576     593     589     562     613     471     517
     493     465     450     450     426     438     389     402     380     361
     369     400     354     395     368     400     371     378     340     352
     361     415     426     394     381     388     416     397     411     450
     453     432     438     488     439     480     493     532     499     529
     513     562     556     572     547     547     483     588     545     558
     500     508     513     521     497     493     518     517     488     556
     518     547     497     477     474     480     518     488     562     558
     553     555     560     572     557     607     565     612     627     674
     666     761     734     774     831     870     828     885     910     923
     898    1006     901     912     857     903     844     851     755     798
     714     738     685     670     671     696     676     670     713     696
     676     706     700     746     706     785     796     923     863     965
    1086    1234    1408    1788    2098    2903    3381    4284    5197    6803
    7764    9614   11160   13314   14120   16190   17516   19174   19390   21700
   20154   20500   18731   18676   17335   16333   13805   12992   10939    9431
    7491    6403    5078    4344    3320    2775    2121    1819    1431    1278
    1081    1028     941     922     816     851     833     866     818     886
     881     872     825     859     785     833     855     831     820     948
     871     905     875     858     909    1006     907    1040    1050    1119
    1118    1288    1328    1552    1597    1817    1988    2303    2376    2629
    2788    3084    2961    3270    3403    3560    3231    3357    3179    3207
    2788    2722    2620    2320    2092    1987    1712    1634    1434    1342
    1201    1111    1004    1001     977     924     821     873     907     892
     858     814     826     903     844     855     865     909     761     876
     871     904     859     907     937     929     869     922     925     931
     893     907     857     904     838     914     874     924     869     911
     863     843     813     824     878     881     852     847     895     886
     786     854     843     889     862     830     822     935     820     835
     880     908     866     950     882     907     925     914     923     970
     906     993     973    1058    1055    1027    1060    1118    1054    1126
    1169    1167    1109    1135    1151    1162    1070    1107    1090    1124
    1020    1107    1073     989     939     916     892     924     881     880
     810     839     772     771     806     800     738     805     770     845
     762     803     771     798     806     773     729     798     744     770
     740     771     749     807     732     815     776     792     792     864
     765     837     848     925     885     912     936     945     952     963
    1013    1026     968     979    1042     982     933     975     952     956
     904     885     913     847     842     879     852     832     772     849
     754     815     724     792     761     763     728     752     810     829
     777     770     763     784     778     766     780     716     762     780
     737     710     703     714     724     707     703     740     737     778
     749     756     670     772     733     718     755     718     702     719
     760     771     676     740     765     768     695     745     771     692
     720     751     689     784     707     737     757     762     684     724
     755     740     657     712     728     691     700     674     712     713
     788     715     742     752     735     755     727     715     688     787
     792     779     686     692     717     734     674     766     708     705
     702     731     724     755     725     707     708     710     681     668
     703     705     708     686     728     700     681     684     687     700
     702     727     725     739     723     660     670     733     701     707
     700     721     648     699     748     723     654     701     676     731
     647     699     689     711     720     705     720     725     640     678
     685     733     677     782     723     679     640     650     702     712
     741     728     729     660     669     693     662     753     717     764
     659     715     689     738     727     717     756     691     794     734
     735     771     758     768     785     670     709     737     670     751
     756     752     728     700     667     734     708     706     669     742
     659     737     697     696     696     730     678     748     707     707
     762     687     678     733     725     750     688     774     680     723
     683     698     675     675     727     695     697     724     699     719
     730     708     650     724     705     758     676     732     691     716
     689     702     756     722     701     721     762     713     715     713
     720     763     693     688     732     727     708     707     714     716
     685     743     774     718     702     698     667     675     650     711
     737     665     636     720     739     694     660     766     672     706
     701     737     736     732     669     715     693     677     708     684
     713     663     646     700     689     756     660     721     713     693
     700     724     673     679     698     687     678     746     748     716
     724     733     741     745     735     720     737     788     761     821
     720     756     755     801     717     720     767     743     710     746
     665     757     710     691     668     702     680     646     713     656
     622     642     629     654     629     679     679     699     666     618
     632     664     603     654     653     676     613     621     666     675
     671     641     657     630     628     619     677     662     669     615
     605     613     611     712     630     710     625     651     587     686
     582     662     668     665     636     656     652     643     616     615
     630     634     637     657     660     622     590     636     633     630
     622     602     618     623     585     623     622     623     622     659
     603     626     594     601     606     619     568     629     623     655
     616     623     634     643     616     598     578     651     597     618
     641     644     627     615     685     603     628     580     590     666
     593     585     595     612     614     570     629     648     544     615
     652     647     568     654     606     641     626     597     656     664
     691     670     616     696     620     641     635     679     651     593
     654     631     650     618     652     636     615     619     611     646
     584     657     594     588     572     604     592     577     606     651
     561     627     541     597     578     590     580     549     557     633
     577     636     587     566     568     564     584     573     555     594
     562     610     584     546     588     632     537     553     566     614
     549     590     534     654     594     607     622     644     571     585
     681     677     652     702     671     692     728     731     748     672
     775     723     691     708     715     764     702     751     723     708
     700     718     732     665     647     623     625     628     677     570
     559     606     603     592     546     535     585     603     554     540
     561     559     523     519     502     528     542     533     537     493
     480     553     537     551     507     534     520     545     527     501
     495     545     497     547     568     555     505     504     525     533
     523     525     557     533     501     521     540     525     532     528
     522     533     540     501     555     525     521     513     488     568
     515     541     532     514     477     506     494     520     472     535
     491     554     483     475     543     472     499     475     532     526
     497     468     520     506     503     475     522     505     515     495
     534     484     491     540     508     494     496     449     483     513
     463     545     498     460     438     481     524     516     431     483
     516     566     484     512     527     514     474     486     511     500
     480     508     476     527     472     482     472     498     483     520
     496     538     494     519     494     549     488     467     501     521
     512     498     569     561     518     464     498     560     489     490
     516     465     536     513     543     523     580     483     501     500
     505     498     513     508     475     510     504     491     438     527
     483     476     497     462     462     482     472     438     457     447
     451     464     512     469     440     483     455     464     440     489
     439     490     483     445     443     477     432     478     435     441
     442     474     413     449     458     474     462     472     425     454
     454     449     442     413     452     470     458     489     468     469
     464     462     454     450     472     423     477     461     485     412
     446     494     456     443     462     452     416     450     448     448
     414     450     456     435     434     458     483     440     455     451
     425     451     398     435     425     427     440     472     433     464
     438     471     452     481     457     410     445     449     439     458
     460     445     411     440     440     454     437     433     446     409
     452     410     445     428     432     456     435     464     412     432
     494     479     474     399     432     454     429     449     443     497
     413     473     448     438     409     443     454     458     430     425
     427     431     450     438     430     480     411     405     442     442
     431     445     455     436     419     476     474     460     415     412
     508     436     453     453     476     488     461     442     449     455
     430     446     507     467     441     430     465     452     442     460
     461     461     467     437     484     450     489     421     511     480
     463     486     519     448     454     412     481     505     456     461
     495     505     462     510     519     495     506     496     548     533
     511     495     456     503     500     554     523     520     539     495
     485     582     520     524     507     536     508     517     576     572
     534     529     566     551     563     565     576     583     550     558
     586     611     599     599     630     632     624     628     681     709
     626     669     712     713     667     730     776     751     761     768
     808     824     779     786     813     882     859     867     932     999
    1020    1052    1063    1119    1064    1140    1234    1192    1180    1236
    1309    1378    1374    1444    1531    1602    1554    1524    1884    1739
    1770    1800    1913    2008    1984    2099    2130    2277    2107    2228
    2338    2485    2430    2423    2557    2653    2512    2626    2666    2704
    2785    2716    2890    2900    2822    2780    2833    2876    2832    2804
    3140    2953    2712    2841    2818    2880    2713    2831    2771    2750
    2559    2512    2472    2597    2431    2431    2353    2239    2173    2162
    2122    2091    1943    1897    1941    1814    1792    1687    1730    1562
    1558    1454    1475    1417    1316    1269    1215    1177    1124    1133
    1108    1030     956    1023     919     971     827     840     816     798
     710     742     725     774     764     703     722     733     712     688
     736     756     786     766     833     841     810     857     935     996
    1023    1018    1087    1138    1200    1146    1293    1334    1316    1406
    1374    1459    1400    1446    1535    1537    1540    1518    1585    1488
    1513    1438    1446    1415    1363    1245    1333    1227    1157    1091
    1090    1002     955     908     821     829     681     698     694     649
     575     527     576     497     471     447     467     481     465     429
     425     382     391     427     438     424     364  211848
