$Informacoes da Fluorescencia de Raios-X:
"Sample    : AFR-32",                                                                     
"Operator  : thiago",                                                                     
"Comment  : ",                                                                            
"Group     : thiago_acra2010ma",                                                          
"Date       : 2010-06-24 20:33:36",                                                       
"",                                                                                       
"Mesurement Condition",                                                                   
"------------------------------------------------------------------------------------",   
"Instrument : 700HS2   Atmosphere : Vac.   Collimator : 10(mm)   Spin : No",              
"------------------------------------------------------------------------------------",   
"Analyte               TG kV   uA      FI Acq.(keV)  Anal.(keV)  Time(sec)     DT(%)",    
"------------------------------------------------------------------------------------",   
"Na                    Rh 50 1000-Auto Al  0 - 20    0.8 - 1.2   Live -  959    5",       
"Channel_info_start",                                                                     
"Channel : Na",                                                                           
"Points : 2048
"Range : 0.000000 - 20.480000",                                                           
"Step : 0.010000",                                                                        
"Channel_info_end",                                                                       
$DATA:
       0    2047
       0       0       0       0       0       0       0       0       0    2048
       0       0       0       0       0       0       0       0       0       0
       0       0       0       0       0       0       0       0       0       0
       0       0       0       0       0       0       0       0       2       4
      32      86      80      88      83      86      71      87      80      93
      75      66      77      70      84      75      79      77      79      93
      74      76      82      93      95     102      89      67     102     126
     130     140     148     223     175     235     234     254     234     205
     196     188     150     159     142     130      88      92      61      80
      68      71      74      80      81      77      77      66      79      72
      70      71      59      80      62      80      83      80      75      85
      82      82      74      79      71      86      74      66      76      78
      72      75      80      81      72      78      67      69      73      82
     103      78      72      81      75      77      76      76      78      82
      73      86      76      89      74      84      72      92      81      74
      85      88      74      80      73     100      79      92      77      89
      90      81      99      76      78      83      77     103      70      76
      79      79      68      73      82      81      59      90      76      81
      51      67      67      76      84     110      79     103      82      85
      67      70      54      70      63      68      64      56      68      55
      66      63      63      71      67      69      89      71      66      72
      68      54      46      62      87      50      66      69      75      71
      53      50      68      68      79      65      54      69      63      70
      79      68      52      62      53      71      56      64      64      67
      76      70      78      83      71      56      71      76      64      63
      46      64      52      54      62      48      52      57      60      65
      54      52      70      66      59      71      59      56      63      62
      64      67      59      73      90      94      76      74     105      89
      73      78      73      95      78      80      76      79      74      80
      83     106      82     103     111      94     102     117      93     102
      74      87      98      93      85      88      70      76      73      75
      71      52      68      65      70      74      67      73      74      70
      62      67      62      49      69      70      61      78      66      79
      79      63      68      67      70      78      61      67      72      77
      81      73      93      87      86     107      89      92     108      89
      74      81      71      68      86      68      69      74      99      82
      69      78      77      74      79      84      73      85      81      88
      79      82     102      83     120      85      98      98      91     112
     116      95      87     115     106     103     110     110      86     100
     102      98      93      98     119     113     104     102      98     104
     112     106     119     125     115     129     106     123     124     136
     124     127     138     144     122     135     129     147     122     154
     153     143     169     160     142     142     162     147     163     154
     151     175     152     167     162     168     156     189     149     176
     169     199     166     169     175     169     168     191     179     154
     184     201     164     168     184     201     191     191     190     181
     199     233     220     235     198     210     189     239     223     252
     259     258     208     246     255     271     247     255     257     297
     260     258     258     272     256     281     259     267     278     290
     313     257     273     287     239     265     258     295     287     290
     266     296     300     299     258     325     271     306     271     276
     266     297     283     303     268     270     302     281     312     290
     289     317     261     338     295     340     303     301     287     323
     325     312     360     315     318     349     318     372     322     323
     332     359     359     385     371     372     392     445     378     413
     413     440     412     447     398     426     391     416     426     395
     419     429     417     438     411     413     445     444     464     467
     453     455     422     452     447     445     429     490     443     472
     466     470     439     482     456     465     448     530     468     487
     490     522     498     507     530     511     493     530     532     511
     497     509     501     576     503     559     579     570     531     565
     536     558     508     576     562     533     527     578     538     541
     564     550     564     564     594     578     530     642     622     579
     584     624     582     606     603     691     581     632     615     628
     600     698     649     687     667     678     721     716     691     790
     774     712     773     736     723     775     702     755     709     740
     709     740     671     734     721     735     678     724     666     682
     715     702     650     694     698     778     721     758     735     768
     675     766     759     763     705     731     748     783     704     769
     765     803     739     727     695     758     748     820     757     812
     727     747     763     819     754     779     818     801     735     843
     789     764     734     785     791     829     729     767     779     813
     737     845     807     812     775     784     747     854     756     815
     789     805     766     764     782     835     731     772     858     790
     751     765     825     871     753     774     818     804     758     812
     782     778     805     827     735     813     790     831     810     762
     779     773     825     827     780     821     721     798     767     825
     837     843     758     807     825     801     759     805     841     785
     775     823     829     812     736     758     766     799     825     761
     810     799     738     857     775     839     778     831     858     885
     830     958     888     939     910     985    1013    1040     943    1024
     994    1024    1011    1055    1071     967     988    1008     989     937
     947     915     954     879     840     811     818     783     759     783
     743     793     733     697     736     748     690     745     686     713
     706     704     783     713     671     697     690     648     669     757
     688     723     632     756     702     723     619     725     753     676
     734     767     710     747     739     793     814     800     793     805
     819     814     835     833     817     831     788     812     759     790
     708     741     747     767     706     733     719     706     724     717
     691     738     697     703     702     715     695     721     696     707
     631     678     735     646     687     702     710     718     635     689
     651     707     623     654     644     680     614     666     670     691
     658     705     609     704     604     644     615     651     663     619
     670     688     636     652     622     673     610     652     686     670
     633     664     668     666     651     681     635     671     621     627
     625     661     611     618     601     666     584     666     678     639
     636     653     654     681     644     659     657     622     615     651
     700     697     633     661     636     599     645     635     639     653
     684     666     611     649     633     666     598     642     615     605
     645     641     616     646     616     640     541     574     651     613
     610     626     601     684     572     608     663     616     611     613
     629     670     571     621     614     665     616     624     644     622
     654     627     681     638     606     601     657     638     598     639
     640     638     660     704     612     628     628     631     607     644
     597     676     600     635     625     636     673     649     586     684
     583     630     629     625     649     652     623     615     628     611
     662     656     657     628     636     643     576     684     653     599
     650     632     608     645     661     671     667     668     639     657
     674     651     631     624     618     697     626     687     603     650
     645     678     615     644     638     661     590     674     610     661
     614     604     640     650     647     614     643     612     631     656
     611     670     635     678     618     677     671     654     652     626
     615     641     602     654     638     662     687     637     626     632
     692     656     649     658     649     619     642     666     623     645
     651     600     632     661     651     670     625     657     621     623
     663     643     646     637     632     688     635     671     604     644
     605     660     633     660     612     666     659     668     658     668
     618     621     619     627     643     674     575     649     624     657
     619     610     616     656     609     635     593     617     638     605
     581     613     579     666     625     607     621     614     554     629
     614     616     591     612     602     582     602     659     571     620
     610     636     591     566     560     576     575     580     603     605
     577     602     606     598     610     583     612     569     574     669
     578     641     598     609     584     614     616     567     546     541
     581     578     592     616     605     585     562     596     597     600
     562     596     586     549     589     588     598     605     633     588
     562     611     579     587     558     580     585     596     513     599
     565     545     571     564     583     575     532     562     534     567
     539     559     575     569     564     554     599     585     522     598
     611     591     545     580     593     554     533     536     571     592
     546     483     530     578     536     562     562     569     551     616
     644     513     534     559     568     605     521     565     532     538
     562     560     587     529     496     560     547     576     517     551
     550     558     517     537     556     521     520     547     550     589
     515     536     532     567     531     518     514     552     483     530
     549     552     536     556     518     525     497     568     539     556
     553     584     533     564     503     543     553     559     489     556
     538     503     536     489     524     503     569     523     562     546
     515     539     553     541     528     501     549     549     538     527
     528     556     485     530     504     513     549     473     527     511
     503     549     528     525     478     514     497     547     516     513
     534     492     522     512     506     580     479     561     542     492
     490     542     508     525     500     529     509     513     507     500
     532     556     509     486     478     470     469     484     476     511
     490     509     487     548     509     475     504     488     491     489
     527     533     516     496     492     515     477     501     509     499
     474     508     467     546     484     492     482     477     462     504
     489     539     507     449     478     518     455     444     502     465
     418     463     503     485     453     488     459     460     470     457
     505     500     468     475     466     477     406     492     474     458
     406     447     460     490     448     449     453     511     482     430
     439     516     445     430     486     455     453     435     422     452
     423     477     524     446     441     444     489     428     401     450
     452     477     434     459     467     456     430     422     437     451
     448     443     470     479     456     469     487     477     444     434
     438     456     416     506     447     487     447     415     420     473
     420     466     450     432     457     452     464     429     438     450
     434     463     419     411     459     437     448     421     454     472
     408     439     466     453     433     425     410     465     448     420
     417     439     417     444     451     425     434     450     458     409
     437     440     441     416     451     433     428     440     427     422
     394     444     390     431     410     417     395     418     419     452
     443     410     468     444     417     458     429     372     441     413
     419     429     407     407     398     414     418     391     434     396
     429     419     499     447     410     387     398     389     412     424
     402     414     421     428     419     393     420     391     438     424
     411     443     412     444     419     386     422     438     410     401
     362     417     394     413     398     404     433     441     400     461
     388     436     416     417     401     399     404     404     381     456
     426     384     398     402     406     411     429     367     408     363
     409     416     387     423     413     370     412     430     362     433
     407     453     406     416     410     379     407     381     417     422
     352     404     428     416     395     385     392     413     396     394
     370     428     404     391     399     389     381     413     414     415
     421     406     423     416     406     427     432     445     412     392
     410     409     404     396     440     402     406     393     423     387
     386     423     462     413     428     401     439     427     435     418
     472     398     400     410     451     425     373     429     427     463
     386     424     429     400     429     440     445     427     407     443
     445     445     393     405     454     458     373     402     450     407
     424     411     509     465     417     451     444     488     447     475
     451     450     451     434     447     451     477     482     455     448
     456     451     460     452     483     435     496     498     497     458
     479     491     464     489     521     487     522     508     495     542
     498     492     535     509     510     520     532     586     556     576
     556     585     522     578     594     551     623     618     679     631
     591     629     665     647     657     633     735     688     656     691
     762     771     774     780     803     876     818     843     919     904
     898     984     955    1035    1031    1113    1134    1201    1135    1217
    1276    1298    1330    1486    1392    1503    1528    1555    1706    1745
    1681    1723    1844    1968    1916    1932    2019    2089    1980    2139
    2239    2309    2386    2327    2469    2482    2374    2489    2582    2579
    2532    2452    2699    2716    2629    2736    2651    2676    2648    2587
    2937    2730    2608    2676    2523    2601    2518    2609    2569    2487
    2400    2394    2374    2446    2149    2246    2130    2105    2105    1998
    1941    2018    1799    1818    1819    1723    1580    1515    1589    1530
    1352    1312    1406    1289    1178    1213    1126    1114    1023    1007
    1003     959     832     905     896     800     796     810     739     764
     715     730     667     687     660     644     714     690     719     652
     766     734     695     675     802     789     769     828     896     863
     910     975     994    1092    1026    1104    1194    1226    1177    1238
    1334    1426    1220    1349    1458    1381    1304    1388    1445    1363
    1303    1289    1265    1284    1132    1043    1262    1127     948     953
     972     879     773     785     765     673     623     607     600     554
     533     509     490     489     447     445     386     418     373     352
     408     382     360     384     418     398     362  195301
