$Informacoes da Fluorescencia de Raios-X:
"Sample    : AFR-57",                                                                     
"Operator  : THIAGO",                                                                     
"Comment  : ",                                                                            
"Group     : thiago_acra2010ma",                                                          
"Date       : 2010-06-25 05:41:39",                                                       
"",                                                                                       
"Mesurement Condition",                                                                   
"------------------------------------------------------------------------------------",   
"Instrument : 700HS2   Atmosphere : Vac.   Collimator : 10(mm)   Spin : No",              
"------------------------------------------------------------------------------------",   
"Analyte               TG kV   uA      FI Acq.(keV)  Anal.(keV)  Time(sec)     DT(%)",    
"------------------------------------------------------------------------------------",   
"Na                    Rh 50  215-Auto Al  0 - 20    0.8 - 1.2   Live -  959   21",       
"Channel_info_start",                                                                     
"Channel : Na",                                                                           
"Points : 2048
"Range : 0.000000 - 20.480000",                                                           
"Step : 0.010000",                                                                        
"Channel_info_end",                                                                       
$DATA:
       0    2047
       0       0       0       0       0       0       0       0       0    2048
       0       0       0       0       0       0       0       0       0       0
       0       0       0       0       0       0       0       0       0       0
       0       0       0       0       0       0       0       2       2       8
      71     167     149     173     163     153     179     181     171     158
     187     147     172     142     164     151     172     184     160     197
     180     204     164     179     183     203     191     215     150     195
     167     189     152     196     158     163     152     159     176     193
     151     167     160     158     176     161     184     184     168     152
     159     154     192     219     248     262     228     257     280     273
     229     211     200     196     183     192     175     160     169     180
     205     206     206     221     205     201     195     219     200     197
     127     175     158     170     162     172     171     166     198     262
     238     307     345     404     414     463     354     472     369     395
     333     318     290     318     268     331     319     384     437     610
     824    1199    1577    2287    2739    3477    3879    4523    4824    4970
    4502    4413    3738    3243    2646    2277    1729    1461    1154    1080
    1031    1034    1235    1821    2624    4020    5781    8761   12067   16480
   19447   23716   26903   29210   28419   29445   25313   23470   18778   15692
   11863    8989    6300    4628    3353    2533    1774    1514    1238    1134
     885     985     890     932     936     924     845     837     796     848
     726     703     579     604     469     445     399     373     305     328
     301     299     259     302     294     285     304     347     345     352
     417     469     621     753     938    1169    1272    1556    1711    1860
    1887    2007    1982    1938    1679    1499    1217    1090     838     765
     616     558     516     466     466     476     489     519     566     687
     658     855    1122    1514    1969    2936    3363    4553    5143    6297
    6583    7546    7439    7737    7008    6798    5712    5004    4098    3206
    2473    2015    1436    1175     963     908     836     905     900    1111
    1015    1063    1017    1051     972     976     799     782     703     612
     542     475     420     401     404     449     413     460     373     458
     466     472     451     472     482     499     471     501     511     575
     550     618     613     660     691     765     892    1158    1388    1962
    2415    3590    4730    6324    8361   10903   12620   16048   17984   20639
   20712   22956   21996   22251   19874   18907   15307   13466   10428    8445
    6220    4826    3438    2649    1947    1493    1209    1207    1225    1349
    1457    1800    2223    2820    3315    4407    5509    7293    9061   12359
   15496   20382   24459   30482   35300   42510   45303   51946   52564   55899
   52146   51912   47147   43324   35595   31367   24596   19658   13835   10674
    7514    5335    3512    2547    1650    1229     942     942     981    1133
    1335    1660    2090    2851    3132    3994    4664    5308    5860    6701
    6688    7273    6839    6986    6268    5991    5069    4419    3672    3156
    2353    1819    1405    1082     826     660     445     442     305     279
     265     261     249     256     253     262     263     283     290     291
     321     302     330     412     474     561     665     922    1236    1679
    2248    3046    3614    4663    5553    6884    7648    9126    9800   10918
   10513   11140   10616   10202    9252    8655    7411    6698    5368    4543
    3672    3055    2532    2126    1684    1577    1208    1171    1051     942
     810     786     728     778     604     667     743     771     755     827
     890     963    1000    1225    1278    1378    1498    1696    1838    2007
    1928    2067    2158    2159    2116    2117    1910    1885    1632    1526
    1402    1275    1046    1001     881     763     703     668     658     613
     615     653     584     600     609     646     636     703     644     674
     650     685     661     726     672     737     737     826     702     758
     759     762     779     765     770     845     925     860     874     909
     975     928     920     943     943     957     832     856     789     875
     772     772     716     793     722     716     719     738     714     699
     687     738     665     711     670     705     699     710     703     762
     763     738     796     857     862    1061    1106    1235    1344    1548
    1762    2090    2193    2563    2893    3147    3279    3633    3651    3858
    3595    3837    3493    3389    3064    3013    2623    2451    2111    1980
    1770    1603    1382    1391    1303    1327    1221    1244    1169    1225
    1161    1200    1339    1292    1374    1544    1606    1846    2072    2567
    3277    4474    5769    8167   10893   14987   19349   26552   34174   44763
   53562   67658   81695   97533  106140  122460  135084  147336  146897  164428
  154203  157341  142795  140071  126255  117161   97830   88201   72258   61405
   46277   38151   29437   22934   16336   12781    8732    6517    4526    3481
    2615    2062    1513    1456    1259    1196    1074    1070    1008    1076
     999    1035    1038    1084    1030    1044    1093    1152    1046    1176
    1131    1323    1236    1351    1508    1637    1753    2138    2283    2809
    3111    3848    4739    5850    6787    8247    9786   11580   12738   14495
   16138   18049   18119   20229   21100   20906   20191   20106   19160   18337
   16248   15149   13149   11679    9611    8396    7051    5729    4613    3699
    2962    2527    1845    1624    1345    1171     955     892     829     792
     767     792     792     820     780     816     855     875     830     879
     882     905     896     915     972     975     942     965     993     895
     845     965     900     902     830     919     840     844     797     809
     886     855     848     793     773     846     758     816     830     836
     733     801     827     792     764     848     856     861     833     819
     789     905     818     998     815     863     839     877     932     894
     925    1061    1030     982    1027    1048    1111    1135    1093    1194
    1227    1210    1140    1227    1176    1140    1174    1233    1262    1163
    1097    1090    1073     985     929     885     946     911     827     928
     837     866     829     824     779     829     809     809     773     793
     729     784     777     831     725     782     751     812     753     801
     798     874     824     849     905     933     879     953    1051    1228
    1263    1434    1564    1800    1816    2065    2228    2463    2412    2778
    2796    2910    2830    2929    2979    2864    2597    2689    2491    2337
    2157    2018    1810    1713    1508    1406    1303    1176    1070    1025
     953     921     867     882     930     831     804     790     818     832
     789     770     785     818     748     829     833     846     789     776
     743     835     735     787     742     823     750     772     764     820
     717     801     752     813     793     845     782     804     797     816
     841     847     796     848     807     860     804     819     788     827
     852     849     830     837     727     829     779     788     771     785
     764     799     799     787     865     903     801     940     908     996
     976     945     959    1043     966    1064    1031    1058     974    1038
    1043    1006     966    1064     967     970     872     934     871     900
     887     792     860     829     811     781     765     792     751     786
     747     772     658     754     750     743     678     677     745     756
     731     770     786     788     756     765     763     765     756     780
     794     795     823     799     824     835     786     870     862     870
     767     811     866     787     816     819     797     786     833     793
     832     785     764     792     809     786     661     745     753     764
     786     776     781     752     798     778     806     824     737     819
     795     852     802     889     920     857     895     891     940     985
     917     951     960     960     937     962     937     941     933     847
     869     923     875     796     824     836     802     771     768     805
     763     782     769     722     747     699     770     720     680     733
     739     720     709     730     782     745     756     713     742     711
     706     708     687     778     725     701     755     773     655     730
     722     711     659     733     705     733     687     706     675     711
     710     623     686     692     637     682     714     653     683     694
     729     685     676     688     701     663     618     686     654     661
     641     644     712     666     624     719     695     652     650     677
     682     705     653     668     691     665     610     615     676     691
     649     651     680     643     663     683     685     686     646     642
     609     662     596     668     689     666     634     646     678     685
     687     688     702     685     734     751     786     819     795     821
     903     867     873     908     997    1023     968    1018    1008    1022
    1001    1039     997    1080     940     989     932     903     878     933
     827     827     789     785     780     740     661     646     701     674
     635     678     608     616     610     596     674     652     611     594
     637     604     578     615     662     658     601     592     626     619
     583     644     609     575     611     616     616     612     591     564
     593     649     606     617     643     643     617     553     675     689
     654     697     691     714     675     644     702     722     691     703
     722     745     727     694     710     780     750     772     711     786
     748     813     814     807     720     806     764     752     779     827
     811     778     692     812     720     797     727     758     743     704
     662     660     660     628     663     655     626     658     547     560
     600     591     568     587     604     556     552     603     576     569
     585     545     594     620     607     586     625     650     599     624
     663     660     652     717     646     736     628     728     785     821
     748     796     765     833     792     853     789     895     784     864
     826     788     756     816     793     770     691     759     662     678
     693     618     637     648     578     629     581     592     547     570
     551     600     542     561     601     573     501     540     527     565
     511     503     560     566     488     514     517     543     508     493
     458     488     501     492     596     551     492     526     545     518
     564     618     585     582     652     651     704     685     702     733
     735     810     823     902     957     947     959    1014    1047    1053
    1078    1056    1117    1137    1051    1119    1105    1095     967    1038
     975     976     850     858     850     878     765     754     735     703
     643     661     642     617     576     575     502     559     482     481
     519     532     501     484     479     480     455     498     506     449
     457     498     459     472     503     494     480     499     452     481
     468     494     494     480     454     469     493     502     493     527
     501     497     519     499     486     500     497     577     497     528
     553     550     531     501     585     542     540     568     525     574
     570     530     557     584     543     543     569     562     515     514
     542     543     552     484     559     550     514     508     540     520
     441     531     544     498     466     481     484     452     476     474
     488     493     457     422     443     479     448     445     462     449
     423     485     466     437     479     446     485     494     424     459
     446     474     458     466     474     449     446     488     489     476
     516     460     482     520     490     543     569     602     572     573
     602     638     630     720     692     687     713     722     785     820
     740     759     797     835     833     807     810     810     811     764
     777     782     721     752     667     772     654     657     668     609
     589     530     592     576     539     567     477     506     522     497
     492     466     450     432     456     447     437     452     435     446
     416     480     458     432     421     404     466     457     401     408
     395     429     384     384     440     439     426     418     430     421
     448     406     430     441     383     371     399     439     421     425
     445     438     378     443     430     441     429     443     464     412
     433     431     435     464     426     438     474     469     425     424
     458     473     418     467     449     443     441     426     417     435
     398     420     475     442     409     459     445     411     401     372
     391     384     391     404     389     417     372     407     375     393
     398     424     400     404     393     405     422     389     363     411
     407     397     373     398     380     404     353     409     381     395
     375     367     388     398     378     403     390     378     400     408
     403     390     364     431     391     399     425     386     428     404
     352     386     396     407     398     369     409     393     369     390
     384     401     409     424     386     443     381     392     396     411
     433     398     450     449     401     431     432     435     398     411
     456     488     422     449     458     455     452     426     502     440
     415     406     434     440     412     409     463     425     451     469
     415     451     443     413     456     414     389     401     433     416
     431     379     451     417     414     390     424     451     451     435
     423     428     372     434     445     424     442     409     426     434
     423     396     433     390     433     476     426     455     491     432
     432     460     441     440     446     477     454     474     513     463
     442     491     455     496     519     505     494     501     431     519
     515     496     533     536     556     491     534     558     564     573
     519     553     593     674     624     609     652     624     608     633
     684     671     712     683     655     721     722     754     788     794
     827     861     860     856     852     923     966     950     950     973
    1150    1068    1120    1156    1229    1222    1250    1226    1450    1362
    1471    1394    1540    1599    1594    1674    1740    1886    1763    1829
    1911    1940    1876    2042    2084    2117    2029    2106    2218    2253
    2122    2186    2209    2305    2191    2310    2367    2285    2344    2199
    2457    2342    2182    2292    2350    2287    2208    2207    2190    2139
    1994    2102    2152    1953    1921    1888    1931    1863    1823    1814
    1727    1726    1564    1520    1548    1500    1391    1425    1329    1254
    1238    1202    1275    1068    1042    1044    1080     989     913     898
     923     915     804     832     767     778     748     703     737     706
     697     683     617     630     552     607     604     644     645     579
     704     674     634     638     769     799     744     745     814     875
     887     932    1024    1097    1042    1146    1211    1292    1334    1370
    1454    1476    1430    1504    1534    1566    1573    1535    1576    1552
    1463    1529    1523    1510    1474    1294    1470    1382    1243    1271
    1194    1152    1017     932     889     849     786     719     723     692
     628     594     574     535     513     434     448     451     400     349
     375     378     378     373     363     344     361  180186
