$Informacoes da Fluorescencia de Raios-X:
"Sample    : AFR-72",                                                                     
"Operator  : THIAGO",                                                                     
"Comment  : ",                                                                            
"Group     : thiago_acra2010ma",                                                          
"Date       : 2010-06-25 10:56:32",                                                       
"",                                                                                       
"Mesurement Condition",                                                                   
"------------------------------------------------------------------------------------",   
"Instrument : 700HS2   Atmosphere : Vac.   Collimator : 10(mm)   Spin : No",              
"------------------------------------------------------------------------------------",   
"Analyte               TG kV   uA      FI Acq.(keV)  Anal.(keV)  Time(sec)     DT(%)",    
"------------------------------------------------------------------------------------",   
"Na                    Rh 50  334-Auto Al  0 - 20    0.8 - 1.2   Live -  959   21",       
"Channel_info_start",                                                                     
"Channel : Na",                                                                           
"Points : 2048
"Range : 0.000000 - 20.480000",                                                           
"Step : 0.010000",                                                                        
"Channel_info_end",                                                                       
$DATA:
       0    2047
       0       0       0       0       0       0       0       0       0    2048
       0       0       0       0       0       0       0       0       0       0
       0       0       0       0       0       0       0       0       0       0
       0       0       0       0       0       0       0       1       1      12
      88     164     182     198     181     176     142     192     185     175
     173     172     165     214     182     202     197     205     181     215
     209     224     216     212     219     213     213     213     228     219
     216     197     186     190     182     197     202     193     181     178
     209     189     202     186     194     185     170     177     169     184
     160     172     181     211     207     213     229     226     193     248
     213     229     201     196     172     180     159     170     196     193
     220     218     205     212     193     243     219     227     220     187
     196     193     195     204     195     209     219     238     247     292
     291     346     396     445     482     473     491     524     453     401
     367     355     317     366     309     358     379     444     527     703
    1000    1461    1961    2736    3136    4158    4713    5373    5614    5693
    5207    5176    4275    3908    3084    2620    2076    1793    1374    1371
    1166    1303    1608    2100    3069    4918    6910   10411   13576   18495
   21946   26577   29397   32341   31472   32442   28698   26067   20724   17661
   13123   10315    7124    5401    3749    2731    2113    1651    1425    1154
    1016     903     900     853     887     863     886     800     705     768
     651     653     609     570     500     441     397     414     340     364
     340     314     298     303     317     333     337     349     376     405
     499     528     679     900    1071    1267    1514    1844    1992    2310
    2261    2340    2246    2254    1945    1711    1478    1213     963     890
     673     537     522     474     452     473     415     499     484     486
     542     645     790    1025    1215    1749    1971    2641    2878    3601
    3922    4109    4204    4251    4055    3782    3215    2833    2368    1922
    1510    1248     919     839     697     690     663     683     703     730
     713     815     743     804     678     713     678     630     597     524
     494     457     469     450     437     466     439     460     442     481
     453     488     481     533     467     566     505     559     547     559
     566     665     635     705     716     899    1065    1292    1638    2527
    3039    4562    5783    8082   10282   13519   15995   20130   21990   25163
   25739   27521   27281   26574   23867   23090   18512   16203   12389   10112
    7730    5753    4005    3034    2161    1693    1428    1268    1208    1393
    1522    1870    2246    2976    3478    4554    5573    7231    8529   11537
   14121   17757   21029   25899   29691   34786   37210   42436   42539   44850
   41974   41115   37860   34365   28168   24692   19686   15519   11360    8448
    6146    4064    2813    2013    1390    1009     857     835     884    1019
    1115    1470    1758    2250    2592    3212    3749    4392    4656    5507
    5262    5739    5362    5357    4887    4857    4046    3580    3042    2444
    1864    1448    1215     933     729     577     482     419     337     321
     290     322     305     279     277     312     299     324     295     334
     307     381     409     391     477     666     746     971    1337    1696
    2147    2848    3602    4461    5421    6493    7326    8631    9179   10039
    9766   10289    9774    9588    8284    8092    6855    6111    4940    4225
    3532    3081    2295    2019    1600    1407    1206    1156     989     967
     826     822     785     770     702     741     741     810     793     859
     996    1001    1036    1171    1218    1461    1433    1572    1713    1834
    1955    1996    2004    2147    2008    1977    1892    1773    1608    1522
    1310    1244    1070     994     935     836     766     742     661     715
     621     695     644     671     644     708     719     726     724     722
     711     696     720     762     706     771     770     815     765     824
     792     866     793     928     797     910     932     960     932     993
     994    1052     978    1017     955    1010     910     886     931     936
     822     851     792     880     780     807     740     801     861     816
     765     795     756     787     775     835     724     844     766     809
     826     877     910     959     971    1131    1174    1393    1429    1750
    1846    2149    2326    2680    2862    3077    3292    3435    3581    3738
    3589    3711    3316    3257    2994    2891    2522    2354    2076    1901
    1718    1733    1516    1363    1433    1375    1246    1205    1267    1315
    1271    1353    1335    1358    1453    1609    1776    2039    2152    2682
    3540    4594    5829    8195   11053   15046   19472   26211   33477   43327
   52201   65022   77667   92929  100575  115233  127740  137366  138648  153238
  143295  144454  131621  128123  115353  106219   89054   80000   64959   55088
   42392   34793   26993   20594   14790   11479    8082    6006    4230    3466
    2572    2008    1650    1501    1343    1306    1271    1195    1176    1232
    1172    1137    1162    1273    1152    1199    1259    1227    1234    1293
    1354    1357    1444    1435    1613    1773    1902    2215    2450    2839
    3219    4088    4922    5856    6647    8137    9550   11125   12110   13876
   15388   16920   17907   18943   19540   19824   18634   18531   17934   17035
   14901   13754   11996   11018    8936    7877    6553    5521    4255    3567
    3006    2463    1827    1737    1520    1273    1179    1094    1027    1048
     977     948     934     963     927    1068    1099    1028     984    1023
    1009    1085    1096    1067    1096    1206    1050    1127    1116    1182
    1103    1108    1035    1108     977    1012     986    1056     967     977
     949     997     986    1012     991    1054     949     984    1037    1031
    1025    1064    1028    1061    1028    1055     999    1042     974    1042
    1046    1061     995    1095    1047    1135    1016    1062    1104    1079
    1090    1161    1158    1257    1154    1191    1214    1308    1348    1437
    1422    1393    1360    1352    1403    1413    1352    1420    1339    1424
    1246    1294    1218    1181    1169    1097    1113    1124     971    1008
    1068     989     991     953    1011     974     941     907    1006    1005
     890    1011     948     993     925    1009     937     934     821     985
     931    1018     979     984    1035    1084    1079    1248    1263    1348
    1388    1580    1819    1939    2048    2308    2430    2609    2709    2847
    2931    3172    3068    3032    3067    2957    2793    2719    2618    2590
    2229    2081    1990    1862    1635    1495    1391    1334    1276    1147
    1147    1030    1016    1046    1020     975     945     954     952     950
     903     960     992     941     914     955     952     925     887     948
     940     929     868     901     919     902     936     940     924     935
     859     959     903     975     953     971     919     927     925     932
     931    1048     974     979     996     935     915     991    1000     999
     917     946     902     931     931     891     881     938     867     904
     954     856     942     987     989    1008     931     999    1106    1085
    1060    1093    1139    1176    1125    1161    1187    1215    1158    1077
    1179    1164    1106    1132    1129    1042    1078    1096    1055    1132
     984     983     918     960     898     928     955     960     891     948
     944     812     855     889     874     937     844     856     849     848
     875     839     901     904     810     899     918     872     859     873
     823     904     946     935     899     919     899     936     936     980
     929     923     974     906     940     869     921     957     874     968
     929     934     886     835     918     920     882     860     909     904
     874     931     857     963     870     875     966     957     910     980
     974     934     904     906    1046     963    1057    1016     983    1037
    1036    1064    1045    1123    1046    1064    1121    1043    1025    1046
    1071    1064     919     976     976     965     889     906     918     949
     861     858     893     881     882     853     848     924     903     904
     929     915     858     838     906     869     850     887     846     945
     836     858     835     919     853     924     843     859     795     892
     858     821     753     903     839     895     800     868     835     844
     831     873     775     903     810     808     838     951     851     763
     868     892     787     859     856     831     771     838     806     847
     748     789     788     833     750     876     889     853     836     802
     829     807     776     830     781     813     848     796     806     825
     772     814     782     821     768     784     765     784     793     721
     755     785     760     776     755     746     733     830     825     797
     781     824     831     882     810     853     806     903     855     898
     897     936     927     953    1013    1027     958     920     989    1037
     978    1050    1068     996     932     933     951     906     869     970
     892     880     874     852     881     830     781     783     800     771
     674     756     726     832     731     745     768     728     716     738
     807     797     760     736     774     736     802     739     821     787
     785     685     807     806     722     749     766     746     712     793
     743     765     760     750     742     821     800     745     817     780
     738     858     825     831     787     868     869     867     824     875
     875     955     815     876     884     874     839     869     868     852
     848     873     899     902     891     877     865     960     853     908
     933     960     818     830     916     893     856     859     742     823
     790     821     829     766     749     749     723     742     774     702
     725     723     699     696     703     719     677     739     658     740
     669     679     728     754     694     725     754     778     739     778
     818     806     810     818     858     855     806     840     857     911
     875     893     912     936     914     911     932     918     911     915
     933     918     855     934     842     869     760     853     787     838
     784     812     736     734     719     755     689     699     660     732
     671     688     623     635     688     722     618     654     704     651
     675     660     627     732     640     631     681     737     604     645
     629     658     615     658     643     679     632     655     679     691
     648     668     715     705     728     704     774     810     764     841
     940     911     883     946     970     988     943    1010    1064    1104
    1023    1077    1122    1158    1062    1095    1096    1128    1035    1105
    1001     948     910     920     880     835     789     729     782     728
     732     730     688     697     626     670     648     640     622     620
     660     575     624     623     588     593     539     571     609     588
     680     609     604     573     577     647     618     569     580     593
     580     640     572     632     593     661     578     631     639     632
     571     559     696     640     619     579     620     691     614     615
     686     662     624     652     668     683     638     662     665     699
     672     660     670     647     615     609     648     713     670     602
     613     654     612     585     664     643     576     560     623     638
     606     576     562     623     569     581     589     623     566     570
     613     581     595     556     590     534     561     555     534     597
     547     579     546     552     566     511     589     526     558     546
     575     585     551     571     562     570     545     594     596     635
     566     624     605     607     595     613     681     666     654     643
     707     743     662     737     750     814     759     824     855     876
     859     929     857     932     876     974     881     885     924     847
     893     890     840     792     813     790     734     680     728     660
     664     653     635     669     603     630     597     602     569     568
     545     554     542     538     575     550     454     578     556     550
     526     559     517     552     522     547     511     505     528     534
     588     517     485     526     551     508     459     515     561     504
     507     504     554     567     444     515     562     488     493     527
     536     535     499     534     527     567     513     539     558     509
     577     564     530     541     551     530     549     541     537     509
     519     522     546     554     570     576     503     567     474     555
     513     505     515     508     475     520     521     502     499     474
     513     509     486     439     477     508     473     487     470     470
     451     477     510     488     466     490     534     426     443     449
     491     460     505     474     520     494     457     470     461     516
     479     496     502     550     468     498     515     442     482     471
     533     521     484     469     516     505     477     437     507     510
     464     456     515     518     487     513     495     487     486     468
     474     519     457     520     500     451     503     518     503     471
     512     538     536     525     494     512     549     571     533     527
     545     529     539     524     527     578     530     511     541     528
     487     550     554     541     509     491     570     559     554     509
     554     530     539     522     510     532     495     525     545     498
     538     486     560     563     501     488     539     560     509     510
     550     541     597     560     528     535     536     512     547     549
     499     527     544     549     539     559     597     573     525     572
     602     562     559     551     601     612     534     568     584     568
     581     558     614     632     590     571     653     645     645     607
     621     644     622     660     677     697     638     689     721     731
     672     757     741     749     758     745     813     776     817     808
     864     813     868     883     870     970     928     999    1046    1008
     986    1074    1135    1169    1142    1225    1306    1312    1234    1346
    1386    1528    1402    1556    1591    1735    1766    1664    1890    1826
    1849    1948    2029    2053    2177    2215    2233    2397    2343    2291
    2421    2501    2476    2635    2709    2717    2763    2719    2815    2895
    2872    2815    3036    2916    2900    2888    3042    2933    2906    2836
    3200    2909    2811    2973    2831    2966    2739    2824    2797    2746
    2635    2677    2535    2577    2466    2374    2428    2435    2276    2160
    2267    2201    2091    1941    1997    1922    1752    1728    1784    1621
    1505    1467    1563    1484    1399    1333    1350    1314    1146    1146
    1147    1184    1013    1006    1005     999     895     859     895     884
     863     791     789     804     779     736     826     834     757     772
     781     857     797     823     943     941     955     968     926    1180
    1033    1154    1235    1314    1273    1353    1459    1445    1511    1611
    1650    1775    1692    1686    1827    1889    1842    1862    1880    1799
    1859    1754    1827    1818    1691    1659    1692    1566    1458    1370
    1411    1346    1238    1120    1145    1052     967     927     848     797
     733     688     706     581     555     575     532     576     430     498
     474     458     417     417     415     417     426  229179
